0
0
0
0
0
0
0
0
0
0
0.119355
0
0
0.0103841
0
0
0
0
0
0
0
0
0.000536347
0.17342
0
0.538373
0
0
0
0
0
0
0
0.105323
0
0
0
0
0
0
0
0
0
0
0
0.0215863
0
0
0
0
0
0
0
0.000230412
0.00459209
0
0
0
0
0
0
0
0
0
0
0
0
0.000710784
0.116584
0
0
0
0
0
0
0
0
0
0
0
0
0
0.0252222
0
0.000432316
0
0.00708061
0
0
0
0
0.0714386
0
0
0
0
0
0
0
0.0058732
0
0.310558
0
0
1.20959
0
0
0
0
0.0813371
0
0
0.252749
0
0
0
0
0.354184
0
0.00708281
0
0
0
0
0.237089
0
0
0
0
0.00290633
0
0
0
0
0
0
0
0.219875
0.115788
0
0
0
0.0514321
0
0
0
0
0.0213541
0
0.169238
0.136898
0
0
0
0.0160069
0
0
0
0.206714
0
0
0
0.165039
0
0
0
0
0.269336
0.323289
0
0
0.000566574
0
0
0.000341888
0
0
0
0
0.00368365
0
0
0
0
0
0
0
0
0.00993543
0
0
0
0
0
0.256262
0
0
0
0
0
0.00122517
0
0.211441
0
0.0075102
0
0
0.0157379
0
0
0.297049
0
0
0
0
0
0
0
0
0
0
0
0
0
0
0
0.000447039
0.180928
0.655122
0
0
0
0
0
0
0
0.0408861
0.0380204
0.00187956
0
0
0
0
0.00762825
0
0
0
0.000733182
0
0
0
0
0
0
0
0
0
0
0
0
0
0
0
0
0.0174488
0
0
0.0922987
0
0
0.00917073
0.00122985
0
0
0.00296939
0
0.000647907
0
0
0
0.0102812
0
0
0
0
0
0
0
0.0236095
0
0
0
0
0
0
0
0
0
0
0
0.282841
0
0
1.31456
0
0
0
0
0.00531327
0
0
0
0
0.0227207
0.135607
0
0.0654737
0
0.000359222
0
0
0.00352652
0.000864445
0
0
0
0
0
0
0.00304257
0
0
0
0
0
0
0
0.503387
0.190777
0
0
0
0.096324
0
0
0
0.229994
0.137047
0
0
0.263738
0
0
0
0
0
0.178531
0.00105952
0
0
0
0
0
0
0.0838366
0
0
0
0
0.183678
0.14817
0
0
0
0
0
0
0.0438687
0
0
0
0.00755361
0.00799602
0
0
0
0
0
0
0
0
0
0
0
0.0116223
0
0
0
0
0
0
0
0
0
0
0
0
0.0871697
0
0.224876
0
0
0
0
0
0
0
0.0612062
0
0
0
0
0
0
0
0
0
0
0
0
0
0
0
0
0
0
0
0
0
0
0
0
0
0
0
0
0
0
0
0
0
0.00075283
0.00663315
0
0
0
0
0
0
0
0
0
0
0
0
0
0.0162343
0
6.9152e-05
0
0.0244677
0
0
0
0
0.0141681
0
0
0
0
0
0
0
0
0
0.160539
0
0
0.556201
0.00129837
0
0
0
0
0
0
0.116213
0
0
0
0
0.175042
0
0.00385244
0
0
0
0
0.135107
0
0
0
0
0
0
0
0
0
0
0
0
0.0843947
0.0477842
0
0
0
0
0
0
0
0
0.00932923
0
0.0975387
0.0403268
0
0
0
0.0119963
0
0
0
0.100646
0
0
0
0.0950043
0
0
0
0
0.157058
0.19628
0
0
0.00517246
0
0
0.00202274
0
0
0
0
0
0
0
0
0
0
0
0
0
0.0119297
0
0
0
0
0
0.206454
0
0
0
0
0
0
0
0.0604952
0
0.000666949
0
0
0.0101824
0
0
0.195776
0
0
0
0
0
0
0
0
0
0.0012323
0
0.00105996
0
0
0
0
0.164522
0.1702
0
0
0
0
0
0
0
0
0.0575668
0.013139
0
0
0
0
0.00459799
0
0
0.0025629
0
0
0
0
0
0.000904902
0
0
0
0
0
0
0
0
0
0
0
0
0
0
0.0291467
0
0
0.0192294
0
0
0
0
0
0.00569171
0
0
0
0.00555666
0
0
0.00297738
0
0
0
0
0
0
0
0
0
0
0
0
0
0
0
0
0.19137
0
0
0.651189
0
0
0
0
0.00324789
0
0
0
0.000562274
0
0.0612694
0
0.0432748
0
0
0
0
0
0
0
0
0
0
0
0
0.00425666
0
0
0
0
0
0
0
0.232072
0.112022
0
0
0
0.00586664
0
0
0
0.0621407
0.106129
0
0
0.117915
0
0
0
0
0
0.0652577
0
0.000896508
0
0
0
0
0
0.00545597
0
0
0
0
0.163338
0.0442218
0
0
0
0
0
0
0
0
0
0
0.00443711
0.0193717
0
0
0
0
0
0
0
0
0
0.00102774
0
0.0034549
0
0
0
0
0
0
0
0
0
0
0
0
0.0167963
0
0.0221329
0.00434079
0
0
0
0
0
0
0.00314694
0
0
0
0
0
0
0
0
0
0
0
0
0
0
0
0
0
0
0
0
0
0
0
0
0
0
0
0
0
0
0
0
0
0.00043541
0
0
0
0.00114289
0
0
0
0
0
0
0
0
0
0
0.00787342
0
2.39753e-05
0
0.014232
0
0
0
0
0.00136398
0
0
0
0
0
0
0
0
0
0.0296989
0
0
0.0376398
0.00142937
0
0
0
0
0
0
0
0
0
0
0
0.0230548
0
0
0
0
0
0
0.0340066
0
0
0
0
0
0
0
0
0
0
0
0
0
0.00463429
0
0
0
0
0
0
0
0
0.00271134
0
0.0120436
0.00953181
0
0
0
0.003822
0
0
0
0.0320688
0
0
0
0.00171786
0
0
0
0
0.0460136
0.0302775
0
0
0.0106225
0
0
0.000642288
0
0
0
0
0
0
0
0
0
0
0
0
0
0.00685689
0
0
0
0
0
0.0195217
0
0
0
0
0
0
0
0.0066621
0
0
0
0
0.00130281
0
0
0.0403949
0
0
0
0
8.18073e-05
0
0
0
0
0.00262329
0
0.000525056
0
0
0
0
0.051449
0.000413327
0.000208608
0
0
0
0
0
0
0
0.0211138
0.00608984
0
0.00609972
0
0
0.00099227
0
0
0
0
0
0
0
0
0
0
0
0
0
0
0
0
0
0
0
0
0
0
0
0.00637599
0
0
0.00283163
0
0
0
0
0
0.00336732
0
0
0
0
0
0
0.000687514
0
0
0
0
0
0
0
0
0
0
0.000561261
0
0
0
0
0
0.013558
0
0
0.0757241
0
0
0
0
0.0112485
0
0
0
0.000951195
0
0.0257921
0
0.00688335
0
0
0
0
5.52829e-05
0.00169133
0
0.000649548
0
0
0
0
0.00189833
0
0
0
0
0
0
0
0.0334315
0.00225502
0
0
0
0.000268454
0
0
0
0
0.0281671
0
0
0.0112054
0
0
0
0
0
0.00655861
0
0.00197196
0
0
0
0
0
0
0
0
0
0
0.0388944
0.00365047
0
0
0
0
0
0
0.00361647
0
0
0
0.000746099
0.0143592
0
0
0
0
0
0
0
0
0
0
0
0
0
0
0
0
0
0
0
0
0
0
0
0
0.0012528
0
0.00400945
0.00177109
0
0
0
0
0
0
0.000231121
0
3.07533e-06
0
0
0
0
0
0
0
0
0
0
0
0
0
0
0
0
0
0
0.00036395
0
0
0
0
0
0
0
5.47715e-05
0
0
0
0
9.35907e-06
0
0
0
0.000533131
0
0.00022649
0.00031005
0
0.000190496
0
0
0
0
0
0.000524448
0
0.000116761
0
0.000498648
0
0
0
0
0
0
0
0
0
6.97369e-05
0
0
0
0
0.00315434
0
0
0.00292942
0.000370051
0
0
0
0
0
0
0
0
0
0
0
0
0
0
0.000136705
0
0
0
0.000756532
0
0
0
0.000294069
0
0
9.0429e-05
0
0
0
0
0
0
0
0
0
0
0
3.46227e-06
0
0
0
0
0
0.00016141
0.0110916
0
0
0
0
0
0
0
0
0
0
0
0
0
0
0
0
0.00845268
0
0
0
0.00167682
0.000318349
0
0
0
9.59701e-05
0
0
0
0
0
0
0
0.000132866
0
0
0
0.000316917
0
0
0
0
0
0
0
0
0
0
0
0.00316109
0
0
0
0
0
0
0
0
0
0.00638381
0
0
0
0
7.40853e-05
0
0
0
0
7.01745e-06
0
0
0
0
0
0
0.0148519
0
0.000111521
0
0
0
0
0
0
0
0.000143134
0
0
0.000991462
0
0
0.00035175
0
5.14137e-05
0
0
0
0
0
0
0
0
0
0
0
0
0
0
0
0
0.000220759
0
0
0
0
0.00294031
0
0
0.000343372
0
0.000608937
0
0.000628149
5.18632e-06
0
0
0
0
0
0
0
8.16553e-06
0
0
0
0
0
0
0
0
0
0
0.000342326
0
0
0
0
0
0.00229006
0
0
0.00175408
0
0
0
0
0.000126406
0
0
0
0.00212414
4.96999e-05
0.00261577
0
0.000667144
0
0
0
0
9.88372e-05
0.00036172
0
0.00160712
0
0
0
0
0.00133194
0
0
0
0
0
0
0
0.00421234
5.36357e-05
0
0
0
0
0
0
0
0
0.00553393
0.000567219
0
0.00212447
0
0
0
0
0
0.000177777
0
0
0
0
0
0
0
0
0
0
0
0
0
0
0
0
0
0
0
1.23543e-05
0
0
0
0
0
0.000247979
0
0
5.39865e-07
3.72937e-07
0
0
0
0
0
0
0
4.33455e-06
0
0
1.37084e-06
0
0
0
0
0
0
0
0
8.21474e-06
0
0
0
0
0
0
0
0
0
0
1.29686e-06
0
9.14324e-06
0
0
0
0
0
0
0
0
0
0
0
0
0
0
0
0
0
0
0.000359799
0
0
0
0
0
0
0
4.09301e-05
0
0
0
0
2.15232e-06
0
9.54921e-07
0
0
0
0
0.000328321
0
0.000164687
0
0
0
0
0
4.38943e-05
0
2.77368e-05
0
0
0
0
0
0
0
8.09726e-05
0
2.12376e-07
0
0
0
0
0
0
0
0
0
2.43537e-06
2.23953e-05
0
0
0
0
3.2611e-08
0
0
0
0
0
0
0
0
0
9.53136e-06
0
0
0
1.49914e-05
0
0
0
0.00032946
0
0
6.70633e-05
0
0
0
0
0
0
0
0
0
0
1.89768e-05
0
0
0
0
6.03462e-06
0
0
0.000899237
0
0
0
0
0
0
5.26231e-07
0
0
0
0
0
0
0
0
0
0.000526569
3.20232e-06
0
0
7.18101e-05
0.000243001
0
0
0
2.50665e-05
0
0
0
0
0
0
0
9.35295e-05
0
0
0
3.08829e-07
0
0
0
0
0
2.49433e-06
0
0
0
0
1.54671e-07
0.000620421
0
0
0
0
0
0
0
0
0
0.000365365
0
0
0
0
0
0
0
0
0
4.75208e-06
0
0
0
0
4.29015e-06
0
0.000666419
2.60183e-06
2.78828e-05
0
0
0
0
0
2.71968e-06
0
0
0
0
8.21384e-05
0
0
4.93833e-05
0
0
0
0
0
0
1.71575e-06
0
0
2.83939e-06
0
0
0
0
0
0
0
0
3.09686e-05
0
0
0
3.39019e-08
0
0
0
0
0
0.000570371
0
4.40648e-05
3.05957e-06
3.74587e-06
0
0
0
1.00594e-06
0
0
5.24382e-06
0
0
0
0
0
0
0
0
0
0
1.1023e-06
0
0
0
0
0
3.12895e-07
0
1.71936e-06
0
0
0
6.80355e-07
0
1.61272e-06
0
0
0
1.86982e-06
5.65378e-06
0
0
0
0
3.36168e-06
0
9.70837e-07
3.31793e-07
7.85656e-05
0
0.00011485
0
0
0
0
0.000307204
1.56189e-07
0
0
0
0
0
0
0.000310279
1.89156e-05
0
0
0
0
0
0
0
9.98993e-07
0.000633255
0.000141676
0
2.37903e-05
0
2.10291e-07
0
0
3.8305e-05
0
6.38906e-08
0
0
1.22185e-05
0
0
0
0
8.42116e-07
1.68569e-06
0
0
0
1.23905e-05
0
0
0
0
3.03201e-06
6.28226e-06
0
0
0
0
0
1.94089e-06
0
0
3.29099e-07
1.92767e-07
0
1.68336e-06
0
0
0
0
0
2.45416e-07
0
5.40956e-09
1.09338e-06
0
0
0
0
0
0
0
0
0
0
0
0
0
0
0
0
4.46231e-08
0
0
6.82415e-07
0
6.79045e-07
0
0
0
0
0
0
0
0
0
0
0
0
0
0
0
0
0
0
1.07681e-06
0
0
0
0
0
0
0
1.68224e-07
0
0
0
0
0
0
5.60635e-07
0
0
0
0
1.89143e-06
0
0
0
0
0
0
0
0
0
0
0
0
0
0
0
0
0
0
0
1.19601e-07
0
0
0
0
0
0
0
0
0
1.40849e-06
4.97719e-07
0
0
0
0
1.84016e-08
0
0
0
0
0
0
0
0
0
7.69938e-08
0
0
0
0
0
0
0
6.3681e-07
0
0
0
0
0
0
0
0
0
0
0
0
0
9.1875e-06
0
0
1.86191e-08
0
0
0
0
2.05801e-06
0
0
0
0
0
0
2.77205e-07
0
0
0
0
0
0
0
0
0
1.92003e-08
1.88947e-06
0
0
1.61474e-06
1.12358e-06
0
0
0
2.72143e-07
0
0
0
0
0
0
0
2.36698e-06
0
0
0
1.86024e-07
0
0
0
0
0
1.04074e-07
0
0
0
1.27946e-07
6.74048e-08
1.40569e-06
0
0
0
0
0
0
0
0
0
7.04202e-06
0
0
2.76774e-10
0
0
0
0
0
0
0
0
0
0
0
2.64173e-06
0
3.61871e-06
1.64754e-06
0
0
0
0
0
0
1.6872e-06
0
0
0
0
0
0
0
7.82008e-08
0
0
0
0
0
0
1.06993e-06
0
0
1.59073e-06
0
0
0
0
0
0
0
0
0
0
0
0
1.86282e-08
0
0
0
0
0
3.25177e-06
0
0
0
2.11198e-06
0
0
0
5.22095e-07
0
0
0
0
0
0
0
0
0
0
0
0
0
7.04955e-07
0
0
0
0
0
2.03498e-07
0
1.09936e-06
0
0
0
4.40019e-07
0
1.24866e-06
0
0
0
1.08696e-06
1.51566e-06
0
0
0
0
1.88813e-06
0
5.45312e-07
0
2.88408e-07
0
0
0
0
0
0
4.5269e-06
9.42532e-08
0
0
0
0
0
0
3.84898e-07
0
0
0
0
0
0
0
0
7.56662e-07
0
1.37357e-06
0
1.11119e-07
0
1.08958e-07
0
0
1.30188e-06
1.28014e-06
3.1943e-08
0
0
9.21635e-06
0
0
0
0
8.78839e-09
0
0
0
0
1.65087e-06
0
0
0
0
1.42885e-06
0
0
0
0
0
0
7.48122e-07
0
0
0
0
0
0
0
0
0
0
0
0
0
0
0
0
0
0
0
0
0
0
0
0
0
0
0
0
0
0
0
0
0
0
0
0
0
0
0
0
0
0
0
0
0
0
0
0
0
0
0
0
0
0
0
0
0
0
0
0
0
0
0
0
0
0
0
0
0
0
0
0
0
0
0
0
0
0
0
0
0
0
0
0
0
0
0
0
0
0
0
0
0
0
0
0
0
0
0
0
0
0
0
0
0
0
0
0
0
0
0
0
0
0
0
0
0
0
0
0
0
0
0
0
0
0
0
0
0
0
0
0
0
0
0
0
0
0
0
0
0
0
0
0
0
0
0
0
0
0
0
0
0
0
0
0
0
0
0
0
0
0
0
0
0
0
0
0
0
0
0
0
0
0
0
0
0
0
0
0
0
0
0
0
0
0
0
0
0
0
0
0
0
0
0
0
0
0
0
0
0
0
0
0
0
0
0
0
0
0
0
0
0
0
0
0
0
0
0
0
0
0
0
0
0
0
0
0
0
0
0
0
0
0
0
0
0
0
0
0
0
0
0
0
0
0
0
0
0
0
0
0
0
0
0
0
0
0
0
0
0
0
0
0
0
0
0
0
0
0
0
0
0
0
0
0
0
0
0
0
0
0
0
0
0
0
0
0
0
0
0
0
0
0
0
0
0
0
0
0
0
0
0
0
0
0
0
0
0
0
0
0
0
0
0
0
0
0
0
0
0
0
0
0
0
0
0
0
0
0
0
0
0
0
0
0
0
0
0
0
0
0
0
0
0
0
0
0
0
0
0
0
0
0
0
0
0
0
0
0
0
0
0
0
0
0
0
0
0
0
0
0
0
0
0
0
0
0
0
0
0
0
0
0
0
0
0
0
0
0
0
0
0
0.0165589
0
0.0918044
0
0
0.00920591
0
0
0
0
0
0
0
0
0
0.0962329
0
0.313413
0.0406402
0.00192271
0
0
0
0
0
0.0673049
0
0.0596235
0
0
0
0
0
0
0
0
0
0.0139666
0
0
0
0
0
0
0
0
0
0
0
0
0
0
0
0
0
0
0
0
0
0
0.125457
0
0
0
0
0
0
0
0
0
0
0
0
0
0.0065241
0
0.00229351
0
0.0476741
0
0
0
0
0.00798691
0
0
0.0166973
0
0
0
0
0
0
0.287185
0
0
0.911095
0
0
0
0.00870695
0.0407104
0
0
0.16809
0
0
0
0
0.196815
0
0.00561844
0
0
0
0
0.13823
0
0
0
0
0
0
0
0
0
0
0
0
0.0571711
0.143193
0
0
0
0.0412198
0
0
0
0
0
0
0.10955
0.0791132
0
0
0
0.00881099
0
0
0
0.163459
0
0
0
0
0
0
0
0
0.113361
0.144005
0
0
0.0115061
0
0
0.000412207
0
0
0
0
0
0
0
0
0
0
0
0
0
0.066331
0
0
0
0
0
0.118479
0
0.0116853
0.00226326
0
0
0
0
0.149953
0
0.0047975
0.00169255
0
0.0691747
0
0
0.305855
0
0
0
0
0.00729885
0
0
0
0
0
0
0.0221593
0
0
0.0296021
0.0352162
0.0805643
0.418249
0
0
0
0
0
0
0
0.0249959
0.00170499
0
0
0.0027189
0
0
0.00032688
0
0
0
0
0
0
0
0
0
0
0
0
0
0
0
0
0.000951534
0
0
0
0.033793
0
0
0.268211
0
0
0.034247
0
0
0
0
0
0
0
0
0
0.000998815
0
0
0
0
0
0
0
0
0
0
0
0
0
0.00764604
0
0
0
0
0
0.314004
0
0
0.406048
0
0
0
0
0.10124
0
0
0
0
0.00288889
0.122403
0
0.127683
0
0
0
0
0.00167803
0.00233183
0
0
0
0
0
0
0.0109207
0
0
0
0
0
0
0
0.268296
0.178085
0
0
0
0.0147486
0
0
0
0.156474
0.291369
0
0
0.130719
0
0
0
0
0
0
0
0
0
0
0.0065846
0
0
0.0694525
0
0
0
0
0.0707645
0.114373
0
0
0
0
0
0
0.0564083
0
0.00025015
0
0
0
0
0
0
0
0
0
0
0
0
0
0
0.0060985
0
0
0
0
0
0
0
0
0
0
0
0
0.094721
0
0.150158
0.00953493
0
0
0
0
0
0
0.0301881
0
0.0130852
0
0
0
0
0
0
0
0
0
0
0
0
0
0
0
0
0
0
0
0
0
0
0
0
0
0
0
0
0
0
0
0.000632279
0.00223764
0
0
0
0
0
0
0
0
0
0
0
0
0
8.15359e-05
0
0.00745941
0
0.0317543
0
0
0
0
0
0
0
0.00856712
0
0
0
0
0
0
0.145785
0
0
0.391046
0
0
0
0.00125304
0
0
0
0.0823247
0
0
0
0
0.100756
0
0.0015985
0
0
0
0
0.0477363
0
0
0
0
0
0
0
0
0
0
0
0
0.01748
0.145336
0
0
0
0
0
0
0
0
0.000645544
0
0.0556678
0.0284749
0
0
0
0.00354569
0
0
0.000808328
0.0243481
0
0
0
0
0
0
0
0
0.0635468
0.084278
0
0
0.0217738
0
0
0.00105253
0
0
0
0
0
0
0
0
0
0
0
0
0
0.0325474
0
0
0
0
0
0.0969561
0
0.0030525
0
0
0
0
0
0.0509456
0
0
0.00214903
0
0.0365502
0
0
0.201744
0
0
0
0
0.00230291
0
0
0
0
0
0
0.00759402
0
0
0.00683353
0.00321842
0.0548449
0.0888525
0
0
0
0
0
0
0
0
0.000634028
0
0
0.0121958
0
0
0
0
0
0
0
0
0
0
0
0
0
0
0.00469755
0
0
0
0
0
0
0
0
0.0218052
0
0
0.172971
0
0
0.039298
0
0
0
0
0
0
0
0
0
0.00049722
0
0
0.00120616
0
0
0
0
0
0
0
0
0
0
0.00487213
0
0
0
0
0
0.237117
0
0
0.195546
0
0
0
0
0.0450924
0
0
0
0.00463188
0.01876
0.0652457
0
0.0539584
0
0
0
0
0.000793764
0.000766354
0
0
0
0
0
0
0.00526062
0
0
0
0
0
0
0
0.115231
0.0726566
0
0
0
0
0
0
0
0.0531393
0.220108
0
0
0.0557871
0
0
0
0
0
0
0
0
0
0
0
0
0
0.00401257
0
0
0
0
0.0367582
0.0514225
0
0
0
0
0
0
0
0
0
0
0
0.00833986
0
0
0
0
0
0
0
0
0
0.00148551
0
0
0
0
0
0
0
0
0
0
0
0
0
0
0.0257237
0
0.0400061
0.0257087
0
0.00366294
0
0
0
0
0
0
0.00810037
0
0
0
0
0
0
0
0
0
0
0
0
0
0
0
0
0
0
0
0
0
0
0
0
0
0
0
0
0.000242897
0
0
0.00041282
0
0
0
0.00100441
0
0.00258096
0
0
0
0
0
0
0
0
0.000254657
0
0
0
0.0195881
0
0
0
0
0
0
0
0.00124944
0
0
0
0.000125927
0
0
0.0192829
0
0
0.0338267
0.00219951
0
0
0
0
0
0
0
0
0
0
0.00074237
0.00569279
0
0.000356591
0
0
0
0
0.017042
0
0
0
0
0
0
0
0
0
0
0
0
0
0.00777021
0
0
0
0
0
0
0
0
0.00251653
0
0.00939903
0.0206727
0
0
0
0.00139497
0
0
0.00469161
0.000215927
0
0
0
0
0
0
0
0
0.0358363
0.00708029
0
0
0.0136639
0
0
0.000188406
0
0.000645027
0
0
0
0
0
0
0
0
0
0
0
0.0216317
0.00046946
0
0
0
0
0.00577314
0
0.00179323
0.000273758
0
0
0.000998877
0
0.00303224
0
0
0.00150099
0
0.00180477
0
0
0.0455071
0
0
0
0
0.00113138
0
0
0
0
0
0
0.00600829
0
0
0.0105094
0.00350058
0.035718
0
0.00474937
0
0
0
0
0
0
0
0
0
0
0.0248698
0
0
0.0022912
0
0
0
0
0
0
0
0
0
0
0
0
0
0
0
0
0
0
0
0
0
0
0
0.0414784
0
0
0.0172049
0
0
0
0
0
0
0
0
0
0
0
0
0.00042076
0
0
0
0
0
0
0
0
0
0
0.00726967
0
0
0
0
0
0.0240981
0
0
0.0223734
0
0
0
0.000500848
0.0220029
0
0
0
0.0108625
0.0086732
0.00276547
0
0
0
0
0
0
0
0.00320196
0
0
0
0
0
0
0.000600706
0
0
0
0
0.000128084
0
0
0.0113356
0
0
0
0
0
0
0
0
0
0.0287391
0
0
0.013386
0
0
0
0
0
0
0
0
0
0
0
8.95593e-05
0
0
0
0
0
0
0.00307547
0
0
0
0
0
0
0
0.00422178
0
0
0
0
0.00668741
0
0
0
0
0
0
0
0
0
0
0
0
0
0
0
0
0
0
0
0
0
0
0
0
0.0156554
0
0.0139025
0.00378302
0
0.00661636
0
0
0
0
0
0
0
0
0
0
0
0
0
0
0
0
0
0
0
0
0
0
0
0
0
0
0
0
0
0
0
0
0
0.000566024
0
0
0
0
0.00072978
0
4.85864e-05
0
0.000474483
0
0.00624693
0.00239314
0
0
0
0
0
5.89295e-05
0
0
0
2.17655e-05
0
0.000651648
0
0
0
0
0
0.00083995
0
0.000319387
0
8.45137e-07
0
0
0
0
0
0
0
0.000980327
0.000135365
0
0
0
0
0
0
0
0
0
0
0.00295566
0
0
0
0
0
0
0
0.00156888
0
0
0
0.00314761
0
0
0
0
0
0
0
0
0
0
0
0
0
0
0
0
0
0
0.000498637
0
2.52995e-08
0.0167691
0
0
0
0
0
0
0.00179099
0
0
0
0
0
0
0
0
0
0.0123612
0
0
0
0.00307443
0.00139101
0
0
0
0.00263376
0
0
0
0
0.00146314
0
0
0
0
0
0
0.00509793
0.000274527
0
0
0
0
0
0
0
0
0
0
0.0011464
0
0
0
0
0
0
2.68006e-05
0
0
0.0119069
0
0
0
0
0.000200722
0
0
0
0
0
0
0.000604974
0
0
0
0
0.0253006
0
0.00258918
0
0
0
0
0
0.000706511
0
0
0
0
0.00202209
0
0
0.00178629
0
0
0
0
0
0
0
0
0
0.000420184
0
0
0
0
0
0
0
0
0
0
0
0
0
0.0268894
0
0
0.00443167
0
4.82894e-05
0
0
0.00030598
0
0
0
0
0
0
0
0
0
0
0
0
0
0
0
0
0
0
0.00666796
0
0
0
0
0
0.00170618
0
0
0.0082221
0
0
0
0
0.00125344
0
0
0
0.0120537
0.00102688
5.01534e-05
0
0
0
0
0
0.000269845
0.000136204
0.000488534
0
0
0
0
0
0
0.000713881
0
0
7.35532e-05
0
7.08241e-05
0
0
0.00326802
0
0
0
0
0
0
0
0
0
0.00508908
0
0
0.00591944
0
0
0
0
0
0
0
0
0
0
0
3.74943e-05
0
0
0
0
0
0
0
0
0
0
0
0
0
0
0
0
0
0
0
0.000131686
0
0
0
0
0
0
0
0
0
0
0
0
0
0
0
0
0
0
0
0
0
0
0
1.27504e-06
0.000656553
0
0.00033458
0
0
1.20058e-05
0
0
0
0
0
0
0
0
0
0
0
0
0
0
0
0
0
0
0
0
0
0
0
0
0
8.01874e-07
0
0
0
0
0
0
0
0.000147762
0
0
0
0
4.33658e-05
0
3.7088e-05
0
0
0
0.000536283
0.000865203
0
0
0
4.52132e-05
0
2.98124e-05
0
0
0
1.09547e-05
0
0
0
0
0
0
0
0.000480833
0
0
0
0
0
0
0
0
0
0
0
1.45021e-07
5.22116e-05
0
0
0
0
0
0
0
0
0
0
0.00027427
0
0
0
0
0
0
0
1.1117e-05
0
0
0
0.000944809
0
0
0
0
0
0
0
0
0
0
0
0
0
9.70899e-06
0
0
0
0
6.29459e-05
0
0
0.00160047
0
0
0
0
0
0
2.52919e-08
0
0
0
0
0
0
0
0
0
0.000922024
1.09129e-06
0
0
0.000103723
0.000541359
0
0
0
0.000416295
0
0
0
0
0.000273891
0
0
7.39619e-06
0
0
0
0.000116659
0
0
0
0
0
0
0
0
0
0
0
0.00011425
0
0
0
0
0
0
2.25456e-05
0
0
0.000771401
0
0
0
0
1.85648e-07
0
0
0
0
0
0
0
0
0
2.86997e-07
0
0.00193536
8.54543e-07
7.37137e-05
0
0
0
0
0
0.000555049
0
0
0
0
6.28883e-08
0
0
0.000103703
1.95062e-07
0
0
0
0
0
0
0
0
0
0
0
0
0
0
0
0
0
0
0
0
0
0
0.000115252
0
0
0
0
4.82334e-05
0
7.67456e-07
0.000143574
2.10907e-06
0
0
0
0
0
0
1.01757e-06
0
0
0
0
0
0
0
0
0
0
0
0
0
0
0
0
0
0
2.60236e-06
0.000260801
0
0
0
0
0
0
0
0
0.000779433
3.22521e-05
0
0
0
0
2.31653e-06
0
7.29933e-05
1.27409e-06
0
0
0
0
0
0
0
0.00024293
0
0
1.2649e-05
0
0
0
0
0.000261128
3.69598e-07
0
0
0
0
0
0
0
0
0.000783458
4.05703e-05
0
0.000286249
0
3.63237e-08
0
0
0
1.89402e-05
0
0
0
0
0
0
0
0
2.51857e-08
9.44134e-07
0
0
0
4.88473e-06
0
0
0
0
2.20942e-06
1.76486e-06
0
0
0
0
0
9.09041e-07
0
0
0
0
0
0
2.42423e-07
0
0
0
0
0
0
0
0
0
0
0
0
0
0
0
0
0
2.26816e-07
0
0
0
0
2.42996e-07
0
0
0
0
0
0
0
0
0
0
0
0
0
0
0
0
0
0
0
0
0
0
0
0
0
3.9919e-07
0
0
0
0
0
0
0
0
0
0
0
0
2.66274e-07
0
1.34958e-07
0
0
0
8.02149e-08
4.7211e-06
0
0
0
0
0
4.92941e-07
0
0
0
0
0
0
0
0
0
0
0
4.72515e-07
0
0
0
1.98917e-10
0
0
0
0
0
0
0
7.2004e-08
1.38405e-06
1.09256e-07
0
0
0
0
0
0
0
0
0
0
0
0
0
0
0
0
0
0
0
0
0
2.55282e-06
0
0
0
0
0
0
0
0
0
0
0
0
0
6.35169e-06
0
0
0
0
5.21387e-07
0
0
4.7186e-06
0
0
0
0
0
0
1.55733e-08
0
0
0
0
0
0
0
0
0
1.9187e-06
6.77195e-07
0
0
1.76268e-06
2.68987e-06
0
0
0
1.15493e-06
1.18074e-07
0
0
0
1.05439e-07
0
0
6.51747e-07
0
0
0
5.41288e-07
0
0
0
0
0
0
0
0
0
0
0
8.83933e-07
0
0
0
0
0
0
0
0
0
7.18656e-06
0
0
0
0
0
0
0
0
0
0
0
0
0
0
2.54801e-07
0
7.01822e-06
4.39814e-07
1.0538e-06
0
0
0
0
0
2.39824e-06
0
0
0
0
0
0
0
8.41226e-07
1.24485e-07
0
0
0
0
0
0
0
0
0
0
0
0
0
0
0
0
0
0
0
0
0
0
2.77353e-07
0
0
0
0
1.77347e-06
0
4.10952e-07
0
1.15768e-06
0
0
0
0
0
0
0
0
0
0
0
0
0
0
0
0
0
0
0
0
0
0
0
0
0
1.79791e-06
0
0
0
0
0
0
0
0
0
5.93986e-07
0
0
0
0
0
1.31045e-06
0
2.48512e-06
0
0
0
0
0
0
0
0
2.08698e-06
0
0
0
0
0
0
0
1.12475e-06
2.21336e-07
0
0
0
0
0
0
0
0
0
2.14403e-06
0
4.64749e-07
0
1.90287e-08
0
0
0
0
0
0
0
0
0
0
0
0
3.1689e-09
0
0
0
0
0
0
0
0
0
1.03609e-06
8.32038e-07
0
0
0
0
0
5.55265e-07
0
0
0
0
0
0
0
0
0
0
0
0
0
0
0
0
0
0
0
0
0
0
0
0
0
0
0
0
0
0
0
0
0
0
0
0
0
0
0
0
0
0
0
0
0
0
0
0
0
0
0
0
0
0
0
0
0
0
0
0
0
0
0
0
0
0
0
0
0
0
0
0
0
0
0
0
0
0
0
0
0
0
0
0
0
0
0
0
0
0
0
0
0
0
0
0
0
0
0
0
0
0
0
0
0
0
0
0
0
0
0
0
0
0
0
0
0
0
0
0
0
0
0
0
0
0
0
0
0
0
0
0
0
0
0
0
0
0
0
0
0
0
0
0
0
0
0
0
0
0
0
0
0
0
0
0
0
0
0
0
0
0
0
0
0
0
0
0
0
0
0
0
0
0
0
0
0
0
0
0
0
0
0
0
0
0
0
0
0
0
0
0
0
0
0
0
0
0
0
0
0
0
0
0
0
0
0
0
0
0
0
0
0
0
0
0
0
0
0
0
0
0
0
0
0
0
0
0
0
0
0
0
0
0
0
0
0
0
0
0
0
0
0
0
0
0
0
0
0
0
0
0
0
0
0
0
0
0
0
0
0
0
0
0
0
0
0
0
0
0
0
0
0
0
0
0
0
0
0
0
0
0
0
0
0
0
0
0
0
0
0
0
0
0
0
0
0
0
0
0
0
0
0
0
0
0
0
0
0
0
0
0
0
0
0
0
0
0
0
0
0
0
0
0
0
0
0
0
0
0
0
0
0
0
0
0
0
0
0
0
0
0
0
0
0
0
0
0
0
0
0
0
0
0
0
0
0
0
0
0
0
0
0
0
0
0
0
0
0
0
0
0
0
0
0
0
0
0
0
0
0
0
0
0
0
0
0
0.00191115
0
0
0
0
0
0.00719625
0
0
0
0
0
0
0
0
0
0.00136698
0
0
0
4.36413e-06
0.174898
0
0.0801425
0.057801
0
0.197862
0.000951347
0
0
0
0.00330953
0
0.0414147
0
0
0
0
0
0
0
0.000557997
0
0.000181762
0
0
0.00840349
0
0.000604374
0
0
0
0
0
0
0
0
0
0.000908099
0
0.00188332
0
0.0076807
0
0
0.0137056
0.0114929
0.00883543
0
0.0075388
0
0.052921
0.0197537
0
0.00396292
0
0
0
0
0
0.00370839
0
0
0
0.02426
0
0
0
0
0
0.00278374
0
0.0356686
0
0
0
0
0
0
0.0378771
0
0
0.206404
0
0
0
0
0
0
0
0
0
0
0
0.0566895
0.0170423
0
0.0126777
0
0
0
0
0.0104877
0
0.00119634
0.000426691
0.0139647
0
0.00216133
0
0
0
0
0
0
0
0
0
0
0
0.0701306
0
0
0
0
0.000912358
0
0.0132364
0.0393298
0
0
0
0.000929865
0
0
0.00368264
0
0
0
0
0
0.0127558
0.00433252
0
0
0.0191978
0
0
0
0.00103425
0
0.0027578
0.0171532
0.061386
0.020481
0
0
0.00834666
0
0.0228399
0
0
0.00609826
0
0
0
0.0585823
0.0234114
0
0
0
0
0
0
0.0204684
0.00206956
0
0.00685803
0
0
0.0184896
0
0
0.00118382
0
0.0149111
0
0
0.0910216
0
0
0
0
0
0
0
0
0
0
0
0.052373
0
0
0.0439263
0.0154641
0.101156
0.00305979
0.00908383
0
0
0.00903055
0
0
0
0
0
0
0
0.00257866
0
0
0.0156571
0
0
0
0
0
0.00128463
0
0
0
0.000418458
0
0
0
0.000393506
0
0
0.000621205
0
0
0
0
0
0
0.310746
0
0
0.0469685
0.0158147
0
0
0
0.00279793
0.00984096
0
0
0
0.0042975
0
0
0
0
0
0
0
0
0
0
0
0
0
0.065752
0
0
0
0
0
0.00101987
4.85973e-05
0.00134614
0.00401779
0
0
0
0
0.0249863
0
0
0
0.0647616
0
0
0
0.0405382
0
0
0.0294526
0.0207467
0
0.00601806
0
0
0
0
0
0
0.0208308
6.11196e-05
0
0
0
0
0
0
0.0217331
0.0073508
0
0
0
0.0034823
0
0
0
0.0315699
0.0364595
0
0
0.0175792
0.00369245
0.0149348
0
0
0
0
0
0
0
0.00646129
0.00114062
0.054548
0.00489431
0.00427002
0
0
0
0.032922
0.000507505
0.0250038
0
0
0
0
0
0
0
0
0.0249768
0
0
0.0011673
0
0
0
0.00126253
0
0
0.00051169
0
0
0
0
0
0
0
0
0
0
0
0
0
0
0
0
0.000320532
0.137326
0
0.068248
0.0316665
0
0.148533
0.000277128
0
0
0
0
0
0.013239
0
0
0
0
0
0
0
0
0
5.08928e-05
0
0
0.000163819
0
0.000288945
0
0
0
0
0
0
0
0
0
0.00363665
0
0.00142674
0
0.00755419
0
2.15311e-06
0.0127712
0
0.0108277
0
0.00583396
0
0.0330066
0.00138114
0
0.000631663
0
0
0
0
0
4.86522e-05
0
0
0
0.00914489
0
0
0
0
0
0
0
0.0239486
0
0
0
0
0
0
0.0136922
0
0
0.12041
0
0
0
0
0
0
0
0
0
0
0
0.0497403
0.00413842
0
0.00943185
0
0
0
0
0.00709855
0
0
6.93204e-05
0.00260959
0
0.000540102
0
0
0
0
0
0
0
0.00332962
0
0
0
0.0423311
0
0
0
0
0.000288936
0
0.00681834
0.0398343
0
0
0
0
0
0
0.00572884
0
0
0
0
0
0.00396292
0.000323065
0
0
0.034087
0
0
0
0.00508266
0
0.00183479
0.0163175
0.0316297
0.0180364
0
0
0.000519092
0
0.0192127
0
0
0.000641332
0
0
0
0.0379245
0.0140285
0
0
0
0
0
0
0.00773549
0.00269652
0
0.0114775
0
0
0.0124355
0
0
0.00160507
0
0.014934
0
0
0.0780163
0
0
0
0
0
0
0
0
0
0
0
0.0220878
0
0
0.0203209
0.00251427
0.0948893
0.00414332
0.0173681
0
0
0.00304442
0
0
0
0
0
0
0
0.00348211
0
0
0.00874424
0
0
0
0
0
0.00056011
0
0
0
0.000761331
0
0
0
0
0
0
0
0
0
0
0
0
0
0.220744
0
0
0.0343539
0.00576067
0
0
0
0.000882634
0.00957134
0
0
0
0.00197288
0
0
0
0
0
0
0
0
0
0
0
0
0
0.0526152
0
0
0
0
0
0.00273483
0
0.00168875
0.00753355
0
0
0
0
0.00569253
0
0
0
0.0608126
0
0
0
0.0125947
0
0
0.0145815
0.0179005
0
0.00241662
0
0
0
0
0
0
0.00779071
0.000552996
0
0
0
0
0
0
0.0182481
0.00391705
0
0
0
0.000380124
0
0
0
0.00730002
0.0208988
0
0
0.0151111
0.00101437
0.0094209
0
0
0
0
0
0
0
0.000534526
0
0.0487126
0.000898822
0.00347327
0
0
0
0.0156657
0
0.0129275
0
0
0
0
0
0
0
0
0.0157735
0
0
0.000420146
0
0
0
5.41846e-05
0
0
0
0
0
0.000584603
0
0
0
0
0
0
0
0
0
0
0
0
0
0
0.0711509
0
0.0356569
0.0207815
0
0.0752984
0
0
0
0
0
0
0.00824542
0
0
0
0
0
0
0
0
0
0
0
0
0.00104856
0
2.53511e-05
0
0
0
0
0
0
0
0
0
0.00280494
0
0.000343303
0
0.00565879
0
0
0.00516389
0
0.00432157
0.000151596
0.00151676
0
0.0133203
0.0010706
0
9.29873e-05
0
0.000311496
0
0
0
0.000134016
0
0
0
0.00355474
0
0
0
0
0
0
0
0.00787354
0
0
0
0
0
0.000106456
0.00103793
0
0
0.0446992
0
0
0
0
0
0
0
0.000245337
0
0
0
0.0180914
0.00285971
0
0.00423888
0
0
0
0
0.00400937
0
0
1.04625e-05
0.00110636
0
4.39888e-05
0
4.79404e-06
0
0
0
0
0
0
0
0
0
0.0205944
0
0
0
0
0.00111789
0
0.00181351
0.0239603
0
0
0
0
0
0
0.0064524
0
0
0
0
0
0.0033346
0
0
0
0.0146447
0
0
0
0.00192358
0
7.06374e-05
0.0074856
0.0149931
0.00696979
0
0
0.00133612
0
0.00997748
0
0
0.000181996
0
0
0
0.0178777
0.00719716
0
0
0
0
0
0
0.00223331
0.00362548
0
0.00927585
0
0
0.0104071
0
0
0.000685555
0
0.00194243
0
0
0.0341145
0
0
0
0
0
0
0
0
0
0
0
0.0128263
0
0
0.0162257
0.00276842
0.0455443
0.00193743
0.0117285
0
0
0.00144328
0
0
0
0
0
0
0
0.0065059
0
0
0.00545715
0
0
0
0
0
0.00236662
0.000398657
0
0
0.00162988
0
0
0
0
0
0
0
0
0
0
0
0
0
0.104852
0
0
0.017209
0.00168173
0
0
0
1.64871e-05
0.0017421
0
0
0
0.000137445
0
0
0
0
0
0
0
0
0
0
0
0
0
0.0254768
0
0
0
0
0
0.00161862
0
0.000763005
0.00559648
0
0
0
0
0.00219136
0
0
0
0.0328492
0
0
0
0.000970563
0
0
0.00733323
0.00960708
0
0.00240002
0
0
0
0
0
0
0.000695026
0.00011548
0
0.000217543
0
0.000436081
0
0
0.005725
0.00109862
0
0
0
0.000133958
0
0
0
0.00598193
0
0
0
0.00759311
0
0.00326552
0
0
0.000303702
0
0
0
0
0.000256739
0
0.0207367
0.000745316
0.00225858
0
0
0
0.00932227
0
0.00348611
0
0
0
0
0
0
0
0
0.00856571
0
0
0.000144943
0
0
0.00011157
0
0
0
0
0
0
0
0
0
0
0
0
0
0
0
0
4.1356e-06
0
0
0
0
0.0208203
0
0.011091
0.00285783
0
0.0221546
0.000184183
0
0
0
0
0
0.000102117
0
0
0
0
0
0
0
0
0
0
0
0
4.83657e-05
0
0
0
0
0
0
0
0
0
0
0
0.000114173
0
0.000408943
0
0.000750073
0
0
0.00195971
0
0.00132688
0
0.00019528
0
0.00862977
0.00138998
0
7.05319e-05
0
0
0
0.000109965
0
0
0
1.55021e-05
0
4.23039e-05
0
0
0
0
0
0.000860289
0
0.00152506
0
1.05135e-09
0
0
0
0
0
0
0
0.0021882
1.13546e-05
0
0
0
0
0
0
0.000169237
0
0
0
0.00784581
0
0
5.68642e-05
0
0
0
0
0.000632398
0
0
0
0.0034564
0
7.19028e-06
0
0.000113907
0
0
0
0
0
0
0
0
0
0.00123003
0
0
0
0
0.000215895
0
9.88035e-06
0.00990991
0
0
0
0
0
0
0.00179627
0
0
0
0
0
0.000361444
0
0
0
0.00782011
0
0
0
0.000369566
0.00058391
2.16695e-05
0.000226875
0.00108911
0.00426596
0
0
0
0
0.00567945
0
0
1.52286e-05
0
0
0
0.00406674
0.00182557
0
0
0
0
0
0.000227081
7.64573e-05
0
0
0.00063813
0
0
0.00111622
0
0
0
0
0.000118264
0
0
0.00719078
0
0
0
0
0
0
0
0
0
0
0
0.00120773
0
0
0.000556241
0
0.0187734
0.000181969
0.00450226
0
0
8.66824e-05
0
0
0.000925009
0
0
0
0
0.000566204
0
0
0.00187889
0
1.47063e-05
0
0
0
0.000542909
0.000204475
0
0
0.000935315
0
0
0
0
0
0
0
0
0
0
0
0
0
0.0323749
0
0
0.00311086
4.21902e-05
0
0
0
0.000239786
0.000297719
0
0
0
0
0
0
0
0
0
0
0
0
0
0
0
0
0
0.00905476
0
5.42205e-05
0
0
0
0.000711674
0
0.000143696
0.00972138
0
0
6.6757e-06
0
0.000152437
0
0
0
0.0138878
0
0
0
0
0
0
0.00114712
0.00347083
1.17706e-06
0.000308185
0
0
0
0
0
0
0.000382538
0
0
0.000945914
0
0.000653016
0
0
0.00134161
0.000274764
0
0
0
0.000110317
0
0
0
0
0.000430128
0
0
0.0035706
8.1311e-05
0.000494596
0
0
0.000161701
0
9.74706e-05
0
0
0.00021486
0
0.0079336
0.000516733
0.000693145
0
0
0
0.000991741
0
0.00130468
0
0
0
0
0.000154309
0
0
0
3.38978e-05
0
0
0.000183624
0
0
1.95275e-05
0
0
0
0
0
0
0
0
0
0
0
0
0
0
0
0
7.19078e-06
0
0
0
0
0.000659063
0
0.0005032
5.14777e-05
0
0.000536015
0
0
0
0
0
0
9.5055e-06
0
0
0
0
0
0
0
0
0
1.86536e-08
0
0
0
0
0
0
0
0
0
0
0
0
0
0
0
0
0.000121397
0
0
0
0
0.00010595
0
0.000114141
0
0
0
0.000779617
0.000153324
0
0
0
0
0
9.31033e-05
0
0
0
6.77488e-06
0
0
0
0
0
0
0
0.000280795
0
2.29186e-06
0
1.51527e-09
0
1.92407e-06
0
0
0
0
0
0
4.1552e-05
0
0
0
0
0
0
0
0
0
0
0.000567143
0
0
7.30558e-07
0
0
0
0
8.11862e-06
0
3.19198e-06
0
0.000469231
0
0
0
1.81568e-05
0
0
0
0
0
0
0
0
0
1.61937e-06
0
0
0
0
7.42117e-05
0
0
0.000954351
0
0
0
0
0
0
2.53095e-05
0
0
0
0
0
0
0
0
0
0.000663164
0
0
0
4.26973e-05
0.000133595
0
6.0397e-06
0
0.000458138
1.49793e-05
0
2.62265e-07
0
0.000177968
0
5.91408e-08
2.14023e-05
0
0
0
0.000137039
1.87061e-05
0
0
0
0
0
9.78748e-06
0
0
0
0
0
0
0
0
0
0
0
6.2726e-05
0
0
0.000434454
0
0
0
0
9.08424e-06
8.53247e-07
0
0
0
0
0
1.37989e-06
0
0
1.27989e-05
0
0.00128597
5.74537e-06
0.000169405
0
0
6.89054e-06
0
0
0.0006878
0
0
0
0
0
0
0
0.000102578
2.33126e-06
6.30166e-06
0
0
0
7.84655e-06
4.16698e-06
0
0
4.11584e-06
0
0
0
0
0
0
0
0
0
0
0
0
0
0.000377221
0
0
5.45758e-05
0
0
0
1.27111e-06
7.54346e-05
3.27355e-05
0
0
0
0
0
0
5.39279e-07
0
0
0
0
0
0
0
0
0
0
9.70603e-05
0
1.30474e-05
0
0
0
4.96281e-06
0
9.97191e-06
0.000917234
0
0
9.3778e-06
4.44675e-07
0
0
0
0
0.000955495
0
0
0
0
0
0
0
0.00027694
6.11788e-07
8.56778e-06
0
0
0
0
0
0
0.000105655
0
0
9.35339e-05
0
0
0
0
8.65044e-05
2.09852e-07
0
0
0
0
0
0
0
0
0.000201102
2.42689e-06
0
0.000243224
1.12444e-05
9.25077e-06
0
0
0
0
2.10911e-05
0
0
0
1.94668e-06
0.000134412
1.3467e-05
2.33849e-05
0
0
0
1.61438e-05
0
5.17221e-05
0
0
0
0
6.39005e-05
2.2897e-06
0
0
0
0
0
3.24541e-06
0
0
8.31198e-09
0
0
0
0
0
0
0
0
0
0
0
0
0
0
0
0
4.78331e-08
0
0
0
0
1.89394e-07
0
1.17969e-08
0
0
6.43088e-07
0
0
0
0
0
0
6.70283e-08
0
0
0
0
0
0
0
0
0
7.94887e-09
0
0
0
0
0
0
0
0
0
0
0
0
0
0
0
0
8.85572e-08
0
0
0
0
5.98252e-07
0
5.66006e-07
0
0
0
6.48618e-07
9.98902e-07
0
0
0
0
0
1.03206e-06
0
0
0
0
0
0
0
0
0
0
0
7.27738e-07
0
0
0
0
0
0
0
0
0
0
0
0
8.15001e-07
0
0
0
0
0
0
0
0
0
0
0
0
0
0
0
0
0
0
1.50233e-08
0
0
0
9.19059e-07
0
0
0
3.42043e-09
0
0
0
0
0
0
0
0
0
9.90789e-07
0
0
0
0
1.14648e-06
0
0
4.78849e-06
0
0
0
0
0
0
1.80008e-07
0
0
0
0
0
0
0
0
0
2.06853e-06
0
0
0
2.95641e-07
1.27684e-06
0
0
0
2.16143e-06
0
0
1.21641e-07
0
1.8006e-07
0
2.92725e-08
3.65974e-07
0
0
0
4.53891e-07
5.80921e-08
0
0
0
0
0
0
0
0
0
0
0
0
0
0
0
0
0
4.90808e-07
0
0
3.18225e-06
0
0
0
0
3.08395e-09
0
0
0
0
0
0
0
0
0
3.22232e-08
0
4.41619e-06
4.01759e-08
1.11471e-06
0
0
0
0
0
3.06241e-06
0
0
0
0
0
0
0
3.26024e-07
1.19299e-06
0
0
0
0
8.97356e-09
0
0
0
0
0
0
0
0
0
0
0
0
0
0
0
0
0
2.50611e-07
0
0
0
0
0
0
5.55249e-07
0
1.57301e-06
0
0
0
0
0
0
1.60102e-08
0
0
0
0
0
0
0
0
0
0
0
0
0
0
0
0
0
0
5.46524e-07
9.66905e-07
0
0
7.18497e-08
4.38768e-07
0
0
0
0
1.82467e-06
0
0
0
0
0
0
0
1.86879e-06
0
0
0
0
0
2.28218e-07
0
0
5.08442e-07
0
0
8.68776e-08
0
0
0
0
4.93902e-07
7.37514e-08
0
0
0
0
0
0
0
0
0
1.87863e-07
0
6.35073e-07
0
2.44134e-08
0
0
0
0
5.33606e-08
0
0
0
1.32078e-06
0
0
2.55138e-08
0
0
0
4.28266e-08
0
5.94236e-08
0
0
0
0
6.08709e-07
1.25833e-06
0
0
0
0
0
0
0
0
0
0
0
0
0
0
0
0
0
0
0
0
0
0
0
0
0
0
0
0
0
0
0
0
0
0
0
0
0
0
0
0
0
0
0
0
0
0
0
0
0
0
0
0
0
0
0
0
0
0
0
0
0
0
0
0
0
0
0
0
0
0
0
0
0
0
0
0
0
0
0
0
0
0
0
0
0
0
0
0
0
0
0
0
0
0
0
0
0
0
0
0
0
0
0
0
0
0
0
0
0
0
0
0
0
0
0
0
0
0
0
0
0
0
0
0
0
0
0
0
0
0
0
0
0
0
0
0
0
0
0
0
0
0
0
0
0
0
0
0
0
0
0
0
0
0
0
0
0
0
0
0
0
0
0
0
0
0
0
0
0
0
0
0
0
0
0
0
0
0
0
0
0
0
0
0
0
0
0
0
0
0
0
0
0
0
0
0
0
0
0
0
0
0
0
0
0
0
0
0
0
0
0
0
0
0
0
0
0
0
0
0
0
0
0
0
0
0
0
0
0
0
0
0
0
0
0
0
0
0
0
0
0
0
0
0
0
0
0
0
0
0
0
0
0
0
0
0
0
0
0
0
0
0
0
0
0
0
0
0
0
0
0
0
0
0
0
0
0
0
0
0
0
0
0
0
0
0
0
0
0
0
0
0
0
0
0
0
0
0
0
0
0
0
0
0
0
0
0
0
0
0
0
0
0
0
0
0
0
0
0
0
0
0
0
0
0
0
0
0
0
0
0
0
0
0
0
0
0
0
0
0
0
0
0
0
0
0
0
0
0
0
0
0
0
0
0
0
0
0
0
0
0
0
0
0
0
0
0
0
0
0
0
0
0
0
0
0
0
0
0
0
0
0
0
0
0
0
0
0
0
0
0
0
4.33954e-06
0.00106809
0
0
0
0
0.000258412
0
0
0
0
0
0.00461857
0
0
0
0
0.00352032
0
0
0
2.90149e-05
0.0240885
0
0.0147063
0.00882091
0
0.021549
0.00452912
0
0
0
0
0
0.00183548
0.00373638
0
0
0
0
0
0
2.12975e-05
0
0.00013668
0
0
0.00286946
0
0.000374373
0
0.000583452
0
0
0
0
0
0
0
0.000519121
0
0.0015655
0
0.00373275
8.43214e-06
0
0.00160634
0
0.00974932
0
0.00962936
0
0.0124236
0.000144511
0.000125336
0.00682361
0
0
4.38384e-06
0.000160893
0
0.000185982
0
0
0
0.00116075
0
0
0
0
8.97616e-05
0.00094791
0
0
0
0
0
0
0
0
0.000386512
0
0
0.0133773
8.32978e-05
0
0
0
0
0
0
0
0
0
0
0.0119012
0
0
0.00100382
0
0
0
0
0.00046332
0
0.0022389
0
0.000405495
0
0.00178785
0.00678402
0
0
0
0
0
0.00907924
0
0
0
0
0.00919458
0
0
0
0
0.000826271
0
0.00156063
0.00953306
0
0
0
0.000198047
0
0
0.000542721
0
0
0
0
0
0.00158954
0.00295367
0
0
0.00716235
0.000838133
0
0
0.000687662
0
0.00305346
0.0042527
0.0121115
0.0025687
0
0
0.00127818
0
0
0
0
0.00124745
0
0
0
0.000997271
0.00568516
7.12033e-05
0
0
0.000672363
0
0
0.00116047
0
0
0.00523553
1.34785e-05
0
0.000640225
0
0
0
0
0.00421961
0
0
0.00913594
0
0
0.00012806
0
0
0
9.73461e-06
0
0
0
1.64539e-06
0.00429451
0
0
0.0106172
0
0.00284497
0.00433433
0.00050617
0
0
0.00308145
0
0
0.000113722
0
0
0
0
0.000415441
0
1.45584e-05
0.00187649
0
2.70725e-06
0.00014081
0
0
0
0.000337565
0
0
0.000462373
0
0
0
0.000218746
0
0
0
0
0
0
0.00107299
0
0
0.0346298
0
0
0.00513341
0.00748624
4.70288e-06
0.000741334
0
0.00202852
0.00981552
0
0
0
0.00714313
0
0
0
0
0
0
0.00492448
0
0
0
0
0
0
0.00802072
0
0
2.20636e-05
0
0
0
2.26461e-05
0.0008182
0.00088423
0
0
0
0
0.00633126
0
0
0
0.0103355
0
0
0
0.000554033
0
0.0025226
0.0041229
0.00300865
0
0.00274805
0
0
0
0
0
0
0.00838276
3.11674e-05
0
0
0
0
0
0
0.00704924
0.00461554
0
0
0
0.00259001
0
0
0.0030646
0.00350864
0
0
2.71646e-06
0.000693706
0.00314574
0.0134537
0
0
0
0
0.00195118
0
0
0.00555188
0
0.0134443
0.00246606
0.00357753
0
0.00129245
0
0.00420295
0
0.00311053
0
0
0
0
0.000239333
2.79408e-06
0
0
0.00141877
0
0.000435866
0.000331764
0
0
6.55488e-06
0.000720601
0
0
0
0
0.000183479
0
0
0
0
0
0.000875819
0
0
0
0
0.000389188
0
0
0
0
0.0235126
0
0.0139618
0.00627987
0
0.0217875
0.00104446
0
0
0
0
0
0.00104419
0.000687025
0
0
0
0
0
0
0
0
3.03707e-05
0
0
0.00127022
0
0.000173165
0
0.000425634
0
0
0
0
0
0
0
0.000614534
0
0.00118537
0
0.003625
7.85336e-07
0
0.000815048
0
0.00569937
0
0.00489096
0
0.009778
6.33413e-05
4.34575e-05
0.00180361
0
0
0
0
0
0
0
0
0
0.000224447
0
0
0
0
0
0.000126595
0
0
0
0
0
0
0
0
0
0
0
0.0139301
0
0
0
0
0
0
0
0.000350959
0
0
0
0.0105134
0.000269355
0
0.00121206
0
0
0
1.63984e-06
6.75817e-05
0
0.000160951
0
0
0
0.000438033
0.00176637
0
0
0
0
0
0.00396067
0
0
0
0
0.0124582
0
0
0
0
0.000228026
0
0.000879693
0.00947633
0
0
0
1.32686e-05
0
0
0.000665775
0
0
0
0
0
0.00191191
0.000956067
0
0
0.00658316
0.000986269
0
0
0
0
0.00206955
0.00280419
0.0113569
0.00267158
0
0
1.44544e-05
0
0
0
0
0.000641329
0
0
0
0.00069285
0.00282617
0
0
0
1.12014e-05
0
0
0.000563631
0
0
0.00758413
0
0
0.0013859
0
0
0
0
0.00242583
0
0
0.0111731
0
0
0
0
0
0
2.43753e-06
0
0
0
0
0.00249261
0
0
0.00788952
0
0.00657129
0.00355547
0.00154225
0
1.47566e-05
0.00193465
0
0
9.12271e-06
0
0
0
0
0
0
0
0.00110089
0
4.72975e-06
7.92274e-05
0
0
0
0.000177302
0
0
0.00107894
0
0
0
0
0
0
0
0
0
0
0.000182057
0
0
0.0275711
0
0
0.00391523
0.00283867
3.12619e-06
4.34374e-06
0
0.000552095
0.00741096
0
0
0
0.00404242
0
0
0
0
0
0
0.00363291
0
0
0
0
0
0
0.00626183
0
0
0
0
0
0.000223005
0
0.0010725
0.00150532
0
0
0
0
0.00434364
0
0
0
0.0104625
0
0
0
0.000367437
0
0.00118965
0.00287845
0.00348206
0
0.000798241
0
0
0
0
0
0
0.00325252
0.000288262
0
0
0
0
0
0
0.00566124
0.00232218
0
0
0
0.00023514
0
0
0.000526009
0.00393313
0
0
6.12334e-06
0.000928238
0.000850595
0.006486
0
0
0
0
0.00043775
0
0
0.000568623
0
0.0109242
0.000808547
0.00279097
0
0.000636827
0
0.00430266
0
0.00343977
0
0
0
0
0
0
0
0
0.00191169
0
0
0.000279332
0
0
2.83889e-05
3.26537e-05
0
0
0
0
4.81449e-05
0
0
0
0
0
0
0
0
0
0
8.35121e-06
0
0
0
4.36112e-06
0.0165167
0
0.00694842
0.00272497
0
0.0181706
6.36865e-06
0
0
0
0
0
0.00122795
0
0
0
0
0
0
0
0
0
0
0
0
0.000916653
0
1.46421e-05
0
5.79713e-05
0
0
0
0
0
0
0
0.000520737
0
0.000319468
0
0.00158113
0
0
0.000633906
0
0.00187327
0
0.0011907
0
0.00579175
2.0401e-06
6.34371e-06
0.000634134
0
0
0
0
0
0
0
0
0
0
0
0
0
0
0
0.000195377
0
0.000114008
0
0
0
0
0
0
0
0
0
0.00715514
0
0
0
0
0
0
0
0.00148333
0
0
0
0.00511992
0.000189015
0
0.000539216
0
0
0
6.5157e-06
4.34325e-05
0
0
0
0.000269611
0
3.63214e-05
0
6.2852e-06
0
0
0
0
0.000634353
0
0
0
0
0.00803494
0
0
0
0
5.15568e-06
0
0.000186202
0.00499499
0
0
0
4.85031e-06
0
0
0.000521092
0
0
0
0
0
0.00218288
0.000240645
0
0
0.00309883
6.72615e-05
0
0
0
5.10627e-07
0.000184258
0.00135353
0.00763261
0.00172456
0
0
3.95822e-05
0
0.000878501
0
0
0.0002762
0
0
0
0.000607636
0.00145881
0
0
0
0
0
3.38504e-05
0.000133403
0
0
0.00469668
0
0
0.00167843
0
0
0
0
0.000422198
0
0
0.00488404
0
0
0
0
0
0
0
0
0
0
0
0.0013503
0
0
0.0026415
0
0.00490455
0.00111871
0.00162954
0
4.1105e-05
0.00149666
0
0
4.63258e-05
0
0
0
0
1.75496e-05
0
0
0.000380962
0
2.49067e-05
0.000236626
0
0
0.000369793
0.00024978
0
0
0.000805436
0
0
0
0
0
0
0
0
0
0
0
0
0
0.0213456
0
0
0.0018592
0.000577197
0
0
0
9.31981e-06
0.00217702
0
0
0
0.000766134
0
0
0
0
0
0
0.000864488
0
0
0
0
0
0
0.00539791
0
9.41082e-05
0
0
0
0.000844692
0
0.000460755
0.00183736
0
0
3.1677e-06
0
0.00108956
0
0
0
0.00721964
0
0
0
0.00034801
0
3.36391e-05
0.00243751
0.00236754
0
0.000259227
0
0
0
0.000244408
0
0
0.000346506
7.82971e-05
0
0.000164583
0
0
0
0
0.00148908
0.00123366
0
0
0
0.000101355
0
0
0
0.00499035
0
0
5.07973e-06
0.00066058
3.11164e-05
0.00147786
0
0
0.000276358
0
0
0
0
6.23975e-05
0
0.0069536
0.000383706
0.00101024
0
0
0
0.00443325
0
0.00198211
0
0
0
0
0
0
0
0
0.00145973
0
0
0.000252319
0
0
0.000155027
0
0
0
0
0
5.07728e-07
0
0
0
0
0
0
0
0
0
0
3.47055e-06
0
0
0
0
0.00318436
0
0.00170263
0.000473071
0
0.00320607
7.63481e-05
0
0
0
0
0
0.000139077
0
0
0
0
0
0
0
0
0
2.24161e-08
0
0
5.95426e-05
0
0
0
0
0
0
0
0
0
0
0
5.08873e-05
0
9.65813e-05
0
0.000253568
0
0
0.00017364
0
0.000331501
0
0.000124106
0
0.00224947
0
0
0.00028105
0
0
0
9.20261e-05
0
0
0
0
0
0
0
0
0
0
0
8.04018e-06
0
6.42047e-05
0
0
0
3.34544e-06
0
0
0
0
0
0.000636623
1.46474e-05
0
0
0
0
0
0
0.000474747
0
0
0
0.00178794
0
0
7.57797e-05
0
0
0
6.24716e-07
4.05347e-05
0
4.58033e-07
0
0.000263272
0
5.83584e-06
0
0.000127175
0
0
0
0
6.33071e-05
0
0
0
0
0.000620471
0
0
0
0
9.5386e-06
0
4.96531e-06
0.00154236
0
3.62179e-06
0
4.67342e-07
0
0
0.000185274
0
0
0
0
0
0.000206638
5.26059e-06
0
0
0.00130953
2.15966e-05
0
0
0
7.95083e-06
2.52035e-05
9.61133e-05
0.000748395
0.000895962
0
0
1.64489e-05
0
0.000706581
0
1.18285e-05
3.05441e-05
0
0
0
7.34187e-05
0.000373265
0
0
0
0
0
0.000204966
2.32941e-05
0
0
0.000553039
0
0
0.00028865
0
0
0
0
6.06964e-05
0
0
0.000855443
0
0
0
0
0
0
0
0
0
0
0
0.000163005
0
0
0.000268946
0
0.00168112
0.000135115
0.000871089
0
9.80319e-06
0.000128636
0
0
0.000508721
0
0
0
0
8.91024e-06
0
0
9.66377e-05
2.3507e-07
1.82564e-05
0.000216415
0
0
0.000132671
0.000159819
0
0
0.000157793
0
0
0
0
0
0
0
0
0
0
1.53234e-06
0
6.62596e-07
0.00491846
0
0
0.000271208
3.30262e-05
0
6.03843e-07
0
3.42265e-05
0.000340194
0
0
0
3.99431e-05
0
0
0
0
0
0
2.07356e-05
0
0
0
0
0
0
0.00131564
0
0.000188947
0
0
0
0.000272325
0
0.000108987
0.00202078
0
0
1.96763e-05
0
2.38303e-05
0
0
0
0.00263826
0
0
0
1.42233e-06
0
0
0.000187887
0.000897916
0
0.000293762
0
0
0
8.30387e-05
0
0
6.34009e-05
0
0
0.000367325
0
0
0
0
0.000194011
0.000341902
0
0
0
8.07031e-05
0
0
0
6.70145e-05
1.38635e-05
0
8.5215e-07
0.000451371
0.000150132
0.000182552
0
0
0.00018437
0
7.25743e-06
0
0
4.01679e-05
0
0.00197868
0.000450029
0.000270467
0
0
0
0.000683857
0
0.000385439
0
0
0
0
7.84668e-06
0
0
0
1.38262e-05
0
0
0.00014898
0
0
2.24136e-05
0
0
0
0
0
0
0
0
0
0
0
0
0
0
0
0
2.68152e-06
0
0
0
0
6.47286e-05
0
9.7304e-05
1.51053e-05
0
3.36792e-05
4.13278e-07
0
0
0
6.06298e-10
0
1.06398e-05
0
0
0
0
0
0
0
0
0
1.52243e-07
0
0
0
0
0
0
0
0
0
0
0
0
0
0
1.47509e-07
0
2.16226e-05
1.85821e-05
0
0
0
3.22447e-08
0
2.15754e-05
0
2.01766e-07
0
0.000176214
7.49206e-08
0
5.15784e-07
0
0
0
5.24339e-05
0
0
0
1.78573e-07
0
0
0
0
0
0
0
8.75443e-06
0
0
0
1.95435e-12
0
0
0
0
0
0
0
0
1.13031e-05
0
0
0
0
0
0
0
0
0
0
0.000136688
0
0
1.25503e-06
0
0
0
0
4.17209e-06
0
1.71619e-06
0
4.00756e-05
0
0
0
1.53114e-05
0
0
0
0
2.87461e-06
2.8112e-09
0
0
0
2.96398e-07
0
0
0
0
6.74637e-06
0
0
0.000136504
0
0
0
3.71737e-09
0
0
6.73175e-06
0
0
0
0
0
0
0
0
0
0.000104983
1.2925e-09
0
0
0
7.05014e-06
2.22832e-07
6.68006e-06
0
9.425e-05
0
0
1.80654e-07
0
0
0
4.59101e-07
7.84204e-06
0
0
0
0
1.07813e-05
0
0
0
0
0
5.99704e-06
0
0
0
0
0
0
0
0
0
1.48074e-07
0
1.80313e-05
0
0
5.25209e-05
0
0
1.37645e-07
0
0
4.96161e-07
0
0
0
0
0
2.2493e-06
0
0
3.65784e-06
0
4.54421e-05
5.36829e-06
6.24036e-05
0
5.40281e-07
8.23467e-06
0
0
0.000172319
0
0
0
0
0
0
5.73442e-11
0
1.87751e-06
0
0
0
0
3.35906e-06
3.68248e-06
0
0
0
0
0
0
0
0
0
0
0
0
0
1.66599e-06
0
1.09875e-07
2.41481e-05
0
0
0
0
0
6.33587e-08
1.36042e-07
0
1.9258e-05
0
0
0
7.6025e-10
0
0
1.5859e-08
0
0
0
0
0
0
0
0
0
0
4.15827e-06
0
1.47428e-05
0
0
0
2.45068e-06
0
9.75792e-06
0.000231108
0
0
1.23799e-05
1.72301e-07
0
0
0
0
0.00018013
0
0
0
0
0
0
0
7.369e-05
0
9.14863e-06
0
0
0
3.67261e-06
0
0
4.87134e-06
0
0
3.82615e-05
0
0
0
0
1.05188e-05
2.21112e-06
0
0
0
6.77547e-07
0
0
0
0
1.73388e-05
0
0
3.91738e-05
1.55127e-05
3.66119e-06
4.7405e-07
0
0
0
5.4635e-06
0
0
0
8.83678e-07
1.55547e-05
2.12088e-05
1.84112e-05
0
0
0
1.38511e-05
0
2.59832e-06
0
1.33633e-06
0
0
9.65946e-06
2.65356e-07
0
0
0
0
0
4.1613e-06
0
0
1.29315e-08
0
0
0
0
0
0
0
0
0
0
0
0
0
0
0
0
9.12045e-08
0
0
0
0
6.33461e-08
0
1.74854e-08
0
0
1.07844e-07
0
0
0
0
3.32148e-10
0
1.5356e-07
0
0
0
0
0
0
0
0
1.26864e-08
2.06658e-08
0
0
0
0
0
0
0
0
0
0
0
0
0
0
0
0
9.24271e-08
6.84414e-08
0
0
8.06442e-11
1.79468e-08
0
1.8667e-07
0
0
0
5.08763e-07
0
0
0
0
0
0
2.3053e-07
0
0
0
0
0
0
0
0
0
0
0
1.36951e-07
0
0
8.15866e-10
0
0
0
0
0
0
0
0
0
1.13064e-07
0
0
0
0
0
0
0
0
0
0
6.44329e-08
0
0
0
0
0
0
0
3.16001e-08
0
4.87153e-08
0
1.66646e-07
0
0
0
6.00036e-09
0
0
0
0
0
0
0
0
0
7.47619e-08
0
0
0
0
2.39259e-07
0
0
9.46866e-07
0
0
0
0
0
0
4.36537e-08
0
0
0
3.31858e-08
0
0
0
0
0
4.39222e-07
6.57895e-10
0
0
0
2.72817e-07
5.12884e-09
1.47204e-09
0
5.23396e-07
0
0
7.98414e-08
0
0
0
2.84906e-08
8.85876e-08
0
0
0
0
7.92578e-08
0
0
0
0
0
0
0
0
0
0
0
0
0
0
0
5.8192e-08
0
2.36484e-07
0
0
4.24353e-07
0
0
2.18937e-08
0
0
0
0
0
0
0
0
0
0
0
5.05689e-08
0
1.94149e-07
2.82232e-08
1.56602e-07
0
0
0
0
0
1.01945e-06
0
0
0
0
0
0
3.44204e-11
0
5.89601e-07
0
0
0
0
7.89359e-09
0
0
0
0
0
0
0
0
0
0
0
0
0
0
1.07098e-07
0
3.08426e-08
0
0
0
3.43177e-09
0
0
0
4.7382e-08
0
4.14087e-07
0
0
0
4.44787e-10
0
0
1.00948e-08
0
0
0
0
0
0
0
0
0
0
0
0
0
0
0
0
0
0
1.22099e-07
4.88101e-07
0
0
1.16618e-07
1.16164e-07
0
0
0
0
4.98068e-07
0
0
0
0
0
0
0
3.97058e-07
0
0
0
0
0
6.48425e-08
0
0
6.68607e-08
0
0
1.12779e-07
0
0
0
0
6.19452e-08
0
0
0
0
0
0
3.40883e-08
0
0
6.25615e-10
0
0
1.61479e-07
8.00212e-10
1.499e-08
5.16786e-08
0
0
0
4.81904e-08
0
0
0
5.7592e-07
0
0
1.51016e-07
0
0
0
5.83066e-08
0
0
0
0
0
0
1.77547e-07
1.34936e-07
0
0
0
0
0
0
0
0
0
0
0
0
0
0
0
0
0
0
0
0
0
0
0
0
0
0
0
0
0
0
0
0
0
0
0
0
0
0
0
0
0
0
0
0
0
0
0
0
0
0
0
0
0
0
0
0
0
0
0
0
0
0
0
0
0
0
0
0
0
0
0
0
0
0
0
0
0
0
0
0
0
0
0
0
0
0
0
0
0
0
0
0
0
0
0
0
0
0
0
0
0
0
0
0
0
0
0
0
0
0
0
0
0
0
0
0
0
0
0
0
0
0
0
0
0
0
0
0
0
0
0
0
0
0
0
0
0
0
0
0
0
0
0
0
0
0
0
0
0
0
0
0
0
0
0
0
0
0
0
0
0
0
0
0
0
0
0
0
0
0
0
0
0
0
0
0
0
0
0
0
0
0
0
0
0
0
0
0
0
0
0
0
0
0
0
0
0
0
0
0
0
0
0
0
0
0
0
0
0
0
0
0
0
0
0
0
0
0
0
0
0
0
0
0
0
0
0
0
0
0
0
0
0
0
0
0
0
0
0
0
0
0
0
0
0
0
0
0
0
0
0
0
0
0
0
0
0
0
0
0
0
0
0
0
0
0
0
0
0
0
0
0
0
0
0
0
0
0
0
0
0
0
0
0
0
0
0
0
0
0
0
0
0
0
0
0
0
0
0
0
0
0
0
0
0
0
0
0
0
0
0
0
0
0
0
0
0
0
0
0
0
0
0
0
0
0
0
0
0
0
0
0
0
0
0
0
0
0
0
0
0
0
0
0
0
0
0
0
0
0
0
0
0
0
0
0
0
0
0
0
0
0
0
0
0
0
0
0
0
0
0
0
0
0
0
0
0
0
0
0
0
0
0
0
0
0
0
0
0
0
0
0
3.50204e-06
0
0
0
0
0
8.50799e-08
0
0
0
0
0
0.000195447
0
0
0
0
0.000131364
0
0
0
2.88287e-06
4.82756e-06
0
0.000156832
0.000134987
2.52411e-06
7.5188e-06
0.000420533
0
0
0
0
0
0
9.72574e-05
0
0
0
0
0
0
1.46001e-05
0
6.96511e-06
0
0
4.76436e-05
0
0
0
2.22053e-05
0
0
0
0
0
0
0
0
0
2.77878e-05
0
8.07542e-05
0
0
3.11946e-05
0
0.00030964
0
0.000202998
0
2.96995e-05
3.81437e-05
0
0.000222269
0
0
3.98452e-06
1.14063e-05
0
0
0
0
0
0
0
0
0
0
0
4.37922e-06
0
0
0
0
0
0
0
0
1.12376e-05
0
0
0.000115907
1.56247e-07
0
0
0
0
0
0
2.37304e-06
0
0
0
2.73491e-05
0
0
0
8.44115e-07
0
0
1.81246e-06
1.95855e-05
0
4.94272e-06
0
0
0
0
0.000379795
0
0
0
0
0
0.000495773
0
0
0
0
4.30115e-05
0
0
0
0
0
0
4.4512e-07
0.000114562
0
0
0
1.77813e-05
0
0
6.07694e-07
0
0
0
0
0
0
6.2047e-05
0
0
1.69632e-05
2.67332e-05
0
0
1.51153e-06
1.60799e-06
4.6878e-05
1.73415e-06
8.08417e-06
0
0
0
3.11565e-05
0
0
0
0
9.13419e-06
0
0
0
6.32682e-05
7.11588e-05
9.2792e-07
0
0
5.83994e-09
0
7.1879e-07
8.08363e-09
0
1.34752e-06
1.95853e-05
1.37512e-05
0
6.71353e-07
0
0
0
1.76074e-07
8.48793e-06
0
0
0.000165202
0
0
0
0
0
0
6.07868e-06
0
0
2.44252e-06
0
4.00911e-05
0
0
0.000230638
0
3.03083e-06
0.000100608
0
0
5.65e-06
2.52343e-06
0
0
1.58893e-05
0
0
0
0
3.86673e-06
0
7.18482e-08
2.48259e-06
0
0
7.81338e-05
0
0
0
1.08057e-06
0
0
2.20305e-05
0
0
0
0
0
0
0
0
5.64238e-07
0
0
0
0
8.13616e-07
0
0
5.17915e-05
0.00016638
2.02712e-06
7.88798e-05
0
3.88588e-05
0.000172873
0
0
0
0.000182014
0
0
7.15183e-07
0
0
0
0.000157764
0
0
0
0
0
0
6.21874e-06
0
0
1.80339e-05
0
0
1.21131e-06
0
8.14447e-07
7.58219e-06
0
0
4.69271e-07
7.85338e-05
0.000349213
0
0
0
4.48953e-06
0
0
0
3.96809e-07
0
0.000158436
3.36119e-06
8.73243e-06
0
0
0
0
0
0
0
0
0
0
0
0
0
0
0
0
0.00010456
6.57666e-06
0
0
0
0.000112574
0
0
0.000112361
5.34452e-05
0
0
0
0
0
0.000129896
0
0
0
0
5.12606e-05
0
0
0
2.19035e-06
0.000318179
0
0
3.16696e-08
5.5569e-05
0
4.51258e-06
0
4.577e-05
0
0
0
0
1.75347e-05
2.38425e-05
1.89896e-06
0
0
0
1.71688e-06
1.34714e-05
0
0
5.68577e-06
0
0
0
0
0
2.16092e-06
0
0
0
0
0
0.000108324
0
0
0
0
6.53306e-05
0
0
0
0
1.53823e-05
0
0.000146784
0.000105346
0
0.000153888
9.56309e-05
1.7826e-07
0
0
0
0
0
4.12155e-05
0
0
0
0
0
0
0
0
8.44545e-08
0
0
3.83413e-05
0
0
0
1.06518e-05
0
0
0
0
0
0
0
0
0
1.09145e-05
0
5.06598e-05
0
0
8.46793e-06
0
0.0001991
0
0.000127567
0
7.86737e-05
5.56894e-06
0
0.000132423
0
0
1.21574e-07
0
0
0
0
0
0
0
0
0
0
0
0
4.03928e-06
0
1.43496e-06
0
0
0
1.38413e-07
0
5.18827e-07
0
0
0
0.000137001
1.0572e-07
0
0
0
0
0
0
5.17603e-05
0
0
0
9.21637e-05
0
0
0
1.24178e-06
0
0
1.38587e-06
5.46632e-06
0
1.25849e-06
0
0
0
0
0.000160964
9.0723e-08
0
0
0
0
0.000315687
0
0
0
0
0.000189392
0
0
0
0
0
0
0
0.000123625
0
0
0
4.79401e-06
0
0
2.98917e-07
0
0
0
0
0
1.91836e-06
5.17924e-05
0
0
4.07539e-05
5.15715e-05
0
0
0
0
3.75263e-05
0
7.0795e-05
0
0
0
1.10137e-05
0
0
0
1.84242e-07
7.93549e-06
0
0
0
1.01786e-05
2.2616e-05
0
0
0
0
8.78857e-07
8.51341e-07
0
0
0
5.54087e-05
0
0
0
0
0
0
0
1.562e-05
0
0
0.000137727
0
0
0
0
0
0
1.86254e-06
0
0
0
0
2.54355e-05
0
0
0.000177973
0
8.3803e-07
7.5168e-05
0
0
1.11143e-05
1.23968e-05
0
0
5.36918e-06
0
0
0
0
0
0
0
1.12554e-06
0
2.92656e-06
6.84322e-05
0
2.09274e-08
0
6.01726e-07
0
0
6.43493e-05
0
0
0
0
0
0
0
0
5.05195e-07
0
1.63682e-06
0
0
7.88442e-05
0
0
3.72398e-05
6.44786e-05
8.43378e-07
3.92372e-06
0
4.54265e-06
0.000143458
0
0
0
0.000125357
0
0
0
0
0
0
0.000150766
0
0
0
0
0
0
2.91156e-05
0
0
0
0
0
2.84401e-06
0
0
1.35353e-05
0
0
5.03821e-06
1.98551e-05
0.000234295
0
0
0
1.22381e-05
0
0
9.93335e-07
1.30848e-06
0
6.49006e-05
3.43909e-06
3.58883e-06
0
0
0
0
0
0
0
0
1.48238e-06
0
0
0
0
0
0
0
8.96971e-05
1.09471e-05
0
0
0
1.83168e-05
0
0
3.34605e-05
0.000118097
1.1058e-06
0
0
0
0
0.000104358
0
0
0
0
1.34228e-05
0
0
0
0
0.000215302
0
0
7.17089e-09
3.47901e-05
0
2.32133e-05
0
3.07007e-05
0
0
0
0
3.60757e-06
1.56751e-06
0
0
0
0
0
2.04949e-05
0
0
3.10712e-06
0
0
0
0
0
0
0
0
0
0
0
0
0
0
0
0
7.01746e-06
0
0
0
0
5.06205e-05
0
6.08601e-05
3.07024e-05
0
0.000131542
6.29813e-06
0
0
0
0
0
1.53109e-06
0
0
0
0
0
0
0
0
0
0
0
0
1.18656e-05
0
0
0
0
0
0
0
0
0
0
0
1.17278e-06
0
2.67862e-06
0
1.5762e-05
0
0
0
0
3.1453e-05
0
2.45877e-05
0
4.24e-05
0
0
3.70557e-05
0
0
9.52765e-07
0
0
0
0
0
0
0
0
0
0
0
0
3.0387e-06
0
2.722e-06
0
0
0
0
0
0
0
0
0
6.25918e-05
9.21783e-08
0
0
0
0
0
0
0.000101977
0
0
0
7.39433e-05
0
0
0
1.29775e-06
0
0
4.0964e-06
4.37108e-07
0
0
0
9.63895e-06
0
0
0
1.89311e-06
0
0
0
0
7.74797e-05
3.85655e-07
0
0
0
0.000104056
0
0
0
0
1.21423e-08
0
0
5.06365e-05
0
0
0
1.98446e-06
0
0
1.53814e-07
0
0
0
0
6.72511e-09
6.52023e-06
1.31389e-05
0
0
3.48078e-05
1.30673e-05
0
0
1.65583e-07
2.91555e-07
3.03203e-06
2.38778e-08
5.7075e-05
1.46112e-06
0
0
3.06038e-06
0
0
0
0
7.38123e-07
0
0
0
1.08698e-06
1.0372e-06
0
0
0
0
1.75958e-06
1.03155e-05
0
0
0
3.69608e-05
0
0
9.66795e-08
0
0
0
0
2.89125e-05
0
0
5.21923e-05
0
0
0
0
0
0
0
0
0
0
0
1.31099e-05
0
0
3.93319e-05
0
0
1.56287e-05
2.12346e-06
0
2.64523e-05
2.59449e-05
0
0
1.51576e-05
0
0
0
0
0
0
0
0
0
3.27007e-06
1.87623e-05
0
0
0
0
0
0
3.37919e-05
0
0
0
0
0
0
0
0
6.24295e-07
0
3.54536e-06
0
0
0.000131975
0
0
8.16995e-06
6.68411e-06
0
0
0
1.68575e-07
3.49832e-05
0
0
0
1.89513e-05
0
0
0
0
0
0
2.61235e-05
0
0
0
0
0
0
4.72572e-05
0
4.04596e-07
0
0
0
5.91277e-06
0
0
4.23011e-05
0
0
4.1579e-06
0
3.07866e-05
0
0
0
5.04797e-05
0
0
2.43554e-06
2.57166e-06
0
1.82504e-06
1.04581e-06
2.02726e-05
0
2.46296e-06
0
0
0
0
0
0
1.34798e-06
0
0
8.84027e-07
0
0
0
0
2.55525e-05
1.76742e-05
0
0
0
1.05736e-05
0
0
0
5.91388e-05
1.1112e-06
0
0
1.34164e-06
3.12817e-06
1.1577e-05
0
0
1.73431e-06
0
0
0
0
0
0
8.74147e-05
5.59648e-06
0
3.70232e-10
7.76189e-07
0
3.56548e-05
0
1.81754e-05
0
0
0
0
1.77897e-06
6.47961e-07
0
3.66034e-06
0
0
0
1.01007e-05
0
0
1.95564e-06
0
0
0
0
0
0
0
0
0
0
0
0
0
0
0
0
2.47061e-06
0
0
0
0
9.23174e-06
0
9.57337e-06
3.40768e-06
0
1.22486e-05
8.13871e-06
0
0
0
0
0
2.74852e-06
0
0
0
0
0
0
0
0
0
1.35729e-08
0
0
5.51256e-07
0
0
0
0
0
0
0
0
0
2.55372e-08
0
4.28077e-07
0
2.08172e-06
1.46525e-06
1.18711e-06
0
0
0
0
7.42555e-07
0
1.58878e-06
0
9.48852e-06
0
1.03229e-09
5.47323e-06
0
0
4.11498e-07
2.98932e-06
0
0
0
0
0
0
0
0
0
0
0
2.19316e-08
0
4.46982e-07
0
1.2286e-10
0
0
0
0
0
0
0
4.41468e-06
2.67771e-07
1.11727e-06
0
0
0
0
0
1.96033e-05
0
0
0
2.26089e-05
0
0
4.6696e-07
1.23851e-07
0
0
4.90908e-07
6.80125e-07
0
1.64044e-07
0
3.48638e-06
0
0
0
2.52539e-06
0
0
0
0
1.34459e-05
2.39796e-07
0
0
0
1.01597e-05
0
0
0
0
3.46389e-07
0
7.97989e-09
1.0782e-05
0
0
0
1.67291e-07
0
0
4.56457e-07
0
0
0
0
1.09207e-07
7.54814e-07
0
0
0
1.1672e-05
1.19368e-06
0
0
1.07819e-07
1.81115e-06
3.11247e-09
5.02575e-07
4.76719e-06
4.65589e-06
0
0
0
0
0
0
0
0
0
0
0
6.38485e-08
4.27468e-08
0
0
0
0
3.33909e-07
4.35806e-06
0
0
0
2.23603e-06
0
0
5.26533e-08
0
0
4.74708e-08
0
6.4334e-06
0
0
7.36251e-06
0
0
0
0
0
0
0
0
0
0
0
2.01832e-06
0
0
2.03763e-06
0
9.9904e-08
1.31901e-06
1.97129e-06
0
6.32579e-06
3.36249e-06
0
0
1.72343e-05
0
0
0
0
0
0
0
0
2.48223e-07
0
1.15001e-05
0
0
5.70468e-09
0
0
0
3.21586e-06
0
0
0
0
0
0
0
0
3.16217e-08
0
5.3439e-07
0
3.56398e-07
1.93785e-05
0
0
0
8.55373e-08
0
4.20679e-07
0
1.23969e-07
4.45251e-06
0
0
0
2.4207e-07
0
0
0
0
0
0
0
0
0
0
0
0
0
5.77731e-06
0
2.7093e-07
0
0
0
1.344e-06
0
5.05717e-07
1.91398e-05
0
0
7.7716e-07
0
0
0
0
0
2.21011e-05
0
0
8.36077e-07
0
0
0
0
9.77069e-06
0
3.07538e-06
0
0
0
2.03091e-06
0
0
3.07372e-07
0
0
1.9661e-06
0
0
0
0
2.71903e-06
1.59811e-06
0
0
0
3.52136e-06
0
0
0
2.53324e-06
2.75139e-06
0
0
2.78205e-06
4.42559e-06
0
0
0
8.76423e-07
0
0
0
0
0
0
1.08766e-05
7.78071e-06
1.21767e-06
0
0
0
8.25903e-06
0
4.5282e-06
0
8.15217e-07
0
0
1.28779e-06
0
0
0
0
0
0
2.44707e-06
0
0
5.69841e-08
0
0
0
0
0
0
0
0
0
0
0
0
0
0
0
0
2.34767e-07
0
0
0
0
2.71246e-08
0
4.40514e-07
0
0
1.18438e-07
3.16767e-07
0
0
0
3.76304e-10
0
2.83047e-07
0
0
0
0
0
0
0
0
0
5.70035e-09
0
0
0
0
0
0
0
0
0
0
0
0
2.89921e-09
0
8.95021e-09
0
3.63081e-07
2.96465e-07
0
0
0
0
0
0
0
0
0
7.77355e-07
0
0
0
0
5.13695e-09
1.85947e-09
2.65842e-07
0
3.74109e-10
0
0
0
0
0
0
0
0
0
1.32562e-10
0
5.77128e-09
2.49843e-08
4.17209e-12
0
0
0
0
0
0
0
2.33482e-10
4.98994e-08
0
0
0
0
3.06833e-10
0
0
0
0
0
1.2072e-06
0
0
0
2.36418e-09
0
0
0
9.03885e-08
0
4.17681e-08
0
1.00734e-07
0
0
0
9.16769e-08
0
0
0
0
4.21292e-07
5.50694e-09
0
0
0
8.7849e-08
0
0
0
0
4.91636e-08
0
5.57012e-10
8.51207e-07
0
5.60428e-10
0
2.73519e-09
0
0
2.32583e-08
0
0
0
5.66489e-08
2.08552e-09
0
0
0
0
5.92953e-07
1.7023e-09
0
0
0
7.24821e-08
1.25192e-10
3.69571e-08
0
7.49165e-07
0
0
0
0
0
0
0
1.78739e-10
0
0
0
0
2.10784e-08
0
0
0
0
4.59925e-09
0
0
0
0
0
0
0
0
0
9.71051e-11
3.30558e-08
0
2.23879e-07
0
0
4.45847e-07
0
0
0
0
0
0
0
0
0
0
0
5.31166e-08
0
0
2.61814e-09
0
1.07941e-07
6.57001e-09
2.51441e-09
0
1.87834e-07
5.78363e-08
0
0
1.29703e-06
0
0
0
0
0
0
3.09623e-11
0
2.19019e-07
0
0
0
0
3.70311e-09
0
0
0
6.98505e-11
0
0
0
0
0
0
0
0
0
0
4.89671e-09
0
2.56145e-08
0
0
0
0
0
0
5.18968e-08
0
0
2.11716e-07
0
0
0
6.57687e-10
0
0
8.9001e-10
0
0
0
0
0
0
0
0
0
0
1.93158e-10
0
0
0
0
0
0
0
5.84285e-08
1.33172e-06
0
0
1.20722e-07
0
0
0
0
0
1.23362e-06
0
0
7.85601e-09
0
0
0
0
6.4805e-07
0
0
0
0
0
6.34409e-08
0
0
1.08668e-08
0
0
1.12123e-07
0
0
0
0
1.27361e-07
0
0
0
0
8.15164e-08
0
2.47904e-08
0
0
9.38244e-07
5.47263e-11
0
2.17997e-07
1.48096e-07
0
1.06936e-07
0
0
0
0
0
0
0
0
2.85003e-11
2.06152e-07
1.58626e-07
0
0
0
1.50326e-07
0
1.15241e-07
0
5.09031e-09
0
0
3.48816e-07
0
0
0
0
0
0
5.52555e-08
0
0
0
0
0
0
0
0
0
0
0
0
0
0
0
0
0
0
0
1.79424e-09
0
0
1.77331e-11
0
1.00788e-10
0
4.73318e-09
0
0
9.21242e-10
0
0
0
0
1.47886e-10
3.45386e-10
3.66125e-09
0
0
0
0
0
0
0
0
1.15765e-10
0
0
0
0
0
0
0
0
0
0
0
0
0
1.35939e-10
0
0
0
6.02207e-10
4.06402e-09
0
0
0
0
0
0
0
0
0
9.37887e-09
0
0
0
0
0
0
0
0
0
0
0
0
0
0
0
0
0
0
0
0
0
8.69326e-10
0
0
2.10391e-10
0
0
0
0
0
0
9.63566e-10
0
0
0
0
0
0
0
0
0
0
3.90245e-09
0
0
0
0
0
0
0
4.99311e-10
0
0
0
2.13312e-09
0
0
0
0
0
0
0
0
0
0
0
0
0
0
0
0
0
0
0
0
0
7.21122e-09
0
1.49479e-10
0
0
0
0
0
0
0
0
8.90432e-10
0
0
0
0
0
2.56818e-09
6.68277e-10
0
0
0
0
6.36868e-11
1.03694e-09
0
5.07357e-09
2.90466e-10
0
0
0
0
0
0
4.06443e-11
0
0
0
0
0
0
0
0
0
0
0
0
0
0
0
0
0
0
0
0
8.31959e-09
0
0
0
0
1.96969e-09
0
0
1.98844e-10
0
0
0
0
0
0
0
0
0
0
0
1.9319e-09
0
2.57411e-09
0
1.80717e-09
0
0
0
0
0
5.18258e-09
0
0
0
0
0
0
2.20169e-11
0
0
0
0
0
0
0
0
0
0
0
0
0
0
0
0
0
0
0
0
0
1.72913e-09
0
0
0
0
0
0
0
0
0
0
0
1.95209e-09
0
0
0
2.05754e-10
0
0
1.81492e-10
0
0
0
0
0
0
0
0
0
0
0
0
0
0
0
0
0
0
0
1.26759e-08
0
0
2.29608e-09
0
0
0
0
0
8.84139e-09
0
0
0
0
0
0
0
1.36612e-09
0
0
0
0
0
0
0
0
1.84462e-11
0
0
1.13546e-09
0
0
0
0
8.5997e-10
0
0
0
0
0
0
1.4475e-10
0
0
4.16617e-09
0
0
1.57701e-09
6.62983e-10
0
1.1057e-09
0
0
0
0
0
0
0
0
0
0
1.10338e-09
0
0
0
0
0
0
0
0
0
0
0
0
0
0
0
0
0
0
0
0
0
0
0
0
0
0
0
0
0
0
0
0
0
0
0
0
0
0
0
0
0
0
0
0
0
0
0
0
0
0
0
0
0
0
0
0
0
0
0
0
0
0
0
0
0
0
0
0
0
0
0
0
0
0
0
0
0
0
0
0
0
0
0
0
0
0
0
0
0
0
0
0
0
0
0
0
0
0
0
0
0
0
0
0
0
0
0
0
0
0
0
0
0
0
0
0
0
0
0
0
0
0
0
0
0
0
0
0
0
0
0
0
0
0
0
0
0
0
0
0
0
0
0
0
0
0
0
0
0
0
0
0
0
0
0
0
0
0
0
0
0
0
0
0
0
0
0
0
0
0
0
0
0
0
0
0
0
0
0
0
0
0
0
0
0
0
0
0
0
0
0
0
0
0
0
0
0
0
0
0
0
0
0
0
0
0
0
0
0
0
0
0
0
0
0
0
0
0
0
0
0
0
0
0
0
0
0
0
0
0
0
0
0
0
0
0
0
0
0
0
0
0
0
0
0
0
0
0
0
0
0
0
0
0
0
0
0
0
0
0
0
0
0
0
0
0
0
0
0
0
0
0
0
0
0
0
0
0
0
0
0
0
0
0
0
0
0
0
0
0
0
0
0
0
0
0
0
0
0
0
0
0
0
0
0
0
0
0
0
0
0
0
0
0
0
0
0
0
0
0
0
0
0
0
0
0
0
0
0
0
0
0
0
0
0
0
0
0
0
0
0
0
0
0
0
0
0
0
0
0
0
0
0
0
0
0
0
0
0
0
0
0
0
0
0
0
0
0
0
0
0
0
0
0
0
0
0
0
0
0
0
0
0
0
0
0
0
0
0
0
0
0
0
0
0
0
0
0
0
0
0
0
0
0
0
0
0
0
0
0
0
0
0
0
0
0
0
0
0
0
0
0
0
0
0
0
0
0
0
0
0
0
0
0
0
0
0
0
0
0
0
0
0
0
0
0
0
0
0
0
0
0
0
0
0
0
0
0
0
0
0
0
0
0
0
0
0
0
0
0
0
0
0
0
0
0
0
0
0
0
0
0
0
0
0
0
0
0
0
0
0
0
0
0
0
0
0
0
0
0
0
0
0
0
0
0
0
0
0
0
0
0
0
0
0
0
0
0
0
0
0
0
0
0
0
0
0
0
0
0
0
0
0
0
0
0
0
0
0
0
0
0
0
0
0
0
0
0
0
0
0
0
0
0
0
0
0
0
0
0
0
0
0
0
0
0
0
0
0
0
0
0
0
0
0
0
0
0
0
0
0
0
0
0
0
0
0
0
0
0
0
0
0
0
0
0
0
0
0
0
0
0
0
0
0
0
0
0
0
0
0
0
0
0
0
0
0
0
0
0
0
0
0
0
0
0
0
0
0
0
0
0
0
0
0
0
0
0
0
0
0
0
0
0
0
0
0
0
0
0
0
0
0
0
0
0
0
0
0
0
0
0
0
0
0
0
0
0
0
0
0
0
0
0
0
0
0
0
0
0
0
0
0
0
0
0
0
0
0
0
0
0
0
0
0
0
0
0
0
0
0
0
0
0
0
0
0
0
0
0
0
0
0
0
0
0
0
0
0
0
0
0
0
0
0
0
0
0
0
0
0
0
0
0
0
0
0
0
0
0
0
0
0
0
0
0
0
0
0
0
0
0
0
0
0
0
0
0
0
0
0
0
0
0
0
0
0
0
0
0
0
0
0
0
0
0
0
0
0
0
0
0
0
0
0
0
0
0
0
0
0
0
0
0
0
0
0
0
0
0
0
0
0
0
0
0
0
0
0
0
0
0
0
0
0
0
0
0
0
0
0
0
0
0
0
0
0
0
0
0
0
0
0
0
0
0
0
0
0
0
0
0
0
0
0
0
0
0
0
0
0
0
0
0
0
0
0
0
0
0
0
0
0
0
0
0
0
0
0
0
0
0
0
0
0
0
0
0
0
0
0
0
0
0
0
0
0
0
0
0
0
0
0
0
0
0
0
0
0
0
0
0
0
0
0
0
0
0
0
0
0
0
0
0
0
0
0
0
0
0
0
0
0
0
0
0
0
0
0
0
0
0
0
0
0
0
0
0
0
0
0
0
0
0
0
0
0
0
0
0
0
0
0
0
0
0
0
0
0
0
0
0
0
0
0
0
0
0
0
0
0
0
0
0
0
0
0
0
0
0
0
0
0
0
0
0
0
0
0
0
0
0
0
0
0
0
0
0
0
0
0
0
0
0
0
0
0
0
0
0
0
0
0
0
0
0
0
0
0
0
0
0
0
0
0
0
0
0
0
0
0
0
0
0
0
0
0
0
0
0
0
0
0
0
0
0
0
0
0
0
0
0
0
0
0
0
0
0
0
0
0
0
0
0
0
0
0
0
0
0
0
0
0
0
0
0
0
0
0
0
0
0
0
0
0
0
0
0
0
0
0
0
0
0
0
0
0
0
0
0
0
0
0
0
0
0
0
0
0
0
0
0
0
0
0
0
0
0
0
0
0
0
0
0
0
0
0
0
0
0
0
0
0
0
0
0
0
0
0
0
0
0
0
0
0
0
0
0
0
0
0
0
0
0
0
0
0
0
0
0
0
0
0
0
0
0
0
0
0
0
0
0
0
0
0
0
0
0
0
0
0
0
0
0
0
0
0
0
0
0
0
0
0
0
0
0
0
0
0
0
0
0
0
0
0
0
0
0
0
0
0
0
0
0
0
0
0
0
0
0
0
0
0
0
0
0
0
0
0
0
0
0
0
0
0
0
0
0
0
0
0
0
0
0
0
0
0
0
0
0
0
0
0
0
0
0
0
0
0
0
0
0
0
0
0
0
0
0
0
0
0
0
0
0
0
0
0
0
0
0
0
0
0
0
0
0
0
0
0
0
0
0
0
0
0
0
0
0
0
0
0
0
0
0
0
0
0
0
0
0
0
0
0
0
0
0
0
0
0
0
0
0
0
0
0
0
0
0
0
0
0
0
0
0
0
0
0
0
0
0
0
0
0
0
0
0
0
0
0
0
0
0
0
0
0
0
0
0
0
0
0
0
0
0
0
0
0
0
0
0
0
0
0
0
0
0
0
0
0
0
0
0
0
0
0
0
0
0
0
0
0
0
0
0
0
0
0
0
0
0
0
0
0
0
0
0
0
0
0
0
0
0
0
0
0
0
0
0
0
0
0
0
0
0
0
0
0
0
0
0
0
0
0
0
0
0
0
0
0
0
0
0
0
0
0
0
0
0
0
0
0
0
0
0
0
0
0
0
0
0
0
0
0
0
0
0
0
0
0
0
0
0
0
0
0
0
0
0
0
0
0
0
0
0
0
0
0
0
0
0
0
0
0
0
0
0
0
0
0
0
0
0
0
0
0
0
0
0
0
0
0
0
0
0
0
0
0
0
0
0
0
0
0
0
0
0
0
0
0
0
0
0
0
0
0
0
0
0
0
0
0
0
0
0
0
0
0
0
0
0
0
0
0
0
0
0
0
0
0
0
0
0
0
0
0
0
0
0
0
0
0
0
0
0
0
0
0
0
0
0
0
0
0
0
0
0
0
0
0
0
0
0
0
0
0
0
0
0
0
0
0
0
0
0
0
0
0
0
0
0
0
0
0
0
0
0
0
0
0
0
0
0
0
0
0
0
0
0
0
0
0
0
0
0
0
0
0
0
0
0
0
0
0
0
0
0
0
0
0
0
0
0
0
0
0
0
0
0
0
0
0
0
0
0
0
0
0
0
0
0
0
0
0
0
0
0
0
0
0
0
0
0
0
0
0
0
0
0
0
0
0
0
0
0
0
0
0
0
0
0
0
0
0
0
0
0
0
0
0
0
0
0
0
0
0
0
0
0
0
0
0
0
0
0
0
0
0
0
0
0
0
0
0
0
0
0
0
0
0
0
0
0
0
0
0
0
0
0
0
0
0
0
0
0
0
0
0
0
0
0
0
0
0
0
0
0
0
0
0
0
0
0
0
0
0
0
0
0
0
0
0
0
0
0
0
0
0
0
0
0
0
0
0
0
0
0
0
0
0
0
0
0
0
0
0
0
0
0
0
0
0
0
0
0
0
0
0
0
0
0
0
0
0
0
0
0
0
0
0
0
0
0
0
0
0
0
0
0
0
0
0
0
0
0
0
0
0
0
0
0
0
0
0
0
0
0
0
0
0
0
0
0
0
0
0
0
0
0
0
0
0
0
0
0
0
0
0
0
0
0
0
0
0
0
0
0
0
0
0
0
0
0
0
0
0
0
0
0
0
0
0
0
0
0
0
0
0
0
0
0
0
0
0
0
0
0
0
0
0
0
0
0
0
0
0
0
0
0
0
0
0
0
0
0
0
0
0
0
0
0
0
0
0
0
0
0
0
0
0
0
0
0
0
0
0
0
0
0
0
0
0
0
0
0
0
0
0
0
0
0
0
0
0
0
0
0
0
0
0
0
0
0
0
0
0
0
0
0
0
0
0
0
0
0
0
0
0
0
0
0
0
0
0
0
0
0
0
0
0
0
0
0
0
0
0
0
0
0
0
0
0
0
0
0
0
0
0
0
0
0
0
0
0
0
0
0
0
0
0
0
0
0
0
0
0
0
0
0
0
0
0
0
0
0
0
0
0
0
0
0
0
0
0
0
0
0
0
0
0
0
0
0
0
0
0
0
0
0
0
0
0
0
0
0
0
0
0
0
0
0
0
0
0
0
0
0
0
0
0
0
0
0
0
0
0
0
0
0
0
0
0
0
0
0
0
0
0
0
0
0
0
0
0
0
0
0
0
0
0
0
0
0
0
0
0
0
0
0
0
0
0
0
0
0
0
0
0
0
0
0
0
0
0
0
0
0
0
0
0
0
0
0
0
0
0
0
0
0
0
0
0
0
0
0
0
0
0
0
0
0
0
0
0
0
0
0
0
0
0
0
0
0
0
0
0
0
0
0
0
0
0
0
0
0
0
0
0
0
0
0
0
0
0
0
0
0
0
0
0
0
0
0
0
0
0
0
0
0
0
0
0
0
0
0
0
0
0
0
0
0
0
0
0
0
0
0
0
0
0
0
0
0
0
0
0
0
0
0
0
0
0
0
0
0
0
0
0
0
0
0
0
0
0
0
0
0
0
0
0
0
0
0
0
0
0
0
0
0
0
0
0
0
0
0
0
0
0
0
0
0
0
0
0
0
0
0
0
0
0
0
0
0
0
0
0
0
0
0
0
0
0
0
0
0
0
0
0
0
0
0
0
0
0
0
0
0
0
0
0
0
0
0
0
0
0
0
0
0
0
0
0
0
0
0
0
0
0
0
0
0
0
0
0
0
0
0
0
0
0
0
0
0
0
0
0
0
0
0
0
0
0
0
0
0
0
0
0
0
0
0
0
0
0
0
0
0
0
0
0
0
0
0
0
0
0
0
0
0
0
0
0
0
0
0
0
0
0
0
0
0
0
0
0
0
0
0
0
0
0
0
0
0
0
0
0
0
0
0
0
0
0
0
0
0
0
0
0
0
0
0
0
0
0
0
0
0
0
0
0
0
0
0
0
0
0
0
0
0
0
0
0
0
0
0
0
0
0
0
0
0
0
0
0
0
0
0
0
0
0
0
0
0
0
0
0
0
0
0
0
0
0
0
0
0
0
0
0
0
0
0
0
0
0
0
0
0
0
0
0
0
0
0
0
0
0
0
0
0
0
0
0
0
0
0
0
0
0
0
0
0
0
0
0
0
0
0
0
0
0
0
0
0
0
0
0
0
0
0
0
0
0
0
0
0
0
0
0
0
0
0
0
0
0
0
0
0
0
0
0
0
0
0
0
0
0
0
0
0
0
0
0
0
0
0
0
0
0
0
0
0
0
0
0
0
0
0
0
0
0
0
0
0
0
0
0
0
0
0
0
0
0
0
0
0
0
0
0
0
0
0
0
0
0
0
0
0
0
0
0
0
0
0
0
0
0
0
0
0
0
0
0
0
0
0
0
0
0
0
0
0
0
0
0
0
0
0
0
0
0
0
0
0
0
0
0
0
0
0
0
0
0
0
0
0
0
0
0
0
0
0
0
0
0
0
0
0
0
0
0
0
0
0
0
0
0
0
0
0
0
0
0
0
0
0
0
0
0
0
0
0
0
0
0
0
0
0
0
0
0
0
0
0
0
0
0
0
0
0
0
0
0
0
0
0
0
0
0
0
0
0
0
0
0
0
0
0
0
0
0
0
0
0
0
0
0
0
0
0
0
0
0
0
0
0
0
0
0
0
0
0
0
0
0
0
0
0
0
0
0
0
0
0
0
0
0
0
0
0
0
0
0
0
0
0
0
0
0
0
0
0
0
0
0
0
0
0
0
0
0
0
0
0
0
0
0
0
0
0
0
0
0
0
0
0
0
0
0
0
0
0
0
0
0
0
0
0
0
0
0
0
0
0
0
0
0
0
0
0
0
0
0
0
0
0
0
0
0
0
0
0
0
0
0
0
0
0
0
0
0
0
0
0
0
0
0
0
0
0
0
0
0
0
0
0
0
0
0
0
0
0
0
0
0
0
0
0
0
0
0
0
0
0
0
0
0
0
0
0
0
0
0
0
0
0
0
0
0
0
0
0
0
0
0
0
0
0
0
0
0
0
0
0
0
0
0
0
0
0
0
0
0
0
0
0
0
0
0
0
0
0
0
0
0
0
0
0
0
0
0
0
0
0
0
0
0
0
0
0
0
0
0
0
0
0
0
0
0
0
0
0
0
0
0
0
0
0
0
0
0
0
0
0
0
0
0
0
0
0
0
0
0
0
0
0
0
0
0
0
0
0
0
0
0
0
0
0
0
0
0
0
0
0
0
0
0
0
0
0
0
0
0
0
0
0
0
0
0
0
0
0
0
0
0
0
0
0
0
0
0
0
0
0
0
0
0
0
0
0
0
0
0
0
0
0
0
0
0
0
0
0
0
0
0
0
0
0
0
0
0
0
0
0
0
0
0
0
0
0
0
0
0
0
0
0
0
0
0
0
0
0
0
0
0
0
0
0
0
0
0
0
0
0
0
0
0
0
0
0
0
0
0
0
0
0
0
0
0
0
0
0
0
0
0
0
0
0
0
0
0
0
0
0
0
0
0
0
0
0
0
0
0
0
0
0
0
0
0
0
0
0
0
0
0
0
0
0
0
0
0
0
0
0
0
0
0
0
0
0
0
0
0
0
0
0
0
0
0
0
0
0
0
0
0
0
0
0
0
0
0
0
0
0
0
0
0
0
0
0
0
0
0
0
0
0
0
0
0
0
0
0
0
0
0
0
0
0
0
0
0
0
0
0
0
0
0
0
0
0
0
0
0
0
0
0
0
0
0
0
0
0
0
0
0
0
0
0
0
0
0
0
0
0
0
0
0
0
0
0
0
0
0
0
0
0
0
0
0
0
0
0
0
0
0
0
0
0
0
0
0
0
0
0
0
0
0
0
0
0
0
0
0
0
0
0
0
0
0
0
0
0
0
0
0
0
0
0
0
0
0
0
0
0
0
0
0
0
0
0
0
0
0
0
0
0
0
0
0
0
0
0
0
0
0
0
0
0
0
0
0
0
0
0
0
0
0
0
0
0
0
0
0
0
0
0
0
0
0
0
0
0
0
0
0
0
0
0
0
0
0
0
0
0
0
0
0
0
0
0
0
0
0
0
0
0
0
0
0
0
0
0
0
0
0
0
0
0
0
0
0
0
0
0
0
0
0
0
0
0
0
0
0
0
0
0
0
0
0
0
0
0
0
0
0
0
0
0
0
0
0
0
0
0
0
0
0
0
0
0
0
0
0
0
0
0
0
0
0
0
0
0
0
0
0
0
0
0
0
0
0
0
0
0
0
0
0
0
0
0
0
0
0
0
0
0
0
0
0
0
0
0
0
0
0
0
0
0
0
0
0
0
0
0
0
0
0
0
0
0
0
0
0
0
0
0
0
0
0
0
0
0
0
0
0
0
0
0
0
0
0
0
0
0
0
0
0
0
0
0
0
0
0
0
0
0
0
0
0
0
0
0
0
0
0
0
0
0
0
0
0
0
0
0
0
0
0
0
0
0
0
0
0
0
0
0
0
0
0
0
0
0
0
0
0
0
0
0
0
0
0
0
0
0
0
0
0
0
0
0
0
0
0
0
0
0
0
0
0
0
0
0
0
0
0
0
0
0
0
0
0
0
0
0
0
0
0
0
0
0
0
0
0
0
0
0
0
0
0
0
0
0
0
0
0
0
0
0
0
0
0
0
0
0
0
0
0
0
0
0
0
0
0
0
0
0
0
0
0
0
0
0
0
0
0
0
0
0
0
0
0
0
0
0
0
0
0
0
0
0
0
0
0
0
0
0
0
0
0
0
0
0
0
0
0
0
0
0
0
0
0
0
0
0
0
0
0
0
0
0
0
0
0
0
0
0
0
0
0
0
0
0
0
0
0
0
0
0
0
0
0
0
0
0
0
0
0
0
0
0
0
0
0
0
0
0
0
0
0
0
0
0
0
0
0
0
0
0
0
0
0
0
0
0
0
0
0
0
0
0
0
0
0
0
0
0
0
0
0
0
0
0
0
0
0
0
0
0
0
0
0
0
0
0
0
0
0
0
0
0
0
0
0
0
0
0
0
0
0
0
0
0
0
0
0
0
0
0
0
0
0
0
0
0
0
0
0
0
0
0
0
0
0
0
0
0
0
0
0
0
0
0
0
0
0
0
0
0
0
0
0
0
0
0
0
0
0
0
0
0
0
0
0
0
0
0
0
0
0
0
0
0
0
0
0
0
0
0
0
0
0
0
0
0
0
0
0
0
0
0
0
0
0
0
0
0
0
0
0
0
0
0
0
0
0
0
0
0
0
0
0
0
0
0
0
0
0
0
0
0
0
0
0
0
0
0
0
0
0
0
0
0
0
0
0
0
0
0
0
0
0
0
0
0
0
0
0
0
0
0
0
0
0
0
0
0
0
0
0
0
0
0
0
0
0
0
0
0
0
0
0
0
0
0
0
0
0
0
0
0
0
0
0
0
0
0
0
0
0
0
0
0
0
0
0
0
0
0
0
0
0
0
0
0
0
0
0
0
0
0
0
0
0
0
0
0
0
0
0
0
0
0
0
0
0
0
0
0
0
0
0
0
0
0
0
0
0
0
0
0
0
0
0
0
0
0
0
0
0
0
0
0
0
0
0
0
0
0
0
0
0
0
0
0
0
0
0
0
0
0
0
0
0
0
0
0
0
0
0
0
0
0
0
0
0
0
0
0
0
0
0
0
0
0
0
0
0
0
0
0
0
0
0
0
0
0
0
0
0
0
0
0
0
0
0
0
0
0
0
0
0
0
0
0
0
0
0
0
0
0
0
0
0
0
0
0
0
0
0
0
0
0
0
0
0
0
0
0
0
0
0
0
0
0
0
0
0
0
0
0
0
0
0
0
0
0
0
0
0
0
0
0
0
0
0
0
0
0
0
0
0
0
0
0
0
0
0
0
0
0
0
0
0
0
0
0
0
0
0
0
0
0
0
0
0
0
0
0
0
0
0
0
0
0
0
0
0
0
0
0
0
0
0
0
0
0
0
0
0
0
0
0
0
0
0
0
0
0
0
0
0
0
0
0
0
0
0
0
0
0
0
0
0
0
0
0
0
0
0
0
0
0
0
0
0
0
0
0
0
0
0
0
0
0
0
0
0
0
0
0
0
0
0
0
0
0
0
0
0
0
0
0
0
0
0
0
0
0
0
0
0
0
0
0
0
0
0
0
0
0
0
0
0
0
0
0
0
0
0
0
0
0
0
0
0
0
0
0
0
0
0
0
0
0
0
0
0
0
0
0
0
0
0
0
0
0
0
0
0
0
0
0
0
0
0
0
0
0
0
0
0
0
0
0
0
0
0
0
0
0
0
0
0
0
0
0
0
0
0
0
0
0
0
0
0
0
0
0
0
0
0
0
0
0
0
0
0
0
0
0
0
0
0
0
0
0
0
0
0
0
0
0
0
0
0
0
0
0
0
0
0
0
0
0
0
0
0
0
0
0
0
0
0
0
0
0
0
0
0
0
0
0
0
0
0
0
0
0
0
0
0
0
0
0
0
0
0
0
0
0
0
0
0
0
0
0
0
0
0
0
0
0
0
0
0
0
0
0
0
0
0
0
0
0
0
0
0
0
0
0
0
0
0
0
0
0
0
0
0
0
0
0
0
0
0
0
0
0
0
0
0
0
0
0
0
0
0
0
0
0
0
0
0
0
0
0
0
0
0
0
0
0
0
0
0
0
0
0
0
0
0
0
0
0
0
0
0
0
0
0
0
0
0
0
0
0
0
0
0
0
0
0
0
0
0
0
0
0
0
0
0
0
0
0
0
0
0
0
0
0
0
0
0
0
0
0
0
0
0
0
0
0
0
0
0
0
0
0
0
0
0
0
0
0
0
0
0
0
0
0
0
0
0
0
0
0
0
0
0
0
0
0
0
0
0
0
0
0
0
0
0
0
0
0
0
0
0
0
0
0
0
0
0
0
0
0
0
0
0
0
0
0
0
0
0
0
0
0
0
0
0
0
0
0
0
0
0
0
0
0
0
0
0
0
0
0
0
0
0
0
0
0
0
0
0
0
0
0
0
0
0
0
0
0
0
0
0
0
0
0
0
0
0
0
0
0
0
0
0
0
0
0
0
0
0
0
0
0
0
0
0
0
0
0
0
0
0
0
0
0
0
0
0
0
0
0
0
0
0
0
0
0
0
0
0
0
0
0
0
0
0
0
0
0
0
0
0
0
0
0
0
0
0
0
0
0
0
0
0
0
0
0
0
0
0
0
0
0
0
0
0
0
0
0
0
0
0
0
0
0
0
0
0
0
0
0
0
0
0
0
0
0
0
0
0
0
0
0
0
0
0
0
0
0
0
0
0
0
0
0
0
0
0
0
0
0
0
0
0
0
0
0
0
0
0
0
0
0
0
0
0
0
0
0
0
0
0
0
0
0
0
0
0
0
0
0
0
0
0
0
0
0
0
0
0
0
0
0
0
0
0
0
0
0
0
0
0
0
0
0
0
0
0
0
0
0
0
0
0
0
0
0
0
0
0
0
0
0
0
0
0
0
0
0
0
0
0
0
0
0
0
0
0
0
0
0
0
0
0
0
0
0
0
0
0
0
0
0
0
0
0
0
0
0
0
0
0
0
0
0
0
0
0
0
0
0
0
0
0
0
0
0
0
0
0
0
0
0
0
0
0
0
0
0
0
0
0
0
0
0
0
0
0
0
0
0
0
0
0
0
0
0
0
0
0
0
0
0
0
0
0
0
0
0
0
0
0
0
0
0
0
0
0
0
0
0
0
0
0
0
0
0
0
0
0
0
0
0
0
0
0
0
0
0
0
0
0
0
0
0
0
0
0
0
0
0
0
0
0
0
0
0
0
0
0
0
0
0
0
0
0
0
0
0
0
0
0
0
0
0
0
0
0
0
0
0
0
0
0
0
0
0
0
0
0
0
0
0
0
0
0
0
0
0
0
0
0
0
0
0
0
0
0
0
0
0
0
0
0
0
0
0
0
0
0
0
0
0
0
0
0
0
0
0
0
0
0
0
0
0
0
0
0
0
0
0
0
0
0
0
0
0
0
0
0
0
0
0
0
0
0
0
0
0
0
0
0
0
0
0
0
0
0
0
0
0
0
0
0
0
0
0
0
0
0
0
0
0
0
0
0
0
0
0
0
0
0
0
0
0
0
0
0
0
0
0
0
0
0
0
0
0
0
0
0
0
0
0
0
0
0
0
0
0
0
0
0
0
0
0
0
0
0
0
0
0
0
0
0
0
0
0
0
0
0
0
0
0
0
0
0
0
0
0
0
0
0
0
0
0
0
0
0
0
0
0
0
0
0
0
0
0
0
0
0
0
0
0
0
0
0
0
0
0
0
0
0
0
0
0
0
0
0
0
0
0
0
0
0
0
0
0
0
0
0
0
0
0
0
0
0
0
0
0
0
0
0
0
0
0
0
0
0
0
0
0
0
0
0
0
0
0
0
0
0
0
0
0
0
0
0
0
0
0
0
0
0
0
0
0
0
0
0
0
0
0
0
0
0
0
0
0
0
0
0
0
0
0
0
0
0
0
0
0
0
0
0
0
0
0
0
0
0
0
0
0
0
0
0
0
0
0
0
0
0
0
0
0
0
0
0
0
0
0
0
0
0
0
0
0
0
0
0
0
0
0
0
0
0
0
0
0
0
0
0
0
0
0
0
0
0
0
0
0
0
0
0
0
0
0
0
0
0
0
0
0
0
0
0
0
0
0
0
0
0
0
0
0
0
0
0
0
0
0
0
0
0
0
0
0
0
0
0
0
0
0
0
0
0
0
0
0
0
0
0
0
0
0
0
0
0
0
0
0
0
0
0
0
0
0
0
0
0
0
0
0
0
0
0
0
0
0
0
0
0
0
0
0
0
0
0
0
0
0
0
0
0
0
0
0
0
0
0
0
0
0
0
0
0
0
0
0
0
0
0
0
0
0
0
0
0
0
0
0
0
0
0
0
0
0
0
0
0
0
0
0
0
0
0
0
0
0
0
0
0
0
0
0
0
0
0
0
0
0
0
0
0
0
0
0
0
0
0
0
0
0
0
0
0
0
0
0
0
0
0
0
0
0
0
0
0
0
0
0
0
0
0
0
0
0
0
0
0
0
0
0
0
0
0
0
0
0
0
0
0
0
0
0
0
0
0
0
0
0
0
0
0
0
0
0
0
0
0
0
0
0
0
0
0
0
0
0
0
0
0
0
0
0
0
0
0
0
0
0
0
0
0
0
0
0
0
0
0
0
0
0
0
0
0
0
0
0
0
0
0
0
0
0
0
0
0
0
0
0
0
0
0
0
0
0
0
0
0
0
0
0
0
0
0
0
0
0
0
0
0
0
0
0
0
0
0
0
0
0
0
0
0
0
0
0
0
0
0
0
0
0
0
0
0
0
0
0
0
0
0
0
0
0
0
0
0
0
0
0
0
0
0
0
0
0
0
0
0
0
0
0
0
0
0
0
0
