4.33123e+30
3.64444e+30
3.79838e+30
3.88913e+30
3.52214e+30
4.57908e+30
4.07674e+30
3.38053e+30
3.78503e+30
4.38954e+30
3.67295e+30
4.52906e+30
4.87635e+30
3.90661e+30
3.48268e+30
4.19283e+30
5.05332e+30
3.71238e+30
3.84758e+30
3.41352e+30
4.00051e+30
3.8981e+30
4.52076e+30
4.43286e+30
4.86435e+30
3.64802e+30
4.30369e+30
4.84191e+30
4.47602e+30
5.19531e+30
4.27396e+30
5.18717e+30
3.3257e+30
4.60542e+30
3.88998e+30
3.55383e+30
3.62672e+30
3.92561e+30
3.99834e+30
4.05334e+30
3.71923e+30
4.13994e+30
3.87592e+30
3.39063e+30
4.00306e+30
3.59316e+30
3.85386e+30
4.45359e+30
4.17288e+30
4.30671e+30
4.02132e+30
3.32554e+30
4.26768e+30
4.44148e+30
3.4544e+30
3.79232e+30
3.7502e+30
5.65368e+30
4.12543e+30
4.21583e+30
4.74238e+30
5.35426e+30
5.3778e+30
4.61211e+30
3.34578e+30
4.74758e+30
3.61042e+30
4.29596e+30
4.40619e+30
3.62409e+30
3.2049e+30
4.1642e+30
3.59097e+30
3.72386e+30
3.25847e+30
3.39946e+30
3.58741e+30
3.76745e+30
3.74312e+30
3.65222e+30
3.72521e+30
4.14945e+30
4.87142e+30
4.25485e+30
4.48544e+30
3.9279e+30
4.19272e+30
4.5452e+30
3.60074e+30
3.93866e+30
3.95031e+30
4.30531e+30
5.46452e+30
3.80582e+30
3.58924e+30
4.06331e+30
4.4992e+30
3.87179e+30
2.93803e+30
3.92156e+30
4.39229e+30
4.5213e+30
3.43276e+30
5.05305e+30
3.79036e+30
3.25888e+30
3.92579e+30
4.00208e+30
3.67345e+30
4.49709e+30
3.22169e+30
3.67798e+30
4.59982e+30
4.11896e+30
3.97361e+30
4.01424e+30
3.91832e+30
4.60691e+30
3.86986e+30
4.10096e+30
3.36348e+30
4.52955e+30
3.96065e+30
4.63175e+30
4.31762e+30
3.85586e+30
3.5521e+30
4.73845e+30
5.07825e+30
3.18677e+30
4.23203e+30
5.09097e+30
5.09119e+30
3.86297e+30
4.06887e+30
3.91317e+30
4.04566e+30
3.30682e+30
3.98083e+30
3.91016e+30
3.73766e+30
4.36338e+30
4.42912e+30
4.29274e+30
4.24195e+30
3.6023e+30
4.60415e+30
3.23752e+30
4.4817e+30
4.60427e+30
3.76108e+30
4.39707e+30
3.98758e+30
3.7617e+30
3.82441e+30
3.83422e+30
3.5295e+30
3.95682e+30
3.55456e+30
4.12647e+30
3.82503e+30
4.18687e+30
3.7983e+30
4.00823e+30
4.66293e+30
5.17674e+30
3.99046e+30
3.84771e+30
3.57145e+30
3.52089e+30
3.52715e+30
3.84087e+30
3.59646e+30
3.96021e+30
3.7745e+30
3.90769e+30
4.53681e+30
4.25874e+30
3.75046e+30
3.80043e+30
3.75406e+30
4.52125e+30
4.29715e+30
3.67035e+30
3.24036e+30
4.78763e+30
3.37668e+30
3.49948e+30
3.987e+30
4.93095e+30
3.6539e+30
3.71621e+30
4.48354e+30
3.13145e+30
3.50418e+30
4.44212e+30
4.64929e+30
3.60599e+30
5.33511e+30
3.73152e+30
4.62109e+30
5.28758e+30
2.88438e+30
4.21895e+30
3.82247e+30
4.31773e+30
4.03768e+30
3.60304e+30
4.45281e+30
5.22381e+30
3.97686e+30
4.27383e+30
3.99266e+30
3.32572e+30
3.6874e+30
3.98024e+30
4.10743e+30
3.8069e+30
3.84101e+30
4.47956e+30
3.74585e+30
3.99437e+30
4.25699e+30
3.89967e+30
3.95934e+30
5.43691e+30
4.08794e+30
3.58111e+30
4.29296e+30
3.98621e+30
4.40671e+30
3.8932e+30
4.06775e+30
3.9645e+30
3.21985e+30
4.03498e+30
3.56444e+30
3.8253e+30
3.6395e+30
3.73118e+30
3.16615e+30
4.34451e+30
4.08846e+30
4.41504e+30
4.88754e+30
4.60912e+30
4.49221e+30
3.78873e+30
4.15441e+30
3.81778e+30
4.43858e+30
3.92949e+30
3.3795e+30
4.00227e+30
3.45133e+30
4.25801e+30
4.65708e+30
3.81674e+30
4.87695e+30
3.85946e+30
4.30974e+30
3.14976e+30
4.12584e+30
4.39184e+30
4.86306e+30
5.04235e+30
3.82247e+30
4.05378e+30
4.8179e+30
3.27703e+30
4.00895e+30
4.68471e+30
4.78456e+30
4.53891e+30
4.34747e+30
3.76317e+30
3.86549e+30
4.06541e+30
4.65078e+30
3.71933e+30
4.00912e+30
4.67693e+30
3.70464e+30
5.12597e+30
3.48628e+30
3.78971e+30
4.28269e+30
3.63182e+30
4.88543e+30
3.58073e+30
4.86449e+30
4.52444e+30
3.95745e+30
3.91843e+30
4.25316e+30
4.28192e+30
3.91354e+30
4.57373e+30
3.44828e+30
3.95219e+30
4.03545e+30
3.69151e+30
3.24736e+30
4.45892e+30
4.43044e+30
4.06632e+30
3.71048e+30
3.82054e+30
4.45805e+30
4.6608e+30
4.121e+30
4.4408e+30
3.77147e+30
4.4162e+30
4.31861e+30
3.42828e+30
4.1052e+30
4.15237e+30
3.2899e+30
3.2172e+30
3.86385e+30
4.11312e+30
3.82216e+30
5.02405e+30
3.95769e+30
3.87176e+30
3.99501e+30
4.48737e+30
3.90204e+30
3.9124e+30
3.87963e+30
4.66763e+30
4.09331e+30
4.33992e+30
4.01862e+30
3.67549e+30
4.93259e+30
4.11272e+30
4.67531e+30
4.45502e+30
3.89171e+30
3.77517e+30
3.43666e+30
4.51583e+30
3.74028e+30
4.46857e+30
4.31378e+30
3.85618e+30
4.511e+30
3.56848e+30
3.4871e+30
3.67848e+30
3.8202e+30
4.53674e+30
4.2162e+30
3.92386e+30
3.51657e+30
3.41017e+30
4.30749e+30
3.79853e+30
3.83831e+30
3.88496e+30
3.56365e+30
3.60206e+30
4.11655e+30
5.11676e+30
4.77061e+30
3.81688e+30
4.22831e+30
5.16252e+30
4.18598e+30
4.41223e+30
4.89904e+30
3.9367e+30
3.27608e+30
4.68374e+30
5.4727e+30
3.82689e+30
4.71136e+30
4.71696e+30
4.36729e+30
3.69528e+30
4.7091e+30
4.20667e+30
3.71579e+30
4.49427e+30
4.02412e+30
5.00657e+30
4.12368e+30
4.13315e+30
4.60452e+30
3.7597e+30
3.55204e+30
3.84289e+30
4.0707e+30
4.18507e+30
4.59466e+30
4.72268e+30
3.99225e+30
3.04241e+30
5.32266e+30
3.63016e+30
3.50065e+30
3.55267e+30
4.48763e+30
4.59165e+30
4.48361e+30
3.35509e+30
3.96851e+30
4.11358e+30
3.46397e+30
3.86452e+30
3.82551e+30
4.69342e+30
4.79677e+30
4.77988e+30
4.42979e+30
3.78693e+30
5.56502e+30
3.21641e+30
3.80294e+30
2.96838e+30
4.65911e+30
4.35442e+30
4.12784e+30
4.10598e+30
4.29233e+30
4.00639e+30
3.57052e+30
4.76045e+30
5.03214e+30
5.05851e+30
4.07031e+30
4.54601e+30
5.44587e+30
5.21388e+30
4.08617e+30
4.68436e+30
5.38609e+30
4.23557e+30
4.54102e+30
4.11926e+30
4.07994e+30
4.09743e+30
3.92341e+30
3.41418e+30
4.05113e+30
4.0822e+30
5.11245e+30
4.46523e+30
4.19521e+30
4.57609e+30
4.908e+30
4.6472e+30
4.2713e+30
4.29253e+30
3.80126e+30
4.33236e+30
4.61981e+30
3.93821e+30
4.56371e+30
4.1652e+30
4.96068e+30
4.81948e+30
4.69548e+30
4.21084e+30
3.41756e+30
4.10882e+30
4.40148e+30
5.05696e+30
4.15404e+30
4.58367e+30
4.06931e+30
4.65512e+30
4.56475e+30
4.11804e+30
4.75587e+30
4.34147e+30
3.86031e+30
4.85158e+30
3.13094e+30
3.4568e+30
4.10295e+30
4.014e+30
3.93811e+30
3.28869e+30
3.90822e+30
4.00112e+30
4.49305e+30
3.46344e+30
4.18907e+30
5.16592e+30
4.40097e+30
3.82222e+30
3.83277e+30
4.88692e+30
3.91924e+30
3.5066e+30
4.75956e+30
3.59715e+30
3.85936e+30
4.48503e+30
3.19357e+30
4.40513e+30
4.02278e+30
3.49038e+30
4.9019e+30
3.93312e+30
3.68682e+30
4.07226e+30
4.05166e+30
3.66942e+30
4.14311e+30
3.65073e+30
4.27818e+30
4.62222e+30
3.86555e+30
4.32307e+30
3.84581e+30
3.82331e+30
3.72946e+30
3.57587e+30
4.40908e+30
3.8921e+30
3.66634e+30
3.76708e+30
3.65713e+30
4.475e+30
3.3748e+30
4.68882e+30
4.05509e+30
4.6834e+30
3.9564e+30
3.87609e+30
4.04785e+30
3.81908e+30
3.96915e+30
4.32143e+30
4.23687e+30
3.98682e+30
4.18969e+30
4.24742e+30
3.91821e+30
3.86465e+30
4.11139e+30
3.84809e+30
4.55447e+30
4.64264e+30
4.71484e+30
2.70203e+30
3.8214e+30
4.3219e+30
3.99513e+30
3.49821e+30
3.52659e+30
4.1368e+30
3.4402e+30
4.18419e+30
3.98687e+30
3.85882e+30
4.14143e+30
4.00572e+30
4.20491e+30
3.74315e+30
4.10607e+30
4.45207e+30
4.00166e+30
5.01656e+30
4.74846e+30
3.64246e+30
4.33487e+30
4.00222e+30
4.77995e+30
3.2221e+30
5.59755e+30
3.38042e+30
4.62251e+30
4.16836e+30
4.16227e+30
3.87275e+30
4.72367e+30
3.56691e+30
4.31335e+30
3.65742e+30
4.65346e+30
4.05978e+30
4.22754e+30
3.91988e+30
3.4108e+30
3.39988e+30
4.47905e+30
3.80552e+30
3.23779e+30
3.10127e+30
3.22795e+30
3.15851e+30
4.00536e+30
3.55029e+30
4.24011e+30
4.23238e+30
4.27058e+30
3.37551e+30
3.75728e+30
4.8559e+30
4.65713e+30
4.09679e+30
5.04428e+30
5.07073e+30
3.89381e+30
3.61446e+30
4.5572e+30
4.10312e+30
3.97468e+30
3.32285e+30
4.17026e+30
3.80862e+30
4.35732e+30
5.02795e+30
4.1947e+30
4.12543e+30
3.74985e+30
4.32969e+30
4.5278e+30
3.80545e+30
3.80894e+30
4.85267e+30
3.67376e+30
3.99107e+30
4.3583e+30
3.77542e+30
4.22625e+30
3.9824e+30
4.70398e+30
3.89303e+30
3.66282e+30
3.76009e+30
4.93973e+30
3.63457e+30
4.1577e+30
4.33189e+30
3.89771e+30
3.92192e+30
4.14764e+30
4.32433e+30
3.9589e+30
4.19938e+30
4.59102e+30
3.90759e+30
3.89655e+30
3.95854e+30
4.52079e+30
4.62024e+30
4.55302e+30
4.44554e+30
4.5106e+30
4.01893e+30
4.29192e+30
3.77062e+30
4.11806e+30
3.70093e+30
3.27826e+30
3.51463e+30
5.31801e+30
5.05664e+30
3.82059e+30
4.10723e+30
4.46232e+30
3.86088e+30
3.76868e+30
3.4578e+30
3.61438e+30
3.85189e+30
4.02722e+30
3.71986e+30
3.97885e+30
4.15658e+30
3.33032e+30
4.18353e+30
3.3038e+30
3.75572e+30
3.94661e+30
4.33594e+30
3.1975e+30
3.83435e+30
4.39042e+30
3.73827e+30
3.95823e+30
4.09788e+30
3.89986e+30
3.35107e+30
3.96936e+30
3.54493e+30
3.6159e+30
4.09258e+30
3.14662e+30
4.52144e+30
4.26058e+30
3.94721e+30
3.92097e+30
4.96859e+30
4.0118e+30
4.02002e+30
3.90839e+30
4.1554e+30
4.49882e+30
4.67274e+30
4.11229e+30
4.61625e+30
4.01693e+30
3.77751e+30
5.45049e+30
3.62264e+30
4.04606e+30
4.49507e+30
3.00611e+30
3.89397e+30
4.55149e+30
4.06515e+30
4.34524e+30
4.06699e+30
3.63239e+30
3.82174e+30
4.38986e+30
3.39095e+30
3.845e+30
4.45611e+30
3.37451e+30
4.90066e+30
4.0459e+30
4.38027e+30
3.10771e+30
4.03318e+30
3.16071e+30
3.714e+30
4.3552e+30
3.65536e+30
3.81742e+30
5.34436e+30
4.04015e+30
3.80135e+30
3.62331e+30
4.65986e+30
3.99081e+30
3.81963e+30
3.7625e+30
3.58196e+30
3.12658e+30
4.08077e+30
4.50487e+30
3.2911e+30
4.75266e+30
4.64181e+30
4.54016e+30
4.3244e+30
3.66517e+30
3.55524e+30
4.32017e+30
4.26661e+30
3.19357e+30
4.78722e+30
4.47057e+30
4.48841e+30
4.17277e+30
3.15322e+30
4.57146e+30
3.45757e+30
4.66516e+30
4.01756e+30
3.14954e+30
4.10963e+30
5.1588e+30
4.39421e+30
4.8882e+30
4.60173e+30
5.09092e+30
3.58693e+30
3.9613e+30
3.73331e+30
3.82423e+30
2.85597e+30
3.81048e+30
3.95303e+30
4.25401e+30
4.13961e+30
4.38395e+30
4.76277e+30
3.67702e+30
4.0648e+30
3.59087e+30
4.47009e+30
4.58814e+30
5.1374e+30
3.43672e+30
4.49909e+30
3.56788e+30
3.69057e+30
3.87349e+30
3.79419e+30
3.48794e+30
3.68493e+30
3.05674e+30
3.21002e+30
4.58093e+30
3.51228e+30
3.69357e+30
5.12747e+30
4.23104e+30
4.75229e+30
4.58757e+30
4.52272e+30
3.76711e+30
3.64141e+30
4.16088e+30
4.35139e+30
4.53329e+30
4.03058e+30
4.33668e+30
3.94642e+30
3.69607e+30
4.88962e+30
4.09955e+30
3.9323e+30
3.53292e+30
3.21729e+30
4.32644e+30
4.18851e+30
3.1557e+30
4.54508e+30
4.36506e+30
4.30285e+30
3.73717e+30
5.04681e+30
3.66157e+30
4.68405e+30
5.17577e+30
4.18052e+30
3.8777e+30
4.09215e+30
4.35952e+30
3.78763e+30
4.92419e+30
4.58696e+30
4.05132e+30
4.17719e+30
4.68535e+30
5.08109e+30
3.8777e+30
4.49395e+30
4.31124e+30
4.50737e+30
3.89587e+30
3.86961e+30
3.23913e+30
3.86308e+30
4.21236e+30
4.36192e+30
3.74259e+30
3.26487e+30
3.58598e+30
4.6692e+30
3.95257e+30
4.38615e+30
4.36131e+30
4.92968e+30
4.34085e+30
5.03683e+30
4.14914e+30
4.29355e+30
4.359e+30
3.99466e+30
4.29393e+30
4.78052e+30
4.82112e+30
4.56471e+30
4.58476e+30
4.48972e+30
2.80118e+30
4.26098e+30
4.69013e+30
4.33142e+30
3.76941e+30
3.7679e+30
4.70164e+30
4.33007e+30
5.11037e+30
4.20332e+30
3.81436e+30
4.65936e+30
3.94774e+30
3.76696e+30
4.46689e+30
5.03674e+30
4.1792e+30
3.85069e+30
5.081e+30
4.21902e+30
4.10641e+30
3.61583e+30
4.35363e+30
3.80075e+30
4.44181e+30
4.32567e+30
4.13668e+30
4.46364e+30
3.51584e+30
4.06296e+30
3.52907e+30
3.4152e+30
4.17465e+30
3.25249e+30
4.07482e+30
3.87326e+30
3.5893e+30
3.67068e+30
3.64708e+30
4.56359e+30
4.5619e+30
2.9493e+30
3.8638e+30
3.65335e+30
4.14336e+30
3.58103e+30
4.2991e+30
4.97377e+30
4.22835e+30
4.83978e+30
4.69143e+30
3.46005e+30
3.4875e+30
4.10799e+30
3.72142e+30
3.85157e+30
4.92547e+30
5.10763e+30
3.54905e+30
3.23373e+30
4.18338e+30
3.71213e+30
4.33663e+30
4.32228e+30
4.76653e+30
4.16833e+30
4.93613e+30
4.16037e+30
4.71214e+30
4.2338e+30
3.74721e+30
3.92143e+30
3.72199e+30
4.85137e+30
4.60723e+30
3.22839e+30
3.93004e+30
4.14963e+30
3.59248e+30
4.04756e+30
3.75889e+30
3.00805e+30
3.97591e+30
5.09866e+30
3.21537e+30
3.95163e+30
3.28838e+30
4.40625e+30
4.4248e+30
3.64613e+30
4.3516e+30
4.25091e+30
4.41567e+30
4.1836e+30
4.38101e+30
4.33238e+30
4.11526e+30
4.02567e+30
4.14669e+30
4.18643e+30
4.33157e+30
3.84079e+30
3.89695e+30
2.56333e+30
4.62842e+30
3.89264e+30
3.42225e+30
3.93382e+30
5.0493e+30
4.38678e+30
4.16758e+30
3.56977e+30
3.04952e+30
3.99313e+30
4.0007e+30
2.92389e+30
3.23391e+30
4.2866e+30
4.54654e+30
3.75874e+30
3.12496e+30
3.54702e+30
4.46715e+30
3.77926e+30
