1523.69
1523.58
1523.61
1523.88
1524.35
1523.75
1523.64
1523.74
1523.57
1523.56
1523.8
1523.78
1523.82
1523.89
1523.93
1523.84
1523.63
1523.79
1524.39
1523.48
1524.28
1524.46
1523.98
1524.29
1523.91
1524.05
1523.97
1523.72
1523.9
1523.25
1523.49
1524.01
1523.79
1523.51
1523.85
1523.69
1523.59
1523.82
1524
1523.93
1524.24
1524.19
1524.22
1523.38
1524.36
1523.69
1524.61
1523.61
1523.67
1524.19
1523.87
1523.01
1524.46
1524.35
1524.35
1524.34
1524.41
1524.07
1524.04
1524.36
1524.96
1524.21
1524.47
1523.56
1524.15
1524.41
1524.13
1524.04
1524.39
1523.68
1523.98
1523.81
1524.12
1524.01
1524.02
1524.36
1523.74
1524.85
1523.98
1524.25
1523.47
1524.16
1524.01
1523.31
1523.7
1523.77
1523.91
1523.6
1523.91
1524.45
1523.81
1523.72
1524.46
1523.78
1523.79
1523.87
1523.83
1523.88
1523.86
1523.95
1523.71
1523.74
1523.89
1524.11
1523.92
1523.49
1523.99
1523.66
1523.54
1523.85
1523.87
1524.49
1523.91
1523.53
1523.67
1523.78
1523.36
1523.39
1523.89
1524
1523.84
1523.8
1524.01
1523.06
1524.46
1523.56
1523.83
1524.26
1523.88
1524.23
1524.02
1524.32
1524.27
1524.15
1524.38
1523.37
1523.94
1523.85
1524.16
1523.66
1523.63
1523.95
1523.78
1524.26
1523.84
1523.79
1524.62
1523.58
1523.77
1523.99
1523.73
1524.12
1523.64
1524.22
1524.1
1523.96
1524.03
1523.63
1523.77
1524.11
1523.95
1524.19
1524.53
1524.35
1523.77
1523.88
1523.95
1523.43
1524.17
1523.78
1524.17
1524.2
1524.21
1524.03
1524.15
1524.09
1523.74
1523.92
1524.34
1524.11
1524.17
1523.66
1524.1
1523.68
1524.25
1523.98
1523.91
1524.13
1523.95
1523.86
1523.77
1523.96
1524.5
1523.9
1523.73
1524.12
1524.27
1523.79
1523.67
1524.34
1524.42
1524.18
1524.25
1524.49
1524.41
1523.87
1523.3
1523.89
1524.11
1524.26
1523.65
1524.39
1523.88
1523.83
1523.96
1523.85
1523.69
1524.34
1524.17
1524.35
1523.93
1523.46
1523.97
1524.32
1523.62
1524.15
1524.55
1524.18
1523.85
1524.21
1523.83
1523.94
1524.15
1523.68
1524.02
1523.86
1523.94
1523.91
1524.38
1524.23
1524.17
1523.91
1523.94
1523.64
1523.96
1524.2
1523.63
1524.07
1524.14
1523.91
1524.05
1523.97
1524.12
1523.76
1523.9
1523.5
1523.87
1524
1524.2
1524.07
1523.9
1523.73
1523.94
1524.07
1523.95
1523.84
1524.21
1523.84
1523.56
1523.87
1524.37
1523.76
1523.88
1524.11
1523.7
1523.76
1524.06
1523.93
1524.31
1524.35
1523.8
1524.26
1524.14
1523.61
1523.98
1524.26
1523.66
1524.12
1524.21
1523.99
1523.73
1523.84
1523.67
1523.98
1523.67
1523.95
1523.91
1524.12
1524.11
1524.01
1524.06
1523.9
1523.8
1523.74
1523.92
1524.25
1524.07
1524.02
1523.78
1523.73
1524.26
1523.99
1524.22
1524.62
1524.09
1524.06
1523.95
1524.15
1524.38
1523.87
1523.96
1523.75
1523.5
1523.34
1523.75
1523.83
1523.8
1523.46
1523.71
1523.77
1523.78
1523.7
1523.84
1523.62
1523.78
1523.69
1524.52
1523.33
1523.29
1524.05
1523.88
1523.72
1523.85
1523.95
1523.58
1523.8
1524.12
1523.71
1523.8
1523.78
1523.92
1524.13
1523.73
1524.01
1523.46
1523.36
1523.85
1523.58
1523.98
1524.2
1523.48
1524.09
1524.01
1524.14
1523.91
1523.86
1524.08
1523.86
1524.05
1524.09
1523.5
1523.65
1524.31
1524.22
1523.78
1523.79
1523.83
1523.63
1523.87
1523.98
1523.79
1523.75
1523.67
1523.96
1523.41
1523.79
1523.91
1523.49
1523.75
1523.68
1523.75
1524.24
1523.63
1523.46
1523.76
1523.59
1523.31
1523.32
1524.13
1524.3
1523.86
1523.94
1524.22
1524.59
1523.78
1524.02
1523.88
1524.06
1523.63
1524.09
1524.01
1524.11
1524.08
1524.2
1524
1523.87
1524.19
1523.74
1524.47
1524.46
1523.8
1524.41
1523.73
1524.06
1524.33
1524.14
1523.9
1523.88
1523.62
1523.95
1523.84
1523.87
1524.39
1524.02
1523.95
1523.99
1524.39
1523.97
1523.77
1523.67
1524.22
1523.99
1524.23
1524.19
1524.17
1524.46
1524.48
1523.63
1524.03
1524.2
1523.7
1523.98
1523.95
1524.44
1524.32
1524.19
1523.95
1524.49
1524.14
1524.46
1524.87
1524.14
1524.09
1524.1
1524.81
1524.29
1523.58
1523.78
1524.31
1523.56
1524.17
1523.88
1523.78
1524.08
1524.19
1523.59
1523.34
1524.04
1524.18
1524.14
1524.31
1523.89
1523.81
1523.92
1524.5
1523.88
1523.76
1524.45
1524.08
1523.66
1523.57
1523.68
1524.19
1524.23
1524.06
1524.24
1523.87
1523.96
1523.74
1524.18
1524.22
1524.08
1524.08
1524.31
1524.11
1523.96
1524.36
1523.83
1524.01
1523.79
1523.9
1524.46
1524.21
1524.05
1523.81
1524.44
1523.74
1523.87
1523.71
1524.04
1523.7
1524
1523.84
1524.7
1523.79
1523.33
1524.13
1524.29
1523.71
1524.35
1524.1
1523.98
1524.01
1524.32
1523.87
1523.83
1524.57
1523.68
1524.28
1524.01
1523.93
1523.74
1524.12
1524.23
1523.59
1523.87
1523.46
1523.62
1523.96
1524.08
1523.95
1524.52
1524.02
1524.32
1523.94
1524.06
1523.62
1524.35
1524.24
1524.25
1523.54
1523.63
1523.2
1524.27
1523.77
1523.83
1523.79
1524.6
1523.95
1523.46
1523.52
1523.75
1524.12
1523.86
1524.2
1524.24
1523.69
1523.63
1523.85
1523.97
1524.05
1524.19
1524.06
1523.94
1524.15
1524.08
1523.59
1524.52
1523.54
1524.17
1524.28
1524.28
1523.92
1524.37
1523.58
1523.35
1524.26
1524.41
1523.66
1524.08
1524.52
1524.21
1523.87
1524.09
1523.66
1524.66
1523.79
1523.78
1524.46
1523.91
1524.51
1523.37
1523.77
1523.64
1524.08
1524.21
1524.09
1524.42
1524.19
1523.99
1524.49
1524.22
1524.59
1524.71
1524.35
1524.23
1524.16
1524.21
1524.19
1524.53
1524.32
1524.32
1524.63
1524.39
1523.67
1523.94
1524.03
1523.73
1524.38
1523.93
1524.28
1523.9
1523.88
1523.7
1524.37
1523.74
1524.61
1524.06
1524.42
1524.51
1524.36
1523.83
1524.13
1524.36
1524.17
1524.95
1524.13
1524.19
1524.27
1524.51
1524.13
1523.57
1523.95
1524.05
1524.31
1524.01
1524.07
1524.26
1523.83
1523.89
1523.55
1524.07
1523.76
1524.2
1523.86
1523.37
1523.72
1524.32
1524.05
1524.04
1524.23
1524.85
1524.51
1524.49
1523.94
1524
1523.85
1524.01
1523.56
1523.86
1523.29
1523.59
1524.04
1523.85
1523.89
1523.96
1524.07
1524.17
1524.21
1523.87
1524.27
1524.47
1523.8
1524.16
1524.03
1523.98
1523.91
1523.81
1524.22
1523.97
1523.73
1524.15
1524.07
1524.23
1524.17
1523.34
1524.66
1524.05
1524.44
1523.87
1524.4
1523.77
1524.2
1524.01
1523.98
1523.84
1524.1
1523.73
1523.62
1523.87
1523.55
1524.55
1523.43
1524.68
1523.94
1523.94
1524.12
1524.22
1523.83
1523.54
1523.77
1524.21
1524.19
1524.16
1524.3
1524.02
1524.18
1523.72
1523.79
1524.13
1524.21
1523.93
1524.3
1524.06
1524.48
1524.09
1523.63
1523.95
1523.92
1524.08
1524.09
1524.46
1524.13
1524.09
1524.27
1523.91
1523.27
1523.88
1524.19
1524.6
1523.76
1523.77
1523.93
1524.2
1524.21
1523.81
1524.21
1524.48
1523.8
1523.8
1524.02
1523.8
1524.07
1524.36
1524.32
1524.24
1523.54
1524.01
1524
1524.44
1523.15
1523.96
1524.27
1524.36
1524.19
1524.1
1523.52
1524.3
1524.11
1524.61
1523.21
1524.01
1523.57
1523.68
1523.89
1524.43
1523.99
1523.84
1524.09
1524.52
1523.54
1523.58
1523.69
1524.45
1524.03
1523.73
1524.02
1523.97
1524.01
1523.46
1523.39
1523.86
1524.01
1524.52
1524.21
1524.38
1523.89
1523.37
1524.48
1523.58
1524.02
1523.83
1523.84
1524.1
1524.76
1523.58
1524.11
1524.44
1524.39
1524.12
1523.97
1524.46
1524.5
1523.86
1524.52
1524.3
1523.84
1523.75
1524.15
1524.19
1523.89
1523.65
1524.06
1523.88
1523.43
1524.21
1523.07
1523.6
1524.34
1523.72
1524.33
1524.28
1524
1524.11
1523.89
1523.88
1523.61
1523.99
1524.55
1524.29
1523.89
1524.11
1524.22
1524.18
1523.65
1524.31
1524.17
1523.83
1523.84
1524.34
1524.69
1524.28
1524.1
1523.92
1524.2
1524.92
1523.65
1523.63
1524.27
1524.21
1523.9
1523.49
1524.55
1524.03
1524.2
1524.08
1524.22
1524.07
1524.52
1524.3
1524.09
1524.01
1524.45
1524.53
1524.14
1524.07
1524.5
1524.38
1524.46
1523.97
1524.67
1524.54
1524.24
1524.54
1523.95
1524
1523.78
1523.68
1523.92
1524.36
1524.4
1524.03
1524.26
1524.15
1523.72
1523.71
1523.9
1523.83
1524.1
1524.32
1524.27
1524.12
1524.22
1523.92
1523.95
1524.12
1524.07
1523.94
1524.05
1524.19
1524.08
1523.68
1523.91
1524.01
1523.62
1524.11
1523.93
1523.82
1524.45
1524.29
1524.23
1524.4
1524.18
1523.67
1523.91
1523.81
1523.61
1523.99
1524.14
1523.6
1523.88
1524.08
1523.96
1524.03
1523.71
1523.79
1524.18
1524.31
1524.33
1523.86
1524.54
1523.91
1524.48
1523.9
1524.17
1524.48
1524.87
1525.07
1524.35
1524.04
1524.32
1524.07
1523.94
1523.76
1524.47
1524.29
1523.94
1524.21
1523.76
1524.19
1523.83
1523.69
1523.48
1522.94
1523.51
1523.68
1524.06
1523.44
1524.15
1524.44
