0
0.248768
0
0
0
0
0
0
0
0
0.323284
0
0
1.78004
0
0
0
0
0.0129051
0
0
0
0.064781
0.173762
0
0.0600747
0
0
0
0
0
0
0
0.854579
0
0
0
0
0
0
0
0
0
0
0
0.429503
0
0
0
0
0
0
0
0
0
0
0
0
0
0
0
0
0.00589019
0
0
0
0
0
0
0
0
0
0
0
0
0
0
0
0
0.448312
0
0
0.247433
0
0
0
0.0506347
0
0
0
0
0.00907723
0
0
0.0014572
0
0
0
0
0.0562458
0
0.310891
0
0.0382034
2.34184
0
0
0
0
0.0581947
0
0
0.0258962
0
0
0
0
0.346117
0
0.506637
0
0
0
0
0.693496
0
0
0.00252505
0
0
0
0
0.0304344
0
0
0
0
0.650413
0.842998
0
0
0
0.142656
0
0
0
0
0.0585753
0
0.120748
0.206136
0
0
0
0
0
0
0
0.180575
0
0
0
0.765829
0.00257971
0
0
0
1.13161
1.53461
0
0
0
0
0
0.328099
0
0
0
0
0
0
0
0
0
0
0
0
0
0.683274
0
0
0
0
0
2.09286
0
0
0
0
0
0
0
0.676745
0
0
0
0
0
0
0
1.57222
0
0
0
0
0
0
0
0
0
0
0
0
0
0
0
0.0238069
0.494307
2.50568
0
0
0
0
0
0
0
0.158493
0.897734
0.0145863
0
0.0209097
0
0
0.127223
0
0
0
0
0
0
0
0
0
0
0
0
0.025342
0
0
0
0.20628
0
0
0
0.51907
0
0.036491
0.727411
0
0
0.0280191
0
0
0
0
0
0.159232
0
0
0
0.184347
0
0
0.138762
0
0
0
0
0
0
0.00909351
0
0
0
0
0
0
0
0
0
2.57765
0
0
1.81396
0
0
0
0
0.0659067
0
0
0
0
0.0274125
1.4254
0
0.295232
0
0
0
0
0.0837245
0
0
0
0
0
0
0
0.199162
0
0
0
0
0.0355663
0
0
0.842284
0.92966
0
0
0
0.0254822
0
0
0
0.324003
0.285088
0
0
0.30875
0
0
0
0
0.0278254
0.511207
0
5.26139e-05
0
0
0.00953028
0
0
0.923844
0
0
0
0
1.29418
0
0
0
0
0
0
0
0.246544
0
0
0
0.139987
0.255407
0
0
0.180039
0
0
0
0
0
0
0
0
0.300588
0
0
1.02495
0
0
0
0
0
0
0
0
0
0.200091
0
0.0295423
0
0
0
0
0
0
0
0.760172
0
0
0
0
0
0
0
0
0
0
0
0.233204
0
0
0
0
0
0
0
0
0
0
0
0
0
0
0
0
0
0
0
0
0
0
0
0
0
0
0
0
0
0
0
0
0
0.152607
0
0
0.1831
0
0
0
0.0725178
0
0
0
0
0.00545631
0
0
0
0
0
0
0
0
0
0.0911183
0
0
2.17316
0
0
0
0
0.0164797
0
0
0
0
0
0
0
0.247653
0
0.427911
0
0
0
0
0.659509
0
0
0
0
0
0
0
0.0123277
0
0
0
0
0.48043
1.37166
0
0
0
0.0474442
0
0
0
0
0.0576012
0
0.164559
0.143367
0
0
0
0
0
0
0
0.222967
0
0
0
0.662812
0.0127179
0
0
0
1.09827
1.50756
0
0
0
0
0
0.379228
0
0
0
0
0
0
0.0195789
0
0
0
0
0
0
0.664599
0
0
0
0
0
2.07918
0
0
0
0
0
0
0
0.523589
0
0
0
0
0
0
0
1.33938
0
0
0
0
0
0
0
0
0
0
0
0
0
0
0
0
0.366329
2.50525
0
0
0
0
0
0
0
0.0443158
0.96403
0.00633658
0
0.0892575
0
0
0.0828331
0
0
0
0
0
0
0
0
0
0
0
0
0
0
0
0
0.132693
0
0
0
1.072
0
0.0063303
0.751228
0
0
0.0190482
0
0
0
0
0
0.0254329
0
0
0
0.121212
0
0
0.0153473
0
0
0
0
0
0
0
0
0
0
0
0
0
0
0
0
2.56181
0
0
1.78645
0
0
0
0
0
0
0
0
0
0.00520206
1.12198
0
0.302894
0
0
0
0
0.0122052
0
0
0
0
0
0
0
0.329956
0
0
0
0
0.0246602
0
0
0.732186
1.08993
0
0
0
0
0
0
0
0.108216
0.491116
0
0
0.373782
0
0
0
0
0
0.310883
0
0
0
0
0
0
0
0.975612
0
0
0
0
1.30585
0
0
0
0
0
0
0
0
0
0
0
0.272865
0.461072
0
0
0.0869257
0
0
0
2.38722e-05
0
0
0
0
0.198249
0
0
0.261818
0
0
0
0
0
0
0
0
0.00884735
0.302921
0
0.0291079
0
0
0
0
0
0
0
0.599034
0
0
0
0
0
0
0
0
0
0
0
0.137208
0
0
0
0
0
0
0
0
0
0
0
0
0
0
0
0
0
0
0
0
0
0
0
0
0
0
0
0
0
0
0
0
0
0.114398
0
0
0.0472729
0
0
0
0.0585911
0
0
0
0
0.008529
0
0
0
0
0
0
0
0
0
0.113446
0
0
2.4563
0
0
0
0.0194412
0.00961608
0
0
0.122492
0
0
0
0
0.334988
0
0.360558
0
0
0
0
0.652071
0
0
0.00493541
0
0
0
0
0.00126049
0
0
0
0
0.501436
1.57715
0
0
0
0.0275542
0
0
0
0
0.00986923
0
0.249975
0.190799
0
0
0
0
0
0
0
0.256252
0
0
0
0.550768
0.00150476
0
0
0
0.944813
1.3425
0
0
0
0
0
0.158881
0
0
0
0
0
0
0.00685819
0
0
0
0
0
0
0.335116
0
0
0
0
0
1.90108
0
0
0
0
0
0
0
0.467588
0
0
0
0
0
0
0
1.32252
0
0
0
0
0
0
0
0
0
0
0
0
0
0
0
0
0.271965
2.17756
0
0
0
0
0
0
0
0.0145343
0.710638
0.0142247
0
0.0379392
0
0
0.0127069
0
0
0
0
0
0
0
0
0
0
0
0
0
0
0
0
0.114714
0
0
0
0.927636
0
0.00347834
0.921891
0
0
0.0538355
0
0
0
0
0
0.0105552
0
0
0
0.0447398
0
0
0
0
0
0
0
0
0
0
0
0
0
0
0
0
0
0
0
2.76654
0
0
1.69088
0
0
0
0
0.0242386
0
0
0
0
0.00536949
1.34493
0
0.377204
0
0
0
0
0
0
0
0
0
0
0
0
0.29929
0
0
0
0
0.00348707
0
0
0.818599
1.12909
0
0
0
0
0
0
0
0.198197
0.638711
0
0
0.381243
0
0
0
0
0
0.0763657
0
0
0
0
0
0
0
0.764123
0
0
0
0
1.31974
0.042646
0
0
0
0
0
0
0
0
0
0
0.237366
0.353655
0
0
0.158758
0
0
0
0
0
0
0
0
0.277164
0
0
0.597059
0
0
0
0
0
0
0
0
0.00357047
0.279333
0
0.181713
0
0
0
0
0
0
0
0.684608
0
0
0
0
0
0
0
0
0
0
0
0.395884
0
0
0
0
0
0
0
0
0
0
0
0
0
0
0
0
0
0
0
0
0
0
0
0
0
0
0
0
0
0
0
0
0
0.101875
0
0
0.00711029
0
0
0
0.0145023
0
0
0
0
0.0177615
0
0
0
0
0
0
0
0.000815923
0
0.279555
0
0
2.85892
0
0
0
0.00302005
0.052698
0
0
0.564677
0
0
0
0
0.558634
0
0.277948
0
0
0
0
0.737312
0
0
0.0120984
0
0
0
0
0
0
0
0
0
0.690282
1.14435
0
0
0
0.152278
0
0
0
0
0
0
0.348586
0.211356
0
0
0
0
0
0
0
0.487673
0
0
0
0.534169
0
0
0
0
0.873862
1.23873
0
0
0.00134209
0
0
0.151264
0
0
0
0
0
0
0.0191094
0
0
0
0
0
0
0.23819
0
0
0
0
0
1.8004
0
0
0
0
0.00273813
0
0
0.823901
0
0
0
0
0
0
0
1.35189
0
0
0
0
0
0
0
0
0
0
0
0
0
0
0
0
0.210565
2.6966
0
0
0
0
0
0
0
0.103725
0.492864
0.00857341
0
0.0023067
0
0
0.00375074
0
0
0
0
0
0
0
0
0
0
0
0
0
0
0
0
0.0642116
0
0
0
0.91722
0
0
0.818112
0
0
0.00591139
0
0
0
0
0
0.0254703
0
0
0
0.00572219
0
0
0
0
0
0
0
0
0
0
0
0
0
0
0
0
0
0
0
2.6826
0
0
2.37838
0
0
0
0
0.0345005
0
0
0
0
0.0157078
1.4412
0
0.483645
0
0
0
0
0.0121516
0
0
0
0
0
0
0
0.162043
0
0
0
0
0
0
0
1.05739
1.22702
0
0
0
0
0
0
0
0.231465
0.507276
0
0
0.451432
0
0
0
0
0
0.13966
0
0
0
0
0
0
0
0.895617
0
0
0
0
0.881806
0.0409151
0
0
0
0
0
0
0
0
0
0
0.275781
0.114688
0
0
0.0503109
0
0
0
0
0
0
0
0
0.0997243
0
0
0.627605
0
0
0
0
0
0
0
0
0
0.125947
0
0.0680683
0
0
0
0
0
0
0
0.312091
0
0
0
0
0
0
0
0
0
0
0
0.13612
0
0
0
0
0
0
0
0
0
0
0
0
0
0
0
0
0
0
0
0
0
0.0291445
0
0
0
0
0
0
0
0
0
0
0
0.000338286
0
0
0.0427883
0
0
0
0.00955647
0
0
0
0
0.0315981
0
0
0
0
1.59984e-05
0
0
0.000468247
0
0.165264
0
0
1.17829
0
0
0
0
0.0268834
0
0
0.268411
0
0
0
0
0.24288
0
0.0217451
0
0
0
0
0.295771
0
0
0.0221723
0
0
0
0
0
0
0
0
0
0.254485
0.350556
0
0
0
0.0724205
0
0
0
0
0.00597989
0
0.153278
0.0655456
0
0
0
0
0
0
0
0.202056
0
0
0
0.397639
0
0
0
0
0.522991
0.622661
0
0
0
0
0
0.139285
0
0
0
0
0
0
0.0149278
0
0
0
0
0
0
0.175289
0
0
0
0
0
0.929263
0
0
0
0
0.0167792
0
0
0.283776
0
0
0
0
0
0
0
0.648555
0
0
0
0
0.00896742
0.008404
0
0
0
0
0
0
0
0
0
0
0.124838
1.06505
0
0
0
0
0
0
0
0.0453226
0.289491
0.000855297
0
0.0104232
0
0
0.0642445
0
0
0
0
0
0
0
0
0
0
0
0
0
0
0
0
0.00366509
0
0
0
0.24741
0
0
0.377994
0
0
0
0
0
0
0
0
0.00482266
0
0
0
0.0160669
0
0
0.0539538
0
0
0
0
0
0
0
0
0
0
0
0
0
0
0
0
1.127
0
0
1.40584
0
0
0
0.00163595
0.00405062
0
0
0
0
0.0129318
0.361715
0
0.157676
0
0
0
0
0.0101478
0
0
0
0
0
0
0
0.0813403
0
0
0
0
0
0
0
0.475788
0.428843
0
0
0
0
0
0
0
0.11336
0.165581
0
0
0.191037
0
0
0
0
0
0.12269
0
0
0
0
0
0
0
0.276991
0
0
0
0
0.622308
0.0270724
0
0
0
0
0
0
0
0
0
0
0.163916
0.0336597
0
0
0.0645085
0
0
0
0
0
0
0
0
0.0561486
0
0
0.4002
0
0
0
0
0
0
0
0
0
0.0802408
0
0.0290171
0
0
0
0
0
0
0
0.130359
0
0
0
0
0
0
0
0
0
0
0
0.136241
0
0
0
0
0
0
0
0
0
0
0
0
0
0
0
0
0
0
0
0
0
0.0176304
0
0
0
0
0
0
0
0
0
0
0
0.0875199
0
0
0.0194564
0
0
0
0.0113452
0
0
0
0
0.00515439
0
0
0.0199451
0
0
0
0
0.0201081
0
0.070069
0
0
0.575546
0.00132918
0
0
0.00112962
0.0193367
0
0
0.00808864
0
0
0
0
0.0888314
0
0.12591
0
0
0
0.0014199
0.145126
0
0
0.00570062
0
0
0
0
0.012838
0
0
0
0
0.0870764
0.176596
0
0
0
0.0476981
0
0
0
0
0.00509232
0
0.0525834
0.05416
0
0
0
0
0
0
0
0.0840764
0
0
0
0.138628
0.00884269
0
0
0
0.225465
0.28831
0
0
0
0
0
0.041829
0
0
0
0
0
0
0
0
0
0
0
0
0
0.077335
0
0
0
0
0
0.374609
0
0
0
0
0.0135327
0
0
0.111482
0
0
0
0
0
0
0
0.341752
0
0
0
0
0.00428221
0.0100895
0
0
0
0
0
0.000182073
0
0
0
0.00298965
0.05124
0.580319
0
0
0
0
0
0
0
0.0705706
0.153779
0.00555102
0
0.0258777
0
0
0.0462954
0
0
0
0
0
0
0
0
0
0
0
0
0
0
0
0
0.0261757
0
0
0
0.281597
0
0.014938
0.238412
0
0
0.00112031
0
0
0.0020924
0
0
0.0979044
0
0
0
0.0258734
0
0
0.00665894
0
0
0
0
0
0
0
0
0
0
0
0
0
0
0
0
0.463732
0
0
0.423297
0
0
0
0.00110294
0.0267903
0
0
0
0
0
0.216575
0
0.101035
0
0
0
0
0.0168213
0.000954941
0
0
0
0
0
0
0.0514987
0
0
0
0
0.0134663
0
0
0.233226
0.190446
0
0
0
0.0359592
0
0
0
0.0649097
0.032376
0
0
0.0596306
0
0
0
0
0
0
0
0
0
0
0
0
0
0.210653
0
0
0
0
0.23803
0.00238224
0
0
0
0
0
0
0.0239568
0
0
0
0.0339479
0.00620999
0
0
0.0363245
0
0
0
0
0
0
0
0
0.00887954
0
0
0.160312
0
0
0
0
0
0
0
0
0
0.0260973
0
0.0124181
0
0
0
0
0
0
0
0.0659697
0
0
0
0
0
0
0
0
0
0
0
0.0441518
0
0
0
0
0
0
0
0
0
0
0
0
0
0
0
0
0
0
0
0
2.95182e-07
0
0.00482232
0
0
0
0
0
0
0
0
0
0
0.0213245
0
0
0.00731972
0
0
0
0.00285451
0
0
0
0
0.00328071
0
0
0.00515566
0
0
0
0
0.00475385
0
0.0314087
0
0
0.325554
0.000629559
0
0
0
0.00982907
0
0
0.00875948
0
0
0
0
0.0625992
0
0.110673
0
0
0
0.00083634
0.0414599
0
0
0.000279857
0
0
0
0
0.0157751
0
0
0
0
0.0261989
0.0869426
0
0
0
0.0186324
0
0
0
0
0.000169452
0
0.0169105
0.0261423
0
0
0
0
0
0
0
0.0296692
0
0
0
0.031586
0.0277308
0
0
0
0.0786941
0.137642
0
0
0.00223386
0
0
0.00673714
0
0
0
0
0
0
0
0
0
0
0
0
0
0.0315494
0
0
0
0
0
0.162019
0
0
0
0
0.00179593
0
0
0.0531387
0
0
0
0
0
0
0
0.168043
0
0
0
0
0.000561992
0
0
0
0
0
0
0.00204717
0
0
0
0.00153765
0.0201078
0.281286
0
0
0
0
0
0
0
0.0172045
0.0684475
0.00166664
0
0.00451695
0
0
0.00784718
0
0
0
0
0
0
0
0
0
0
0
0
0
0
0
0
0.0283642
0
0
0
0.151811
0
0.00820803
0.0814629
0
0
0.000185317
0
0
0.0016063
0
0
0.0868767
0
0
0
0.00597218
0
0
0.00685311
0
0
0
0
0
0
0
0
0
0
0
0
0.000668732
0
0
0
0.24469
0
0
0.1746
0
0
0
0.000189136
0.0309645
0
0
0
0
0
0.122182
0
0.0674822
0
0
0
0
0.00400513
0
0
0
0
0
0
0
0.0199204
0
0
0
0
0.0305777
0
0
0.108073
0.069611
0
0
0
0.0171726
0
0
0
0.0722195
0.012119
0
0
0.0304891
0
0
0
0
0
0
0.00247912
0
0
0
0.000836522
0
0
0.116589
0
0
0
0
0.115211
0.00661879
0
0
0
0
0
0
0.025482
0
0
0
0.00543156
0
0
0
0.0611171
0
0
0
0
0
0
0
0
0.247592
0
0
1.60527
0
0
0
0
0
0
0
0
0.072384
0.0582831
0
0
0
0
0
0
0
0
0
0.911352
0
0
0
0
0
0
0
0
0
0
0
0.177233
0
0
0
0
0
0
0
0
0
0
0
0
0
0
0
0
0
0
0
0
0
0
0
0
0
0
0
0
0
0
0
0
0
0.127274
0
0
0.161645
0
0
0
0.053728
0
0
0
0
0
0
0
0
0
0
0
0
0
0
0.130893
0
0
2.35284
0
0
0
0
0
0
0
0.0082061
0
0
0
0
0.323948
0
0.313295
0
0
0
0
0.621662
0
0
0
0
0
0
0
0.00750501
0
0
0
0
0.646485
0.988879
0
0
0
0.00171977
0
0
0
0
0.0048027
0
0.0626545
0.0577998
0
0
0
0
0
0
0
0.115695
0
0
0
0.633677
0
0
0
0
1.10796
1.50209
0
0
0
0
0
0.261765
0
0
0
0
0
0
0
0
0
0
0
0
0
0.750918
0
0
0
0
0
2.23518
0
0
0
0
0
0
0
0.711091
0
0
0
0
0
0
0
1.35826
0
0
0
0
0
0
0
0
0
0
0
0
0
0
0
0
0.446161
2.34906
0
0
0
0
0
0
0
0.0551623
1.39719
0.00683331
0
0.0680624
0
0
0.109368
0
0
0
0
0
0
0
0
0
0
0
0
0.193737
0
0
0
0.051008
0
0
0
0.467772
0
0
0.72603
0
0
0.00228341
0
0
0
0
0
0.101028
0
0
0
0.124201
0
0
0.0701056
0
0
0
0
0
0
0
0
0
0
0
0
0
0
0
0
2.8327
0
0
1.64356
0
0
0
0
0.00606847
0
0
0
0
0
1.20596
0
0.356364
0
0
0
0
0.0264627
0
0
0
0
0
0
0
0.244949
0
0
0
0
0
0
0
0.627613
1.05269
0
0
0
0.0129999
0
0
0
0.141426
0.49549
0
0
0.349925
0
0
0
0
0
0.102621
0
0
0
0
0.0330084
0
0
0.620575
0
0
0
0
1.66573
0
0
0
0
0
0
0
0
0
0
0
0.193797
0.217391
0
0
0
0
0
0
0
0
0
0
0
0.0988142
0
0
1.25454
0
0
0
0
0
0
0
0
0
0.12723
0
0
0
0
0
0
0
0
0
0.558018
0
0
0
0
0
0
0
0
0
0
0
0
0
0
0
0
0
0
0
0
0
0
0
0
0
0
0
0
0
0
0
0
0
0
0
0
0
0
0
0
0
0
0
0
0
0.00886524
0
0
0.194819
0
0
0
0.0594413
0
0
0
0
0.0133997
0
0
0
0
0
0
0
0
0
0.00176365
0
0
1.38703
0
0
0
0
0
0
0
0.00277837
0
0
0
0
0.0896489
0
0.183246
0
0
0
0
0.384597
0
0
0
0
0
0
0
0
0
0
0
0
0.349009
1.10852
0
0
0
0
0
0
0
0
0
0
0.131332
0.00339078
0
0
0
0
0
0
0
0.0434594
0
0
0
0.407221
0
0
0
0
0.988313
1.14866
0
0
0
0
0
0.315587
0
0
0
0
0
0
0
0
0
0
0
0
0
0.54667
0
0
0
0
0
1.58135
0
0
0
0
0
0
0
0.220191
0
0
0
0
0
0
0
0.638549
0
0
0
0
0
0
0
0
0
0
0
0
0
0
0
0
0.229921
0.983686
0
0
0
0
0
0
0
0
1.11931
0.00413636
0
0.150814
0
0
0.0544614
0
0
0
0
0
0
0
0
0
0
0
0
0.151074
0
0
0
0
0
0
0
0.192213
0
0
0.725318
0
0
0.0127923
0
0
0
0
0
0
0
0
0
0.127138
0
0
0.00939256
0
0
0
0
0
0
0
0
0
0
0
0
0
0
0
0
1.91046
0
0
1.40758
0
0
0
0
0
0
0
0
0
0
0.233192
0
0.110269
0
0
0
0
0.00561054
0
0
0
0
0
0
0
0.325487
0
0
0
0
0.000540299
0
0
0.272096
0.562802
0
0
0
0
0
0
0
0
0.499826
0
0
0.379755
0
0
0
0
0
0
0
0
0
0
0.0519811
0
0
0.221993
0
0
0
0
1.50288
0.036958
0
0
0
0
0
0
0
0
0
0
0.222917
0.298242
0
0
0
0
0
0
0
0
0
0
0
0.0966136
0
0
1.10065
0
0
0
0
0
0
0
0
0.0259462
0.184343
0
0
0
0
0
0
0
0
0
0.432197
0
0
0
0
0
0
0
0
0
0
0
0
0
0
0
0
0
0
0
0
0
0
0
0
0
0
0
0
0
0
0
0
0
0
0
0
0
0
0
0
0
0
0
0
0
0.0109395
0
0
0.106609
0
0
0
0.0622576
0
0
0
0
0.0695532
0
0
0
0
0
0
0
0
0
0.00614744
0
0
1.08992
0
0
0
0
0
0
0
0.216016
0
0
0
0
0.073982
0
0.042304
0
0
0
0
0.309072
0
0
0
0
0
0
0
0
0
0
0
0
0.372585
1.06596
0
0
0
0
0
0
0
0
0
0
0.143092
0.00961718
0
0
0
0
0
0
0
0.0320339
0
0
0
0.268248
0
0
0
0
0.838434
0.894373
0
0
0
0
0
0.241974
0
0
0
0
0
0
0
0
0
0
0
0
0
0.313637
0
0
0
0
0
1.26332
0
0
0
0
0
0
0
0.180235
0
0.00328076
0
0
0
0
0
0.52409
0
0
0
0
0
0
0
0
0
0
0
0
0
0
0
0
0.166514
0.586559
0
0
0
0
0
0
0
0
0.749129
0.000214078
0
0.0500283
0
0
0.0143278
0
0
0
0
0
0
0
0
0
0
0
0
0.0903334
0
0
0
0
0
0
0
0.159444
0
0
0.880095
0
0
0.0500327
0
0
0
0
0
0
0
0
0
0.0477715
0
0
0
0
0
0
0
0
0
0
0
0
0
0
0
0
0
0
0
1.62963
0
0
1.40616
0
0
0
0
0
0
0
0
0
0
0.124383
0
0.13118
0
0
0
0
0.00828411
0
0
0
0
0
0
0
0.349306
0
0
0
0
0
0
0
0.181875
0.489823
0
0
0
0
0
0
0
0
0.493549
0
0
0.340432
0
0
0
0
0
0
0
0
0
0
0.145963
0
0
0.216576
0
0
0
0
1.18474
0.165974
0
0
0
0
0
0
0
0
0
0
0.216522
0.20638
0
0
0
0
0
0
0
0
0
0
0
0.0551203
0
0
1.15404
0
0
0
0
0
0
0
0
0
0.152688
0
0
0
0
0
0
0
0
0
0.465918
0
0
0
0
0
0
0
0
0
0
0
0
0
0
0
0
0
0
0
0
0
0
0
0
0
0
0
0
0
0
0
0
0
0
0
0
0
0
0
0
0
0
0
0
0
0.0215436
0
0
0.0579279
0
0
0
0.0300964
0
0
0
0
0.0942803
0
0
0
0
0
0
0
0
0
0.0935413
0
0
1.38516
0
0
0
0.0164343
0
0
0
0.522615
0
0
0
0
0.0495396
0
0.068429
0
0
0
0
0.29428
0
0
0
0
0
0
0
0
0
0
0
0
0.183506
0.905875
0
0
0
0
0
0
0
0
0
0
0.179335
0.000346231
0
0
0
0
0
0
0
0.0911596
0
0
0
0.0871579
0
0
0
0
0.717266
0.851292
0
0
0
0
0
0.188385
0
0
0
0
0
0
0
0
0
0
0
0
0
0.284118
0
0
0
0
0
1.28675
0
0
0
0
0.0179324
0
0
0.339499
0
0
0
0
0.00160953
0
0
0.722468
0
0
0
0
0.00728943
0
0
0
0
0
0
0
0
0
0
0
0.173082
0.705071
0
0
0
0
0
0
0
0
0.507464
0
0
0.00228667
0
0
0.0180609
0
0
0
0
0
0
0
0
0
0
0
0
0.0119006
0
0
0
0
0
0
0
0.346553
0
0
0.960131
0
0
0.000221032
0
0
0
0
0
0
0
0
0
0.0442049
0
0
0
0
0
0
0
0
0
0
0
0
0
0
0
0
0
0
0
1.80116
0
0
1.31562
0
0
0
0
0
0
0
0
0
0
0.251876
0
0.33902
0
0
0
0
0.0196839
0
0
0
0
0
0
0
0.273207
0
0
0
0
0
0
0
0.162517
0.691417
0
0
0
0
0
0
0
0
0.501575
0
0
0.321276
0
0
0
0
0
0
0
0
0
0
0.224184
0
0
0.38599
0
0
0
0
1.05211
0.174652
0
0
0
0
0
0
0
0
0
0
0.121487
0.0540754
0
0
0
0
0
0
0
0
0
0
0
0.0463136
0
0
1.00882
0
0
0
0
0
0
0
0
0
0.171566
0
0
0
0
0
0
0
0
0
0.263901
0
0
0
0
0
0
0
0
0
0
0
0
0
0
0
0
0
0
0
0
0
0
0
0
0
0
0
0
0
0
0
0
0
0.0272173
0
0
0
0
0
0
0.00102518
0
0
0
0
0.0184399
0
0
0.0505961
0
0
0
0.00116532
0
0
0
0
0.078183
0
0
0
0
0
0
0
0
0
0.0562366
0
0
0.731985
0
0
0
0.0186442
0
0
0
0.357299
0
0
0
0
0.0536736
0
0.11854
0
0
0
0
0.164946
0
0
0
0.00718408
0
0
0
0
0
0
0
0
0.033466
0.357217
0
0
0
0
0
0
0
0
0
0
0.109263
0
0
0
0
0
0
0
0
0.057286
0
0
0
0
0
0
0
0
0.508803
0.513116
0
0
0
0
0
0.178562
0
0
0
0
0
0
0
0
0
0
0
0
0
0.271385
0
0
0
0
0
0.766722
0
0
0
0.0108589
0.0631514
0
0
0.239795
0
0.0333475
0
0
0.0126565
0
0
0.526001
0
0
0
0
0.0287216
0.00820327
0
0
0
0
0
0.000247964
0
0
0
0
0.122895
0.528548
0
0
0
0
0
0
0
0
0.364199
0
0
0.038592
0
0
0.081524
0
0
0
0
0
0
0
0
0
0
0
0
0
0
0
0
0.0431007
0
0
0
0.186997
0
0
0.720228
0
0
0
0
0
0
0
0
0.00322663
0
0
0
0.0483306
0
0
0.0275897
0
0
0
0
0
0
0
0
0
0
0.00733853
0
0
0
0
0
1.09443
0
0
0.856145
0
0
0
0
0
0
0
0
0.0109053
0.0116614
0.143675
0
0.193402
0
0
0
0
0.00886272
0
0
0
0
0
0
0
0.169606
0
0
0
0
0.0250553
0
0
0.106743
0.309822
0
0
0
0
0
0
0
0
0.23082
0.0743273
0
0.193527
0
0
0
0
0
0
0
0
0
0
0.122697
0
0
0.260249
0
0
0
0
0.673965
0.0641383
0
0
0
0
0
0
0
0
0
0
0.0645851
0
0
0
0.0359385
0
0
0
0
0
0
0
0
0.0456104
0
0
0.541281
0
0
0
0
0
0
0
0
0
0.0684735
0
0
0
0.00817256
0
0
0
0
0
0.125782
0
0
0
0
0
0
0
0
0
0
0
0.0623943
0
0
0
0
0
0
0
0
0
0
0
0
0
0
0
0
0
0
0
0
0
0.017282
0
0
0
0
0
0
0.0119798
0
0
0
0
0.0107742
0
0
0.0599031
0
0
0
0.00168176
0
0
0
0
0.0415726
0
0
0.000318565
0
0
0
0
0
0
0
0
0
0.270153
0
0
0
0.00332724
0
0
0
0.00748096
0
0
0
0
0
0
0.162532
0
0
0
0.0189851
0.0761417
0
0
0
0.0130565
0
0
0.00625175
0.0167581
0
0
0
0
0.000996886
0.0832703
0
0
0
0
0
0
0
0
0
0
0.0493745
0.00446934
0
0
0
0
0
0
0
0.00836973
0
0
0
0.0417071
0.00659315
0
0
0
0.283851
0.242546
0
0
0
0
0
0.0950459
0
0
0
0
0
0
0
0
0
0
0
0
0
0.170302
0
0
0
0
0
0.370092
0
0
0
0
0.0064087
0.000709812
0
0.0727294
0
0.0100981
0
0
0
0
0
0.255561
0
0
0
0
0.0066344
0.00705039
0
0
0
0
0
0.00231948
0
0
0
0
0.0873972
0.300628
0
0
0
0
0
0
0
0
0.25202
0
0
0.031415
0
0
0.0898923
0
0
0
0
0
0
0
0
0
0
0
0
0.0196865
0
0
0
0.0967693
0
0
0
0.113243
0
0
0.285182
0
0
0.000594662
0
0
0.00334678
0.000333957
0
0.0541111
0
0
0
0.0727228
0
0
0.0188831
0
0
0
0
0
0
0
0
0
0
0.00456754
0
0
0
0
0
0.378338
0
0
0.375927
0
0
0
0
0
0
0
0
0.0106304
0.00110874
0.00899022
0
0.0322599
0
0
0
0
0.0140751
0.000573932
0
0
0
0
0
0
0.11445
0
0
0
0
0.0459999
0
0
0.070468
0.0639326
0
0
0
0
0
0
0
0.00397036
0.0424974
0.0377459
0
0.0666019
0
0
0
0
0
0
0.00318064
0
0
0
0.00984684
0
0
0.160529
0
0
0
0
0.310168
0.000311445
0
0
0
0
0
0
0
0
0
0
0.0487246
0
0
0
0.0205448
0
0
0
0
0
0
0
0
0.0106488
0
1.10812e-05
0.199327
0
0
0
0
0
0
0
0
0
0.00929233
0
0
0
0.00370404
0
0
0
0
0
0.0829061
0
0
0
0
0
0
0
0
0
0
0
0.0348119
0
0
0
0
0
0
0
0
0
0
0
0
0
0
0
0
0
0
0
0
0
0
0
0
0
0
0
0
0
0
0
0
0
0.000821595
0
0
0.0368665
0
0
0
0.0085482
0
0
0
0
0.00533744
0
0
0.000187154
0
0
0
0
0
0
0
0
0
0.194167
0
0
0
0
0
0
0
0.000930324
0
0
0
0
0.0190902
0
0.0902186
0
0
0
0.00288347
0.0301179
0
0
0
0
0
0
0.000344554
0.0153409
0
0
0
0
0.00215263
0.0355338
0
0
0
0
0
0
0
0
0
0
0.0175466
0.0109218
0
0
0
0
0
0
0
0.00539244
0
0
0
0.00231002
0.0139544
0
0
0
0.104155
0.129192
0
0
0
0
0
0.0162311
0
0
0
0
0
0
0
0
0
0
0
0
0
0.0617104
0
0
0
0
0
0.158632
0
0
0
0
0.00128869
0
0
0.041759
0
0
0
0
0
0
0
0.125702
0
0
0
0
0
0
0
0
0
0
0
0.00825719
0
0
0
0
0.0257471
0.21248
0
0
0
0
0
0
0
0
0.108347
0
0
0.00862886
0
0
0.0361671
0
0
0
0
0
0
0
0
0
0
0
0
0.010086
0
0
0
0.0538401
0
0
0
0.0780223
0
0
0.0556244
0
0
0
0
0.00110097
0.00375073
0.000178825
0
0.0563375
0
0
0
0.0190273
0
0
0.0060152
0
0
0
0
0
0
0
0
0
0
0
0
0
0
0
0
0.18816
0
0
0.151857
0
0
0
0
0.000764431
0
0
0
0
0
0.0162799
0
0.0272535
0
0
0
0
0.00456026
0
0
0
0
0
0
0
0.0445296
0
0
0
0
0.0319274
0
0
0.0398507
0.059715
0
0
0
0
0
0
0
0.00285061
0.00666291
0
0
0.0287917
0
0
0
0
0
0
0.00917013
0
0
0
0.00142145
0
0
0.0896414
0
0
0
0
0.129824
0
0
0
0
0
0
0
0
0
0.00115265
0
0.00895182
0
0
0
0.118126
0
0
0
0
0
0
0
0
0.212278
0
0
1.62333
0
0
0
0
0
0
0
0
0.0487459
0.0565352
0
0.0380787
0
0
0
0
0
0
0
0.832245
0
0
0
0
0
0
0
0
0
0
0
0.281209
0
0
0
0
0
0
0
0
0
0
0
0
0
0
0
0
0
0
0
0
0
0
0
0
0
0
0
0
0
0
0
0
0
0.105699
0
0
0.165058
0
0
0
0.0418285
0
0
0
0
0.116817
0
0
0
0
0
0
0
0.0223151
0
0.144554
0
0
2.27149
0
0
0
0
0.0220653
0
0
0.0300064
0
0
0
0
0.359361
0
0.313459
0
0
0
0
0.57241
0
0
0
0
0
0
0
0
0
0
0
0
0.467863
0.853275
0
0
0
0.114485
0
0
0
0
0.00570511
0
0.092299
0.138933
0
0
0
0
0
0
0
0.227833
0
0
0
0.642966
0
0
0
0
1.02024
1.31601
0
0
0
0
0
0.262131
0
0
0
0
0
0
0
0
0
0
0
0
0
0.662951
0
0
0
0
0
1.91919
0
0
0
0
0
0
0
0.587597
0
0
0
0
0
0
0
1.27244
0
0
0
0
0
0
0
0
0
0
0
0
0
0
0
0
0.41103
2.18463
0
0
0
0
0
0
0
0.124808
0.999323
0.00354708
0
0.0649736
0
0
0.173464
0
0
0
0
0
0
0
0
0
0
0
0
0.127886
0
0
0
0.0801415
0
0
0
0.772486
0
0
0.47982
0
0
0
0
0
0.00118194
0
0
0.157894
0
0
0
0.153791
0
0
0.0204152
0
0
0
0
0
0
0
0
0
0
0
0
0
0
0
0
2.32442
0
0
1.57351
0
0
0
0
0.0618514
0
0
0
0
0.0216313
1.22034
0
0.381196
0
0
0
0
0.039999
0
0
0
0
0
0
0
0.187433
0
0
0
0
0.00731996
0
0
0.76121
0.868734
0
0
0
0.0227455
0
0
0
0.261898
0.340629
0
0
0.304262
0
0
0
0
0
0.0873452
0
0
0
0
0.0639587
0
0
0.780956
0
0
0
0
1.36477
0.0241254
0
0
0
0
0
0
0
0
0
0
0.138985
0.168703
0
0
0
0
0
0
0
0
0
0
0
0.125338
0
0
1.67742
0
0
0
0
0
0
0
0
0
0.0673442
0
0
0
0
0
0
0
0
0
0.462117
0
0
0
0
0
0
0
0
0
0
0
0
0
0
0
0
0
0
0
0
0
0
0
0
0
0
0
0
0
0
0
0
0
0
0
0
0
0
0
0
0
0
0
0
0
0
0
0
0.209213
0
0
0
0.0136363
0
0
0
0
0.300511
0
0
0
0
0
0
0
0
0
0
0
0
0.828988
0
0
0
0
0
0
0
0.00181884
0
0
0
0
0.0754696
0
0.00866734
0
0
0
0
0.336239
0
0
0
0
0
0
0
0
0
0
0
0
0.19585
0.531521
0
0
0
0
0
0
0
0
0
0
0.0872818
0.00395673
0
0
0
0
0
0
0
0.0314971
0
0
0
0.85383
0
0
0
0
0.994392
0.795979
0
0
0
0
0
0.351264
0
0
0
0
0
0
0
0
0
0
0
0
0
0.458334
0
0
0
0
0
1.46705
0
0
0
0.00994686
0
0
0
0.0973313
0
0.0235765
0
0
0
0
0
0.620028
0
0
0
0
0.00667706
0
0
0
0
0
0
0
0
0
0
0
0.330305
0.507262
0
0
0
0
0
0
0
0
0.721353
0.00175569
0
0.0832849
0
0
0.153911
0
0
0
0
0
0
0
0
0
0
0
0
0.056296
0
0
0
0.0402904
0
0
0
0.111706
0
0
0.325772
0
0
0.00296641
0
0
0
0
0
0
0
0
0
0.165727
0
0
0
0
0
0
0
0
0
0
0
0
0
0
0
0
0
0
0
1.08021
0
0
1.93658
0
0
0
0
0.00622525
0
0
0
0
0.00408269
0.0815112
0
0.0294374
0
0
0
0
0.0271889
0.00746748
0
0
0
0
0
0
0.238724
0
0
0
0
0.0266545
0
0
0.335975
0.282468
0
0
0
0
0
0
0
0
0.242049
0
0
0.244374
0
0
0
0
0
0.558717
0
0
0
0
0.0185077
0
0
0.173481
0
0
0
0
1.11165
0.00157864
0
0
0
0
0
0
0
0
0
0
0.322098
0.545769
0
0
0
0
0
0
0
0
0
0
0
0.0807486
0
0
1.67968
0
0
0
0
0
0
0
0
0.00976329
0.0742244
0
0
0
0
0
0
0
0
0
0.520874
0
0
0
0
0
0
0
0
0
0
0
0
0
0
0
0
0
0
0
0
0
0
0
0
0
0
0
0
0
0
0
0
0
0
0
0
0
0
0
0
0
0
0
0
0
0
0
0
0.223451
0
0
0
0.0383249
0
0
0
0
0.401514
0
0
0
0
0
0
0
0
0
0
0
0
0.74929
0.00726345
0
0
0
0
0
0
0.0529786
0
0
0
0
0.0619607
0
5.64871e-05
0
0
0
0
0.356472
0
0
0.0106891
0
0
0
0
0
0
0
0
0
0.109186
0.333877
0
0
0
0
0
0
0
0
0
0
0.129948
0.0273353
0
0
0
0
0
0
0
0.0371256
0
0
0
0.835646
0
0
0
0
0.92638
0.801404
0
0
0
0
0
0.350538
0
0
0
0
0
0
0
0
0
0
0
0
0
0.415463
0
0
0
0
0
1.27194
0
0
0
0
0
0
0
0.111261
0
0.0491549
0
0
0
0
0
0.609879
0
0
0
0
0.0102859
0
0
0
0
0
0
0
0
0
0
0
0.246013
0.508446
0
0
0
0
0
0
0
0
0.569358
8.87534e-05
0
0.00431545
0
0
0.106843
0
0
0
0
0
0
0
0
0
0
0
0
0.0675497
0
0
0
0
0
0
0
0.1508
0
0
0.439258
0.00639336
0
0.00241864
0
0
0
0
0
0
0
0
0
0.180619
0
0
0
0
0
0
0
0
0
0
0
0
0
0
0
0
0
0
0
0.9032
0
0
2.11221
0
0
0
0
0
0
0
0
0.0179998
0
0
0
0.0188486
0
0
0
0
0.0243144
0
0
0
0
0
0
0
0.301402
0
0
0
0
0.00251656
0
0
0.245758
0.376324
0
0
0
0
0
0
0
0
0.238498
0
0
0.315177
0
0
0
0
0
0.55011
0
0
0
0
0.0404713
0
0
0.207127
0
0
0
0
1.02287
0.00698995
0
0
0
0
0
0
0
0
0
0
0.290129
0.474729
0
0
0.0158129
0
0
0
0
0
0
0
0
0.0929224
0
0
1.31585
0
0
0
0
0
0
0
0
0
0.127228
0
0
0
0
0
0
0
0
0
0.360604
0
0
0
0
0
0
0
0
0
0
0
0.0482759
0
0
0
0
0
0
0
0
0
0
0
0
0
0
0
0
0
0
0
0
0
0
0
0
0
0
0
0
0
0
0
0
0
0
0
0
0.221183
0
0
0
0.0245285
0
0
0
0
0.287651
0
0
0
0
0
0
0
0
0
0.044933
0
0
0.561482
0
0
0
0
0
0
0
0.0437036
0
0
0
0
0.0303378
0
0.0104107
0
0
0
0
0.246969
0
0
0
0
0
0
0
0
0
0
0
0
0.0663956
0.186957
0
0
0
0
0
0
0
0
0.0179976
0
0.165534
0.0516961
0
0
0
0
0
0
0
0.00115458
0
0
0
0.82578
0
0
0
0
0.966043
0.62399
0
0
0
0
0
0.306471
0
0
0
0
0
0
0.0220433
0
0
0
0
0
0
0.331482
0
0
0
0
0
1.07716
0
0
0
0
0.011282
0
0
0.0700473
0
0.0574869
0
0
0.00410149
0
0
0.587431
0
0
0
0
0.0277146
0
0
0
0
0
0
0
0
0
0
0
0.377308
0.300358
0
0
0
0
0
0
0
0
0.458197
0
0
0.00209114
0
0
0.179382
0
0
0
0
0
0
0
0
0
0
0
0
0.0129422
0
0
0
0.129666
0
0
0
0.0258272
0
0
0.364767
0
0
0
0
0
0
0
0
0
0
0
0
0.202586
0
0
0.0260852
0
0
0
0
0
0
0
0
0
0
0
0
0
0
0
0
0.769981
0
0
2.08648
0
0
0
0
0
0
0
0
0.0759671
0
0
0
0.0340844
0
0
0
0
0.0190917
0.0590478
0
0
0
0
0
0
0.27358
0
0
0
0
0.0259752
0
0
0.214901
0.177253
0
0
0
0
0
0
0
0
0.301607
0
0
0.274946
0
0
0
0
0
0.667699
0.00970776
0
0
0
0.091301
0
0
0.143008
0
0
0
0
0.902326
0.00637117
0
0
0
0
0
0
0
0
0
0
0.268257
0.250566
0
0
0.00793087
0
0
0
0
0
0
0
0
0.110622
0
0
0.669796
0
0
0
0
0
0
0
0
0.0219735
0.0448539
0
0
0
0
0
0
0
0
0
0.216005
0
0
0
0
0
0
0
0
0
0
0
0.0205718
0
0
0
0
0
0
0
0
0
0
0
0
0
0
0
0
0
0
0
0
0
0
0
0
0
0
0
0
0.0149044
0
0
0
0
0
0
0
0.195872
0
0.0018849
0
0.00301476
0
0
0
0
0.299237
0
0
0
0
4.83025e-05
0
0
0
0
0.0470259
0
0
0.269102
0
0
0
0
0
0
0
0.032054
0
0
0
0
0.0125812
0
0.0278985
0
0
0
0
0.158276
0
0
0
0.0070433
0
0
0
0
0
0
0
0
0.00899841
0.0542269
0
0
0
0
0
0
0
0
0.0114119
0
0.134836
0.0219374
0
0
0
0
0
0
0
0
0
0
0
0.69635
0
0
0
0
0.713925
0.314454
0
0
0
0
0
0.253357
0
0
0
0
0
0
0.00789707
0
0
0
0
0
0
0.308214
0
0
0
0
0
0.791866
0
0
0
0
0.0191081
0
0
0.0402152
0
0.158335
0
0
0.0103406
0
0
0.478986
0
0
0
0
0
0
0
0
0
0
0
0.00475556
0
0
0
0
0.384944
0.302893
0
0
0
0
0
0
0
0
0.351819
0.00415578
0
0.033057
0
0
0.217731
0
0
0
0
0
0
0
0
0
0
0
0
0
0
0
0
0.258702
0
0
0
0.0348158
0
0
0.213713
0
0
0
0
0
0
0.00380152
0
0.0019492
0
0
0
0.192147
0
0
0.0339386
0
0
0
0
0
0
0
0
0
0
0
0
0
0
0
0
0.376027
0
0
1.46404
0
0
0
0
0.0211944
0
0
0
0.202663
0.0177856
0
0
0.0140017
0
0.0225684
0
0
0.0177809
0.118613
0
0
0
0
0
0
0.197579
0
0
0
0
0.0246016
0
0
0.175928
0.0601718
0
0
0
0
0
0
0
0
0.076219
0.0348225
0
0.139316
0
0
0
0
0
0.693208
0.00482042
0
0
0
0.0327874
0
0
0.121342
0
0
0
0
0.626132
0.0037083
0
0
0
0
0
0
0
0
0
0
0.205486
0.107293
0
0
0.00964674
0
0
0
0
0
0
0
0
0.103574
0
0
0.23077
0
0
0
0
0
0
0
0
0.00420807
0.00257374
0
0
0.0259443
0
0
0
0
0
0
0.135364
0
0
0
0
0
0
0
0
0
0
0
0.0296597
0
0
0
0
0
0
0
0
0
0
0
0
0
0
0
0
0
0
0
0
0
0
0
0
0
0
0
0
0.00913553
0
0
0
0
0
0
0
0.161254
0
0.022925
0
0.012095
0
0
0
0
0.256664
0
0
0.00023268
0
0.00139668
0
0
0
0
0.00279069
0
0
0.207173
0.0152735
0
0
0
0
0
0
0.00052285
0
0
0
0
0
0
0.0507325
0
0
0
0.0197315
0.109158
0
0
0
0.0297381
0
0
0.00499227
0.00760682
0
0
0
0
0
0.068832
0
0
0
0
0
0
0
0
0
0
0.0940367
0.0068895
0
0
0
0.0283958
0
0
0
0.00655467
0
0
0
0.357696
0.00046797
0
0
0
0.423243
0.215867
0
0
0
0
0
0.118248
0
0
0
0
0
0
0
0
0
0
0
0
0
0.197688
0
0
0
0
0
0.453585
0
0
0
0
0
0.000610631
0
0.0223278
0
0.102917
0
0
0
0
0
0.322298
0
0
0
0
0
0
0
0
0
0
0
0.00176274
0
0
0
0
0.324376
0.32905
0
0
0
0
0
0
0
0
0.272819
0.00227808
0
0.00939858
0
0
0.143579
0
0
0
0
0
0
0
0
0
0
0
0
0
0
0
0
0.201011
0
0
0
0.141993
0
0
0.0881424
0
0
0.000174218
0
0
0.00230222
0.0199839
0
0.0253003
0
0
0
0.102276
0
0
0.00386495
0
0
0
0
0
0
0
0
0
0
0
0
0
0
0
0
0.149024
0
0
0.762581
0
0
0
0
0.044417
0
0
0
0.200738
0.00423013
0.00174475
0
0.00540997
0
0.0633385
0
0
0.0177286
0.0850849
0
0
0
0
0
0
0.158021
0
0
0
0
0.0165018
0
0
0.122901
0.0662138
0
0
0
0
0
0
0
0.00259354
0.0008294
0.0471968
0
0.0638327
0
0
0
0
0
0.336245
0
0
0
0
0
0
0
0.115678
0
0
0
0
0.392201
4.88359e-05
0
0
0
0
0
0
0
0
0
0
0.128486
0.0515043
0
0
0.00123076
0
0
0
0
0
0
0
0
0.0218616
0
0
0.108315
0
0
0
0
0
0
0
0
0
0.00107515
0
0
0.00323363
0
0
0
0
0
0
0.0695114
0
0
0
0
0
0
0
0
0
0
0
0.0126436
0
0
0
0
0
0
0
0
0
0
0
0
0
0
0
0
0
0
0
0
0
0
0
0
0
0
0
0
0
0
0
0
0
0
0
0
0.0662346
0
0.00145357
0
0.0325019
0
0
0
0
0.0855487
0
0
0.000131036
0
0.00308501
0
0
0
0
0.0179179
0
0
0.142695
0
0
0
0
0
0
0
0.0279864
0
0
0
0
0.015341
0
0.0238888
0
0
0
0.0131103
0.0492837
0
0
0
0.00371806
0
0
0.0279838
0.0038105
0
0
0
0
0
0.0190632
0
0
0
0
0
0
0
0
0.00286751
0
0.0274485
0.0181586
0
0
0
0.008192
0
0
0
0.00335461
0
0
0
0.050994
0.00222724
0
0
0
0.163473
0.112981
0
0
0
0.0169259
0
0.016156
0
0
0
0
0
0
0
0
0
0
0
0
0
0.0574546
0
0
0
0
0
0.133
0
0
0
0
0.016739
0
0
0.00899135
0
0.0133655
0
0
0
0
0
0.152536
0
0
0
0
0
0
0
0
0
0
0
0.00415097
0
0
0
0
0.121695
0.198112
0
0
0
0
0
0
0
0
0.126932
0.00342281
0
0.0442753
0
0
0.0540291
0
0
0
0
0
0
0
0
0
0
0
0
0
0
0
0
0.0869393
0
0
0
0.108073
0
0
0.0178465
0
0
0
0
0.000487208
0.0025801
0.0179363
0
0.0427278
0
0
0
0.0112877
0
0
0.00152728
0
0
0
0
0
0
0
0
0
0
0
0
0
0
0
0
0.0813073
0
0
0.226832
0
0
0
0
0.0409513
0
0
0
0.0212784
0.00173613
0.00666992
0
0.00708737
0
0.00851652
0
0
0.00697986
0.0328191
0
0
0
0
0
0
0.0625662
0
0
0
0
0.0061228
0
0
0.0593159
0.0626404
0
0
0
0
0
0
0
0.00186209
0
0.0648112
0
0.0197453
0
0
0
0
0
0.0382425
0
0
0
0
0
0
0
0.064932
0
0
0
0
0.154495
0
0
0
0
0
0
0
0
0
0.000342802
0
0.0515645
0
0
0
0.10559
0
0
0
0
0
0
0
0
0.235117
0
0
1.99357
0
0
0
0
0
0
0
0
0.0133493
0.0698084
0
0.0284366
0
0
0
0
0
0
0
0.914621
0
0
0
0
0
0
0
0
0
0
0
0.210555
0
0
0
0
0
0
0
0
0
0
0
0
0
0
0
0
0
0
0
0
0
0
0
0
0
0
0
0
0
0
0
0
0
0.0788933
0
0
0.334665
0
0
0
0.059265
0
0
0
0
0.0146939
0
0
0
0
0
0
0
0.0446364
0
0.0697303
0
0
1.92239
0
0
0
0
0.0626153
0
0
0
0
0
0
0
0.162203
0
0.438922
0
0
0
0
0.595519
0
0
0
0
0
0
0
0.0298183
0
0
0
0
0.373325
0.774541
0
0
0
0.0890224
0
0
0
0
0.00120977
0
0.079542
0.0708207
0
0
0
0
0
0
0
0.110261
0
0
0
0.959927
0
0
0
0
1.26055
1.55307
0
0
0
0
0
0.382924
0
0
0
0
0
0
0
0
0
0
0
0
0
0.903862
0
0
0
0
0
2.26352
0
0
0
0
0
0.00163418
0
0.463592
0
0
0
0
0
0
0
1.48783
0
0
0
0
0
0
0
0
0
0
0
0.00159401
0
0
0
0
0.588427
2.09658
0
0
0
0
0
0
0
0.127923
1.03168
0.0218445
0
0.0272165
0
0
0.285551
0
0
0
0
0
0
0
0
0
0
0
0
0.108016
0
0
0
0.214105
0
0
0
0.394986
0
0.00340492
0.582556
0
0
0.0110466
0
0
0.000968124
0
0
0.096128
0
0
0
0.195276
0
0
0.0833085
0
0
0
0
0
0
0
0
0
0
0
0
0
0
0
0
2.53427
0
0
1.91747
0
0
0
0
0.0319853
0
0
0
0
0.0097057
1.00239
0
0.223664
0
0
0
0
0.0345389
0
0
0
0
0
0
0
0.263522
0
0
0
0
0.0394266
0
0
0.597437
0.945351
0
0
0
0
0
0
0
0.219246
0.104702
0
0
0.328135
0
0
0
0
0.00420319
0.562998
0
0
0
0
0.0380833
0
0
0.651661
0
0
0
0
1.49576
0.00378296
0
0
0
0
0
0
0.0227189
0
0
0
0.177005
0.40732
0
0
0.0521874
0
0
0
0
0
0
0
0
0.265711
0
0
1.96679
0
0
0
0
0
0
0
0
0
0.00123361
0
0
0
0
0
0
0
0
0
1.15396
0
0
0
0
0
0
0
0
0
0
0
0.224578
0
0
0
0
0
0
0
0
0
0
0
0
0
0
0
0
0
0
0
0
0
0
0
0
0
0
0
0
0
0
0
0
0
0.0464638
0
0
0.312066
0
0
0
0.0584496
0
0
0
0
0.052894
0
0
0
0
0
0
0
0
0
0
0
0
1.85544
0
0
0
0
0
0
0
0
0
0
0
0
0.248368
0
0.134461
0
0
0
0
0.59058
0
0
0
0
0
0
0
0
0
0
0
0
0.468609
0.96449
0
0
0
0
0
0
0
0
0
0
0.148351
0.0396352
0
0
0
0
0
0
0
0.155421
0
0
0
1.04196
0
0
0
0
1.23039
1.51039
0
0
0
0
0
0.48034
0
0
0
0
0
0
0
0
0
0
0
0
0
0.96205
0
0
0
0
0
2.47933
0
0
0
0
0
0
0
0.56403
0
0
0
0
0
0
0
1.38449
0
0
0
0
0
0
0
0
0
0
0
0
0
0
0
0
0.480776
2.42928
0
0
0
0
0
0
0
0
0.924703
0.0139682
0
0.0135208
0
0
0.2731
0
0
0
0
0
0
0
0
0
0
0
0
0
0
0
0
0.12652
0
0
0
0.491044
0
0
0.316747
0
0
0.0146524
0
0
0
0
0
0.0462138
0
0
0
0.177931
0
0
0.0175001
0
0
0
0
0
0
0
0
0
0
0
0
0
0
0
0
2.3409
0
0
2.33828
0
0
0
0
0.00241581
0
0
0
0
0
0.523547
0
0.202327
0
0
0
0
0.011168
0
0
0
0
0
0
0
0.421367
0
0
0
0
0.0547139
0
0
0.61144
1.14705
0
0
0
0
0
0
0
0.045897
0.233366
0
0
0.442218
0
0
0
0
0
0.466672
0
0
0
0
0
0
0
0.689226
0
0
0
0
1.42717
0
0
0
0
0
0
0
0
0
0
0
0.318803
0.865706
0
0
0
0
0
0
0
0
0
0
0
0.123926
0
0
1.63742
0
0
0
0
0
0
0
0
0.00630836
0.00223708
0
0
0
0
0
0
0
0
0
0.696732
0
0
0
0
0
0
0
0
0
0
0
0.0405827
0
0
0
0
0
0
0
0
0
0
0
0
0
0
0
0
0
0
0
0
3.68024e-05
0
0
0
0
0
0
0
0
0
0
0
0
0
0
0
0.27393
0
0
0
0.0372996
0
0
0
0
0.122204
0
0
0
0
0
0
0
0
0
0
0
0
0.987947
0.00428001
0
0
0
0
0
0
0
0
0
0
0
0.0483849
0
0.0270112
0
0
0
0
0.528836
0
0
0
0
0
0
0
0
0
0
0
0
0.33152
0.742551
0
0
0
0
0
0
0
0
0
0
0.186876
0.00184879
0
0
0
0
0
0
0
0.0726319
0
0
0
0.9883
0
0
0
0
1.17034
1.23126
0
0
0
0
0
0.397527
0
0
0
0
0
0
0
0
0
0
0
0
0
0.720144
0
0
0
0
0
2.00986
0
0
0
0
0
0
0
0.170516
0
0.00561711
0
0
0
0
0
1.15426
0
0
0
0
0
0
0
0
0
0
0
0
0
0
0
0
0.392944
1.15047
0
0
0
0
0
0
0
0
0.778204
0.0225418
0
0.0300935
0
0
0.208622
0
0
0
0
0
0
0
0
0
0
0
0
0
0
0
0
0.0156667
0
0
0
0.23847
0
0
0.415919
0.00348176
0
0
0
0
0
0
0
0
0
0
0
0.249747
0
0
0.0144376
0
0
0
0
0
0
0
0
0
0
0
0
0
0
0
0
1.67027
0
0
2.56982
0
0
0
0
0
0
0
0
0
0
0.108354
0
0.0707202
0
0
0
0
0.00199016
0
0
0
0
0
0
0
0.470701
0
0
0
0
0.00467405
0
0
0.367993
0.585313
0
0
0
0
0
0
0
0.0126725
0.414939
0
0
0.376831
0
0
0
0
0
0.52229
0
0
0
0
0
0
0
0.278007
0
0
0
0
1.392
0
0
0
0
0
0
0
0
0
0
0
0.351758
0.769484
0
0
0.130905
0
0
0
0
0
0
0
0
0.254846
0
0
1.32871
0
0
0
0
0
0
0
0
0
0.115371
0
0.128665
0
0.0138169
0
0
0
0
0
0.930066
0
0
0
0
0
0
0
0
0
0
0
0.706109
0
0
0
0
0
0
0
0
0
0
0
0
0
0
0
0
0
0
0
0
0
0
0
0
0
0
0
0
0
0
0
0
0
0.109876
0
0
0.266755
0
0
0
0.0604562
0
0
0
0
0.0611771
0
0
0
0
0
0
0.000293198
0.047624
0
0.146691
0
0
1.65223
0
0
0
0
0.0777513
0
0
0
0
0
0
0
0.176846
0
0.0993959
0
0
0
0
0.72466
0
0
0
0
0
0
0
0
0
0
0
0
0.420213
0.871322
0
0
0
0.0875054
0
0
0
0
0.0154386
0
0.279471
0.142142
0
0
0
0
0
0
0
0.37811
0
0
0
1.05115
0
0
0
0
1.38098
1.43599
0
0
0
0
0
0.456929
0
0
0
0
0
0
0.0168488
0
0
0
0
0
0
0.859789
0
0
0
0
0
2.16132
0
0
0
0
0
0
0
0.470678
0
0.00139654
0
0
0
0
0
1.43676
0
0
0
0
0
0
0
0
0
0
0
0
0
0
0
0
0.365715
2.40465
0
0
0
0
0
0
0
0.178895
0.654717
0.0212705
0
0.0114019
0
0
0.344393
0
0
0
0
0
0
0
0
0
0
0
0
0
0
0
0
0.233658
0
0
0
0.498348
0
0
0.614455
0
0
0
0
0
0.0303462
0
0
0
0
0
0
0.128538
0
0
0.0428541
0
0
0
0
0
0
0
0
0
0
0
0
0
0
0
0
1.9571
0
0
3.02795
0
0
0
0
0
0
0
0
0
0
0.461718
0
0.147928
0
0
0
0
0.0446593
0
0
0
0
0
0
0
0.491159
0
0
0
0
0.0274811
0
0
0.809598
0.88739
0
0
0
0
0
0
0
0.109694
0.156418
0
0
0.459673
0
0
0
0
0
0.618682
0.00591116
0
0
0
0
0
0
0.641679
0
0
0
0
1.16284
0
0
0
0
0
0
0
0
0
0
0
0.301326
0.512636
0
0
0.0897718
0
0
0
0
0
0
0
0
0.285609
0
0
1.11439
0
0
0
0
0
0
0
0
0.0895064
0.0770484
0
0.0701721
0
0
0
0
0
0
0
0.757994
0
0
0
0
0
0
0
0
0
0
0
0.305306
0
0
0
0
0
0
0
0
0
0
0
0
0
0
0
0
0
0
0
0
9.74247e-05
0
0
0
0
0
0
0
0
0
0
0
0
0.0737063
0
0
0.241894
0
0
0
0.075028
0
0
0
0
0.145907
0
0
0
0
1.00339e-05
0
0
0.0273308
0
0.105064
0
0
1.58848
0
0
0
0
0.0396641
0
0
0
0
0
0
0
0.148247
0
0.12984
0
0
0
0
0.532182
0
0
0
0
0
0
0
0
0
0
0
0
0.137322
0.483364
0
0
0
0.0574934
0
0
0
0
0.00825676
0
0.162793
0.0697303
0
0
0
0
0
0
0.0181181
0.168216
0
0
0
1.14151
0
0
0
0
1.15008
1.3072
0
0
0
0
0
0.379334
0
0
0
0
0
0
0.013486
0
0
0
0
0
0
0.842394
0
0
0
0
0
1.84718
0
0
0
0
0
0
0
0.190658
0
0.0401529
0
0
0
0
0
1.3934
0
0
0
0
0
0
0
0
0
0
0
0
0
0
0
0
0.490126
2.44428
0
0
0
0
0
0
0
0.0957838
0.590943
0.0362123
0
0
0
0
0.341939
0
0
0
0
0
0
0
0
0
0
0
0
0
0
0
0
0.351399
0
0
0
0.284094
0
0
0.313809
0
0
0
0
0
0.0186642
0
0
0.194911
0
0
0
0.14051
0
0
0.0937552
0
0
0
0
0
0
0
0
0
0
0
0
0
0
0
0
1.73022
0
0
2.65028
0
0
0
0
0.0196131
0
0
0
0.108095
0.0191616
0.414241
0
0.0899576
0
0.0180423
0
0
0.031932
0.0110538
0
0
0
0
0
0
0.33589
0
0
0
0
0.0751081
0
0
0.641254
0.873461
0
0
0
0
0
0
0
0.094636
0
0
0
0.357963
0
0
0
0
0
0.7128
0.0223201
0
0
0
0
0
0
0.365887
0
0
0
0
1.15562
0
0
0
0
0
0
0
0
0
0
0
0.303638
0.487706
0
0
0.308843
0
0
0
0
0
0
0
0
0.248094
0
0
0.855757
0
0
0
0
0
0
0
0
0
0.0153638
0
0.00910906
0.0736864
0
0
0
0
0
0
0.572966
0
0
0
0
0
0
0
0
0
0
0
0.405319
0
0
0
0
0
0
0
0
0
0
0
0
0
0
0
0
0
0
0
0
0
0
0
0
0
0
0
0
0
0
0
0
0
0
0
0
0.206765
0
0
0
0.0581491
0
0
0
0
0.182041
0
0
0
0
0.000264945
0
0
0
0
0.244216
0
0
1.34104
0.00899993
0
0
0
0.125394
0
0
0
0
0
0
0
0.187334
0
0.126489
0
0
0
0
0.345844
0
0
0.00474558
0
0
0
0
0.0892213
0
0
0
0
0.192395
0.209393
0
0
0
0.131954
0
0
0
0
0
0
0.127633
0.0291917
0
0
0
0.0260553
0
0
0.00940764
0.0941642
0
0
0
1.1311
0
0
0
0
0.800135
0.844859
0
0
0
0
0
0.185812
0
0
0
0
0
0
0
0
0
0
0
0
0
0.472498
0
0
0
0
0
1.1023
0
0
0
0
0
0
0
0.177798
0
0.121215
0
0
0
0
0
1.0035
0
0
0
0
0.00442089
0
0
0
0
0
0
0.00274655
0
0
0
0.000279807
0.55918
2.02083
0
0
0
0
0
0
0
0.221213
0.470908
0.073796
0
0.00110523
0
0
0.314302
0
0
0
0.00625809
0
0
0
0
0
0
0
0
0
0
0
0
0.540022
0
0
0
0.211839
0
0
0.0313579
0
0
0
0
0
0
0
0
0.474235
0
0
0
0.0557806
0
0
0.0447355
0
0
0
0
0
0
0.000309862
0
0
0
0
0
0
0.0395918
0
0
0.791165
0
0
2.37526
0
0
0
0
0.0440285
0
0
0
0.210099
0.0411823
0.296247
0
0.0263054
0
0.0511536
0
0
0.0447857
0.0335854
0
0
0
0
0
0
0.184696
0
0
0
0
0.101679
0
0
0.618439
0.583033
0
0
0
0
0
0
0
0.29916
0
0
0
0.273483
0
0
0
0
0.04982
0.942059
0.0929404
0
0
0
0
0
0
0.338858
0
0
0
0
0.640534
0
0
0
0
0
0
0
0
0
0
0
0.368704
0.141824
0
0
0.0765081
0
0
0
0
0
0
0
0
0.0437038
0
0
0.279134
0
0
0
0
0
0
0
0
0
0.00982015
0
0.00394835
0.0313624
0
0
0
0
0
0
0.110814
0
0
0
0
0
0
0
0
0
0
0
0.0580606
0
0
0
0
0
0
0
0
0
0
0
0
0
0
0
0
0
0
0
0
0
0
0
0
0
0
0
0
0
0
0
0
0
0
0
0
0.0871736
0
0
0
0.0111579
0
0
0
0
0.0899841
0
0
0
0
0
0
0
0
0
0.140956
0
0
0.387504
0
0
0
0
0.0346674
0
0
0.0135686
0
0
0
0
0.0411056
0
0.0407469
0
0
0
0
0.0901219
0
0
0
0
0
0
0.0109655
0.0526898
0
0
0
0
0.0400724
0.0147889
0
0
0
0.0327595
0
0
0
0
0
0
0.0389998
0.0143455
0
0
0
0.0427431
0
0
0
0.0139229
0
0
0
0.368113
0
0
0
0
0.293295
0.222922
0
0
0
0.0132895
0
0.00459611
0
0
0
0
0
0
0
0
0
0
0
0
0
0.0921548
0
0
0
0
0
0.284865
0
0
0
0
0
0
0
0.0459702
0
0.0472855
0
0
0
0
0
0.335923
0
0
0
0
0.00365591
0
0
0
0
0
0
0.00150245
0
0
0
0.000147817
0.214309
0.353009
0
0
0
0
0
0
0
0.0551017
0.212128
0.0487752
0
0.0370221
0
0
0.10408
0
0
0
0.00169978
0
0
0
0
0
0
0
0
0
0
0
0
0.17249
0
0
0
0.00617138
0
0
0.017587
0
0
0
0
0
0
0.00679262
0
0.095967
0
0
0
0.00218977
0
0
0.036977
0
0
0
0
0
0
0.000161066
0
0
0
0
0
0
0.0232185
0
0
0.192466
0
0
0.768448
0
0
0
0
0.0424273
0
0
0
0.0644103
0.00214111
0.0471155
0
0
0
0.00698996
0
0
0.00473911
0.0370569
0
0
0
0
0
0
0.0845751
0
0
0
0
0.0261478
0
0
0.216555
0.0687108
0
0
0
0.00870468
0
0
0
0.11252
0
0.00991844
0
0.0740511
0
0
0
0
0.0101914
0.320244
0.0323502
0
0
0
0
0
0
0.0848027
0
0
0
0
0.203742
0
0
0
0
0
0
0
0
0
0
0
0.14978
0.00376763
0
0
0.123664
0
0
0
0
0
0
0
0
0.29034
0
0
1.61049
0
0
0
0
0
0
0
0
0
0.0721567
0
0.00450845
0
0
0
0
0
0
0
1.06424
0
0
0
0
0
0
0
0
0
0
0
0.298697
0
0
0
0
0
0
0
0
0
0
0
0
0
0
0
0
0
0
0
0
0
0
0
0
0
0
0
0
0
0
0
0
0
0.129458
0
0
0.376457
0
0
0
0.0592588
0
0
0
0
0
0
0
0
0
0
0
0
0.0300446
0
0.0756096
0
0
2.01934
0
0
0
0
0.0359665
0
0
0.0210869
0
0
0
0
0.156137
0
0.519137
0
0
0
0
0.762223
0
0
0.00458068
0
0
0
0
0.0184713
0
0
0
0
0.543704
1.17677
0
0
0
0.0898531
0
0
0
0
0
0
0.0535191
0.0531044
0
0
0
0
0
0
0
0.114364
0
0
0
0.768418
0
0
0
0
1.40716
1.79999
0
0
0
0
0
0.326981
0
0
0
0
0
0
0
0
0
0
0
0
0
0.974322
0
0
0
0
0
2.39912
0
0
0
0
0
0.00196264
0
0.524365
0
0
0
0
0
0
0
1.71659
0
0
0
0
0
0
0
0
0
0
0
0.000973504
0
0
0
0
0.623652
2.32752
0
0
0
0
0
0
0
0.174124
1.37209
0.00369702
0
0
0
0
0.242983
0
0
0
0
0
0
0
0
0
0
0
0
0.143658
0
0
0
0.151066
0
0
0
0.377853
0
0.00182728
0.793248
0
0
0.0432615
0
0
0
0
0
0.163297
0
0
0
0.32952
0
0
0.160878
0
0
0
0
0
0
0
0
0
0
0
0
0
0
0
0
2.91141
0
0
2.16963
0
0
0
0
0.0103948
0
0
0
0
0.00886321
0.992855
0
0.252087
0
0
0
0
0.0347692
0
0
0
0
0
0
0
0.334645
0
0
0
0
0.0189193
0
0
0.627736
0.86608
0
0
0
0.00929055
0
0
0
0.221712
0.461539
0
0
0.406078
0
0
0
0
0.00279971
0.293495
0
0
0
0
0.0148894
0
0
0.644742
0
0
0
0
1.6859
0
0
0
0
0
0
0
0.0282971
0
0
0
0.22179
0.377061
0
0
0
0
0
0
0
0
0
0
0
0.246112
0
0
1.25834
0
0
0
0
0
0
0
0
0
0.109684
0
0
0
0
0
0
0
0
0
1.14168
0
0
0
0
0
0
0
0
0
0
0
0
0
0
0
0
0
0
0
0
0
0
0
0
0
0
0
0
0
0
0
0
0
0
0
0
0
0
0
0
0
0
0
0
0
0.0231906
0
0
0.593991
0
0
0
0.112115
0
0
0
0
0
0
0
0
0
0
0
0
0
0
0
0
0
0.992778
0
0
0
0
0
0
0
0
0
0
0
0
0
0
0.0862406
0
0
0
0
0.619048
0
0
0.000139917
0
0
0
0
0
0
0
0
0
0.124141
1.53116
0
0
0
0
0
0
0
0
0
0
0.0189102
0
0
0
0
0
0
0
0
0
0
0
0
0.781562
0
0
0
0
1.39185
1.68724
0
0
0
0
0
0.396514
0
0
0
0
0
0
0
0
0
0
0
0
0
1.00233
0
0
0
0
0
2.45516
0
0
0
0
0
0
0
0.333447
0
0
0
0
0
0
0
1.38727
0
0
0
0
0
0
0
0
0
0
0
0
0
0
0
0
0.582046
1.30389
0
0
0
0
0
0
0
0
1.43523
0
0
0
0
0
0.2533
0
0
0
0
0
0
0
0
0
0
0
0
0.0524064
0
0
0
0.0131583
0
0
0
0.0121743
0
0
0.922045
0
0
0.0489481
0
0
0
0
0
0
0
0
0
0.367806
0
0
0.124038
0
0
0
0
0
0
0
0
0
0
0
0
0
0
0
0
2.55492
0
0
1.93579
0
0
0
0
0
0
0
0
0
0
0.20655
0
0.123772
0
0
0
0
0
0
0
0
0
0
0
0
0.555212
0
0
0
0
0
0
0
0.163064
0.689866
0
0
0
0
0
0
0
0
0.52654
0
0
0.483095
0
0
0
0
0
0.199993
0
0.00174823
0
0
0
0
0
0.32513
0
0
0
0
1.93427
0
0
0
0
0
0
0
0
0
0
0
0.28911
1.04255
0
0
0
0
0
0
0
0
0
0
0
0.216939
0
0
1.10113
0
0
0
0
0
0
0
0
0
0.191418
0
0
0
0
0
0
0
0
0
1.0808
0
0
0
0
0
0
0
0
0
0
0
0.0788579
0
0
0
0
0
0
0
0
0
0
0
0
0
0
0
0
0
0
0
0
0
0
0
0
0
0
0
0
0
0
0
0
0
0
0
0
0.4334
0
0
0
0.0944826
0
0
0
0
0
0
0
0
0
0
0
0
0
0
0
0
0
1.02497
0
0
0
0
0
0
0
0
0
0
0
0
0
0
0.222578
0
0
0
0
0.621241
0
0
0.00157369
0
0
0
0
0
0
0
0
0
0.131033
1.71036
0
0
0
0
0
0
0
0
0
0
0.0391676
0
0
0
0
0
0
0
0
0.0682572
0
0
0
0.685486
0
0
0
0
1.33029
1.66199
0
0
0
0
0
0.344804
0
0
0
0
0
0
0
0
0
0
0
0
0
0.913068
0
0
0
0
0
2.40667
0
0
0
0
0
0
0
0.377377
0
0
0
0
0
0
0
1.55957
0
0
0
0
0
0
0
0
0
0
0
0
0
0
0
0
0.529487
1.72039
0
0
0
0
0
0
0
0
1.26305
0.0116396
0
0.00456043
0
0
0.219111
0
0
0
0
0
0
0
0
0
0
0
0
0
0
0
0
0.0521283
0
0
0
0.226804
0
0
1.09036
0
0
0.0456904
0
0
0
0
0
0.0112498
0
0
0
0.258907
0
0
0.0574401
0
0
0
0
0
0
0
0
0
0
0
0
0
0
0
0
2.72087
0
0
1.98667
0
0
0
0
0
0
0
0
0
0
0.157806
0
0.0905999
0
0
0
0
0
0
0
0
0
0
0
0
0.668251
0
0
0
0
0.00193683
0
0
0.205751
0.822455
0
0
0
0
0
0
0
0
0.489468
0
0
0.495027
0
0
0
0
0
0.0667557
0
0.00264758
0
0
0.00620442
0
0
0.637493
0
0
0
0
1.73907
0
0
0
0
0
0
0
0
0
0
0
0.308428
0.870761
0
0
0
0
0
0
0
0
0
0
0
0.257449
0
0
0.902678
0
0
0
0
0
0
0
0
0
0.187788
0
0
0
0
0
0
0
0
0
1.16258
0
0
0
0
0
0
0
0
0
0
0
0.154454
0
0
0
0
0
0
0
0
0
0
0
0
0
0
0
0
0
0
0
0
0
0
0
0
0
0
0
0
0
0
0
0
0
0.132758
0
0
0.472966
0
0
0
0.133419
0
0
0
0
0
0
0
0
0
0
0
0
0
0
0
0
0
0.842848
0
0
0
0
0
0
0
0
0
0
0
0
0
0
0.215153
0
0
0
0
0.655372
0
0
0
0
0
0
0
0
0
0
0
0
0.0921246
1.72359
0
0
0
0
0
0
0
0
0
0
0.0501631
0.0289678
0
0
0
0
0
0
0
0.11592
0
0
0
0.57323
0
0
0
0
1.38048
1.75105
0
0
0
0
0
0.401877
0
0
0
0
0
0
0
0
0
0
0
0
0
0.963096
0
0
0
0
0
2.332
0
0
0
0
0
0
0
0.392666
0
0
0
0
0
0
0
1.51799
0
0
0
0
0
0
0
0
0
0
0
0
0
0
0
0
0.485579
1.58607
0
0
0
0
0
0
0
0
1.19598
0.00509599
0
0.0676112
0
0
0.234864
0
0
0
0
0
0
0
0
0
0
0
0
0
0
0
0
0.0663699
0
0
0
0.198504
0
0
1.26643
0
0
0.0280781
0
0
0
0
0
0
0
0
0
0.270761
0
0
0.217709
0
0
0
0
0
0
0
0
0
0
0
0
0
0
0
0
2.63429
0
0
1.8685
0
0
0
0
0
0
0
0
0
0
0.200958
0
0.10502
0
0
0
0
0
0
0
0
0
0
0
0
0.690781
0
0
0
0
0
0
0
0.16296
0.670447
0
0
0
0
0
0
0
0
0.616148
0
0
0.481966
0
0
0
0
0
0.00447348
0
0.000178893
0
0
0.00433905
0
0
0.55906
0
0
0
0
1.7457
0
0
0
0
0
0
0
0
0
0
0
0.222666
0.794935
0
0
0
0
0
0
0
0
0
0
0
0.211583
0
0
1.01179
0
0
0
0
0
0
0
0
0.142533
0.117866
0
0
0
0
0
0
0
0
0
1.01459
0
0
0
0
0
0
0
0
0
0
0
0.0325996
0
0
0
0
0
0
0
0
0
0
0
0
0
0
0
0
0
0
0
0
0
0
0
0
0
0
0
0
0
0
0
0
0
0.0539401
0
0
0.45586
0
0
0
0.156768
0
0
0
0
0.0101724
0
0
0
0
0
0
0
0
0
0.00650852
0
0
1.15442
0
0
0
0
0
0
0
0
0
0
0
0
0.023301
0
0.301406
0
0
0
0
0.59037
0
0
0
0
0
0
0
0
0
0
0
0
0.0572174
1.18876
0
0
0
0
0
0
0
0
0
0
0.0194274
0
0
0
0
0
0
0
0
0.00597691
0
0
0
0.649517
0
0
0
0
1.32503
1.73115
0
0
0
0
0
0.365761
0
0
0
0
0
0
0
0
0
0
0
0
0
0.90685
0
0
0
0
0
2.1552
0
0
0
0
0
0
0
0.158603
0
0
0
0
0
0
0
1.50316
0
0
0
0
0
0
0
0
0
0
0
0
0
0
0
0
0.441623
1.66373
0
0
0
0
0
0
0
0
1.24218
0
0
0.0877533
0
0
0.19808
0
0
0
0
0
0
0
0
0
0
0
0
0
0
0
0
0.110691
0
0
0
0.0427958
0
0
0.994063
0
0
0.00815473
0
0
0
0
0
0.0636592
0
0
0
0.306042
0
0
0.239659
0
0
0
0
0
0
0
0
0
0
0
0
0
0
0
0
2.52572
0
0
1.74501
0
0
0
0
0.0109039
0
0
0
0
0
0.333562
0
0.117883
0
0
0
0
0.0044794
0
0
0
0
0
0
0
0.533603
0
0
0
0
0
0
0
0.144715
0.791591
0
0
0
0
0
0
0
0
0.0743692
0
0
0.418749
0
0
0
0
0
0.141039
0
0
0
0
0.00262315
0
0
0.236376
0
0
0
0
1.94763
0
0
0
0
0
0
0
0
0
0
0
0.165462
0.839568
0
0
0.266396
0
0
0
0
0
0
0
0
0.3648
0
0
1.52713
0
0
0
0
0
0
0
0
0
0.00942359
0
0.00580292
0
0
0
0
0
0
0
0.909953
0
0
0
0
0
0
0
0
0
0
0
0.641245
0
0
0
0
0
0
0
0
0
0
0
0
0
0
0
0
0
0
0
0
0
0
0
0
0
0
0
0
0
0
0
0
0
0.0917038
0
0
0.171156
0
0
0
0.0870958
0
0
0
0
0.011642
0
0
0
0
0
0
0
0.0112529
0
0.244042
0
0
2.58432
0
0
0
0
0.115267
0
0
0
0
0
0
0
0.207895
0
0.431944
0
0
0
0
0.70667
0
0
0.00226239
0
0
0
0
0.0630755
0
0
0
0
0.372727
0.738889
0
0
0
0.155062
0
0
0
0
0
0
0.192322
0.0312453
0
0
0
0
0
0
0
0.23262
0
0
0
0.754612
0.00909462
0
0
0
1.06871
1.67313
0
0
0
0
0
0.222458
0
0
0
0
0
0
0
0
0
0
0
0
0
0.782237
0
0
0
0
0
2.02646
0
0
0
0
0
0
0
0.503588
0
0
0
0
0
0
0
1.82071
0
0
0
0
0
0
0
0
0
0
0
0.00185238
0
0
0
0.000218588
0.527409
3.44488
0
0
0
0
0
0
0
0.29788
0.820309
0.0283312
0
0
0
0
0.289399
0
0
0
0
0
0
0
0
0
0
0
0
0
0
0
0
0.291165
0
0
0
0.406667
0
0
0.438631
0
0
0.000392548
0
0
0.0257844
0
0
0.731395
0
0
0
0.0514128
0
0
0.066238
0
0
0
0
0
0
0.000179407
0
0
0
0
0
0
0.0154077
0
0
2.44528
0
0
2.4476
0
0
0
0
0.0198665
0
0
0
0
0.0478845
0.937449
0
0.372695
0
0
0
0
0.0637864
0
0
0
0
0
0
0
0.297381
0
0
0
0
0.0764448
0
0
0.780261
1.4085
0
0
0
0
0
0
0
0.294639
0
0
0
0.383413
0
0
0
0
0.0319142
0.358877
0.0225418
0
0
0
0
0
0
0.72981
0
0
0
0
1.12233
0
0
0
0
0
0
0
0.0280858
0
0
0
0.216193
0.350712
0
0
0.108824
0
0
0
0
0
0
0
0
0.0864139
0
0
0.492918
0
0
0
0
0
0
0
0
0
0.0459094
0
0.00271233
0.000858171
0
0
0
0
0
0
0.237529
0
0
0
0
0
0
0
0
0
0
0
0.214854
0
0
0
0
0
0
0
0
0
0
0
0
0
0
0
0
0
0
0
0
0
0
0.000712271
0
0
0
0
0
0
0
0
0
0
0
0
0.0082554
0.0592785
0
0
0
0.0207476
0
0
0
0
0.012306
0
0
0
0
0
0
0
0.0064579
0
0.139465
0
0
1.25685
0
0
0
0
0.046781
0
0
0
0
0
0
0
0.121055
0
0.286451
0
0
0
0
0.209762
0
0
0.00594841
0
0
0
0
0.0259654
0
0
0
0
0.16735
0.228337
0
0
0
0.0520707
0
0
0
0
0
0
0.117676
0.0120787
0
0
0
0.00608014
0
0
0
0.105375
0
0
0
0.313441
0.0299963
0
0
0
0.381264
0.645411
0
0
0.00990618
0
0
0.0229681
0
0
0
0
0
0
0
0
0
0
0
0
0
0.243861
0
0
0
0
0
0.723723
0
0
0
0
0
0
0
0.196075
0
0.00283802
0
0
0
0
0
0.709243
0
0
0
0
0
0
0
0
0
0
0
0.00186718
0
0
0
0.000112425
0.245444
1.09671
0
0
0
0
0
0
0
0.103797
0.338727
0.0198654
0
0
0
0
0.120276
0
0
0
0
0
0
0
0
0.00284307
0
0
0
0
0
0
0
0.158707
0
0
0
0.113097
0
0
0.0575814
0
0
0
0
0
0.0158585
0
0
0.260539
0
0
0
0
0
0
0.0929796
0
0
0
0
0
0
0.000133574
0
0
0
0
0
0
0.0108904
0
0
0.973046
0
0
1.22221
0
0
0
0.00348398
0.0298894
0
0
0
0.0187353
0.00932775
0.270296
0
0.138829
0
0
0
0
0.0193847
0
0
0
0
0
0
0
0.125862
0
0
0
0
0.0285284
0
0
0.402405
0.312346
0
0
0
0.00469524
0
0
0
0.2817
0
0
0
0.163347
0
0
0
0
0.00678842
0.110181
0.0111202
0
0
0
0
0
0
0.306171
0
0
0
0
0.397055
0
0
0
0
0
0
0
0.0125707
0
0
0
0.116299
0.0205825
0
0
0.127738
0
0
0
0
0
0
0
0
0.389695
0
0
0.638456
0
0
0
0
0
0
0
0
0.0193725
0.073688
0
0.108834
0
0
0
0
0
0
0
0.996952
0
0
0
0
0
0
0
0
0
0
0
0.365045
0
0
0
0
0
0
0
0
0
0
0
0
0
0
0
0
0.00548089
0
0
0
0
0
0
0
0
0
0
0
0
0
0
0
0
0.0419214
0
0
0.0940688
0
0
0
0.0376459
0
0
0
0
0
0
0
0
0
0
0
0
0.071051
0
0.214474
0
0
2.89328
0
0
0
0
0.0702644
0
0
0.0805462
0
0
0
0
0.169944
0
0.553362
0.015646
0
0
0
0.67414
0
0
0
0
0
0
0
0
0
0
0
0
0.493997
1.76771
0
0
0
0.211809
0
0
0
0
0
0
0.181972
0.166469
0
0
0
0
0
0
0
0.325976
0
0
0
0.125002
0.00980808
0
0
0
1.06513
1.66036
0
0
0.0096469
0
0
0.0678833
0
0
0
0
0
0
0
0
0
0
0
0
0
0.596667
0
0
0
0
0
2.27595
0
0
0
0
0
0
0
0.344004
0
0
0
0
0
0
0
1.77769
0
0
0
0
0
0
0
0
0
0
0
0
0
0
0
0
0.438943
3.0754
0
0
0
0
0
0
0
0.184802
1.1065
0
0
0.00243501
0
0
0.0916617
0
0
0
0
0
0
0
0
0
0
0
0
0.0154104
0
0
0
0.0858828
0
0
0
0.692176
0
0
0.815175
0
0
0.0283099
0
0
0.0100969
0
0
0.240566
0
0
0
0.0844068
0
0
0.0929772
0
0
0
0
0
0
0
0
0
0
0
0
0
0
0
0
3.23278
0
0
1.75493
0
0
0
0
0.100204
0
0
0
0
0.0021771
1.49791
0
0.501043
0
0
0
0
0.00561837
0
0
0
0
0
0
0
0.291858
0
0
0
0
0
0
0
0.923527
1.34231
0
0
0
0.0297272
0
0
0
0.321817
0.593099
0
0
0.450201
0
0
0
0
0.00161847
0
0
0
0
0
0.00208519
0
0
0.636983
0
0
0
0
1.60221
0.0659048
0
0
0
0
0
0
0.0443438
0
0
0
0.219694
0.0928648
0
0
0
0
0
0
0
0
0
0
0
0.285099
0
0
0.362843
0
0
0
0
0
0
0
0
0
0.0736135
0
0.00757878
0
0.0229466
0
0
0
0
0
1.00816
0
0
0
0
0
0
0
0
0
0
0
0
0
0
0
0
0
0
0
0
0
0
0
0
0
0
0
0
0
0
0
0
0
0
0
0
0
0
0
0
0
0
0
0
0
0
0
0
0.267869
0
0
0
0.100389
0
0
0
0
0
0
0
0
0
0
0
0
0
0
0.0872458
0
0
1.80559
0
0
0
0
0
0
0
0
0
0
0
0
0
0
0.0782814
0
0
0
0
0.58837
0
0
0
0
0
0
0
0
0
0
0
0
0.247651
2.14104
0
0
0
0
0
0
0
0
0
0
0.131776
0.0041862
0
0
0
0
0
0
0
0.148454
0
0
0
0
0
0
0
0
0.990812
1.48368
0
0
0
0
0
0.123744
0
0
0
0
0
0
0
0
0
0
0
0
0
0.624391
0
0
0
0
0
2.26526
0
0
0
0
0
0
0
0.147313
0
0
0
0
0
0
0
1.25787
0
0
0
0
0
0
0
0
0
0
0
0
0
0
0
0
0.35503
2.00753
0
0
0
0
0
0
0
0
1.31406
0
0
0.018668
0
0
0.0756436
0
0
0
0
0
0
0
0
0
0
0
0
0.0133267
0
0
0
0.00446253
0
0
0
0.228468
0
0
0.610981
0
0
0.0493232
0
0
0
0
0
0
0
0
0
0.0956929
0
0
0.0144154
0
0
0
0
0
0
0
0
0
0
0
0
0
0
0
0
2.67028
0
0
1.17216
0
0
0
0
0.00677176
0
0
0
0
0
0.772116
0
0.332107
0
0
0
0
0
0
0
0
0
0
0
0
0.424599
0
0
0
0
0
0
0
0.518587
1.12106
0
0
0
0
0
0
0
0
0.951675
0
0
0.391569
0
0
0
0
0
0
0
0
0
0
0
0
0
0.117837
0
0
0
0
1.69816
0
0
0
0
0
0
0
0
0
0
0
0.309228
0.380709
0
0
0
0
0
0
0
0
0
0
0
0.186734
0
0
0.350497
0
0
0
0
0
0
0
0
0
0.117108
0
0.024913
0
0.0231971
0
0
0
0
0
1.03431
0
0
0
0
0
0
0
0
0
0
0
0.0162819
0
0
0
0
0
0
0
0
0
0
0
0
0
0
0
0
0
0
0
0
0
0
0
0
0
0
0
0
0
0
0
0
0
0
0
0
0.232763
0
0
0
0.0958573
0
0
0
0
0
0
0
0
0
0
0
0
0
0
0.0628758
0
0
1.54403
0
0
0
0.00235179
0
0
0
0
0
0
0
0
0
0
0.12459
0
0
0
0
0.537585
0
0
0
0
0
0
0
0
0
0
0
0
0.189636
2.1736
0
0
0
0
0
0
0
0
0
0
0.0865536
0.00412008
0
0
0
0
0
0
0
0.133182
0
0
0
0
0.000657951
0
0
0
1.00179
1.43186
0
0
0
0
0
0.142814
0
0
0
0
0
0
0
0
0
0
0
0
0
0.582684
0
0
0
0
0
2.20225
0
0
0
0
0
0
0
0.221671
0
0
0
0
0
0
0
1.27333
0
0
0
0
0
0
0
0
0
0
0
0
0
0
0
0
0.378751
1.87499
0
0
0
0
0
0
0
0
1.33499
0
0
0.0535908
0
0
0.0943849
0
0
0
0
0
0
0
0
0
0
0
0
0
0
0
0
0.00289692
0
0
0
0.327837
0
0
0.930636
0
0
0.0349003
0
0
0
0
0
0
0
0
0
0.0712267
0
0
0.0368244
0
0
0
0
0
0
0
0
0
0
0
0
0
0
0
0
2.77241
0
0
1.04349
0
0
0
0
0
0
0
0
0
0
0.643479
0
0.346112
0
0
0
0
0
0
0
0
0
0
0
0
0.540762
0
0
0
0
0
0
0
0.328008
1.0674
0
0
0
0
0
0
0
0
0.943463
0
0
0.375723
0
0
0
0
0
0
0
0.00109395
0
0
0.00539596
0
0
0.270856
0
0
0
0
1.70376
0
0
0
0
0
0
0
0
0
0
0
0.314763
0.376613
0
0
0
0
0
0
0
0
0
0
0
0.231675
0
0
0.377877
0
0
0
0
0
0
0
0
0
0.11794
0
0.0107986
0
0.0122086
0
0
0
0
0
1.06407
0
0
0
0
0
0
0
0
0
0
0
0.00693819
0
0
0
0
0
0
0
0
0
0
0
0
0
0
0
0
0
0
0
0
0
0
0
0
0
0
0
0
0
0
0
0
0
0
0
0
0.245774
0
0
0
0.094162
0
0
0
0
0
0
0
0
0
0
0
0
0
0
0.0602869
0
0
1.38898
0
0
0
0
0
0
0
0
0
0
0
0
0
0
0.0872802
0
0
0
0.00482983
0.519421
0
0
0
0
0
0
0
0
0
0
0
0
0.160038
2.05755
0
0
0
0
0
0
0
0
0
0
0.0935217
0.00252532
0
0
0
0
0
0
0
0.127699
0
0
0
0.0426271
0
0
0
0
0.998715
1.36292
0
0
0
0
0
0.173912
0
0
0
0
0
0
0
0
0
0
0
0
0
0.557889
0
0
0
0
0
2.11753
0
0
0
0
0
0
0
0.20539
0
0
0
0
0
0
0
1.13655
0
0
0
0
0
0
0
0
0
0
0
0
0
0
0
0
0.367453
1.77969
0
0
0
0
0
0
0
0
1.33216
0
0
0.0517379
0
0
0.105809
0
0
0
0
0
0
0
0
0
0
0
0
0
0
0
0
0.0144049
0
0
0
0.359862
0
0
0.987916
0
0
0.054528
0
0
0
0
0
0
0
0
0
0.0794445
0
0
0.0273817
0
0
0
0
0
0
0
0
0
0
0
0
0
0
0
0
2.69929
0
0
1.0112
0
0
0
0
0
0
0
0
0
0
0.572621
0
0.297788
0
0
0
0
0
0
0
0
0
0
0
0
0.534896
0
0
0
0
0
0
0
0.322008
0.991576
0
0
0
0
0
0
0
0
0.937377
0
0
0.381355
0
0
0
0
0
0
0
0
0
0
0.00351671
0
0
0.30196
0
0
0
0
1.7433
0
0
0
0
0
0
0
0
0
0
0
0.345958
0.381783
0
0
0
0
0
0
0
0
0
0
0
0.273556
0
0
0.304068
0
0
0
0
0
0
0
0
0.0906279
0.0811931
0
0.00786646
0
0
0
0
0
0
0
0.867527
0
0
0
0
0
0
0
0
0
0
0
0
0
0
0
0
0
0
0
0
0
0
0
0
0
0
0
0
0
0
0
0
0
0
0
0
0
0
0
0
0
0
0
0
0
0
0
0
0.205868
0
0
0
0.07698
0
0
0
0
0
0
0
0
0
0
0
0
0
0
0.0628241
0
0
1.79723
0
0
0
0
0
0
0
0
0
0
0
0
0
0
0.186215
0
0
0
0.00667669
0.547205
0
0
0
0
0
0
0
0
0
0
0
0
0.216795
1.75969
0
0
0
0
0
0
0
0
0
0
0.143907
0.00225171
0
0
0
0
0
0
0
0.117435
0
0
0
0.0755333
0
0
0
0
0.907124
1.38304
0
0
0
0
0
0.0954959
0
0
0
0
0
0
0
0
0
0
0
0
0
0.482953
0
0
0
0
0
2.03548
0
0
0
0
0
0
0
0.158424
0
0
0
0
0
0
0
1.21643
0
0
0
0
0
0
0
0
0
0
0
0
0
0
0
0
0.33439
1.86302
0
0
0
0
0
0
0
0
1.31138
0
0
0.0334089
0
0
0.0360074
0
0
0
0
0
0
0
0
0
0
0
0
0
0
0
0
0.00534547
0
0
0
0.295802
0
0
0.846162
0
0
0.0639457
0
0
0
0
0
0
0
0
0
0.0932927
0
0
0.0383517
0
0
0
0
0
0
0
0
0
0
0
0
0
0
0
0
2.7881
0
0
1.02062
0
0
0
0
0
0
0
0
0
0
0.801735
0
0.330984
0
0
0
0
0
0
0
0
0
0
0
0
0.478413
0
0
0
0
0
0
0
0.423396
1.08575
0
0
0
0
0
0
0
0
0.80247
0
0
0.380973
0
0
0
0
0
0
0
0
0
0
0.00271798
0
0
0.158539
0
0
0
0
1.80193
0
0
0
0
0
0
0
0
0
0
0
0.27781
0.37626
0
0
0
0
0
0
0
0
0
0
0
0.377243
0
0
0.665076
0
0
0
0
0
0
0
0
0.0283942
0.0180555
0
0.0774062
0
0
0
0
0
0
0
0.77091
0
0
0
0
0
0
0
0
0
0
0
0.436607
0
0
0
0
0
0
0
0
0
0
0
0
0
0
0
0
0
0
0
0
0
0
0
0
0
0
0
0
0
0
0
0
0
0
0
0
0.0479565
0
0
0
0.0223593
0
0
0
0
0
0
0
0
0
0
0
0
0
0
0.241407
0
0
2.89467
0
0
0
0
0
0
0
0.011375
0
0
0
0
0.0366378
0
0.240196
0
0
0
0
0.659429
0
0
0
0
0
0
0
0
0
0
0
0
0.354978
1.18007
0
0
0
0
0
0
0
0
0
0
0.226716
0.0335511
0
0
0
0
0
0
0
0.35167
0
0
0
0.093515
0
0
0
0
0.804177
1.51274
0
0
0
0
0
0.0360519
0
0
0
0
0
0
0
0
0
0
0
0
0
0.500337
0
0
0
0
0
1.93557
0
0
0
0
0
0
0
0.445702
0
0
0
0
0
0
0
1.85124
0
0
0
0
0
0
0
0
0
0
0
0
0
0
0
0
0.447385
3.01499
0
0
0
0
0
0
0
0
0.736815
0.00516884
0
0
0
0
0.16298
0
0
0
0
0
0
0
0
0
0
0
0
0
0
0
0
0.0115374
0
0
0
0.27556
0
0
0.625855
0
0
0.00253806
0
0
0
0
0
0.208764
0
0
0
0.0143988
0
0
0.0272941
0
0
0
0
0
0
0
0
0
0
0
0
0
0
0
0
2.85994
0
0
1.6399
0
0
0
0
0.018032
0
0
0
0
0
1.27991
0
0.557873
0
0
0
0
0.00474913
0
0
0
0
0
0
0
0.347093
0
0
0
0
0
0
0
0.785997
1.54189
0
0
0
0
0
0
0
0.046017
0.321122
0
0
0.394656
0
0
0
0
0
0
0
0
0
0
0
0
0
0.464311
0
0
0
0
1.12901
0
0
0
0
0
0
0
0.0335914
0
0
0
0.127831
0.124589
0
0
0
0
0
0
0
0
0
0
0
0.0631758
0
5.04512e-05
0.230826
0
0
0
0
0
0
0
0
0
0.0857889
0
0.0212649
0
0
0
0
0
0
0
0.190877
0
0
0
0
0
0
0
0
0
0
0
0.159285
0
0
0
0
0
0
0
0
0
0
0
0
0
0
0
0
0
0
0
0
0
0
0
0
0
0
0
0
0
0
0
0
0
0
0
0.00786013
0.00848357
0
0
0
0.00334746
0
0
0
0
0
0
0
0
0
0
0
0
0
0
0.119086
0
0
1.47114
0
0
0
0
0
0
0
0.00784664
0
0
0
0
0.0573134
0
0.369522
0
0
0
0
0.168967
0
0
0
0
0
0
0
0
0
0
0
0
0.0949406
0.359919
0
0
0
0
0
0
0
0
0
0
0.133134
0.0099054
0
0
0
0
0
0
0
0.125191
0
0
0
0
0.0585114
0
0
0
0.310581
0.699295
0
0
0.039599
0
0
0.00363082
0
0
0
0
0
0
0
0
0
0
0
0
0
0.212888
0
0
0
0
0
0.757489
0
0
0
0
0
0
0
0.162508
0
0
0
0
0
0
0
0.822932
0
0
0
0
0
0
0
0
0
0
0
0.00222914
0
0
0
0
0.270031
1.01356
0
0
0
0
0
0
0
0
0.313689
0.002263
0
0
0
0
0.109673
0
0
0
0
0
0
0
0
0.00346807
0
0
0
0
0
0
0
0.0131733
0
0
0
0.0821908
0
0
0.111272
0
0
0
0
0
0
0
0
0.119119
0
0
0
0
0
0
0.138644
0
0
0
0
0
0
0
0
0
0
0
0
0
0
0
0
1.32367
0
0
0.949914
0
0
0
0
0.0374782
0
0
0
0.00374763
0.00953919
0.400868
0
0.27822
0
0
0
0
0.00245491
0
0
0
0
0
0
0
0.136669
0
0
0
0
0
0
0
0.35664
0.408999
0
0
0
0
0
0
0
0.153503
0.060259
0
0
0.164616
0
0
0
0
0
0
0
0
0
0
0
0
0
0.238485
0
0
0
0
0.471687
0
0
0
0
0
0
0
0.0352463
0
0
0
0.0320643
0.00349119
0
0
0.0481291
0
0
0
0
0
0
0
0
0.255975
0
0
0.0450405
0
0
0
0
0
0
0
0
0.012755
0.0606623
0
0.0539457
0
0.063888
0
0
0
0
0
0.309565
0
0
0
0
0
0
0
0
0
0
0
0.249211
0
0
0
0
0
0
0
0
0
0
0
0
0
0
0
0
0.0044711
0
0
0
0
0
0
0
0
0
0
0
0
0
0.0110549
0
0
0.243289
0
0
0.0116759
0
0.0289206
0
0.0156963
0
0
0
0
0
0
0
0.0152351
0
0
0
0
0.0567935
0
0.169611
0
0
1.24983
0
0
0
0.0326167
0.041129
0
0
0.262136
0
0
0
0
0.0573793
0
0.280398
0.0232024
0
0
0.0279253
0.188536
0
0
0
0
0
0
0
0
0
0
0
0
0.0545112
1.41302
0
0
0
0.0719308
0
0
0
0
0
0
0.0730074
0.0577105
0
0
0
0
0
0
0
0.245514
0
0
0
0
0.0270538
0
0
0
0.254447
0.67221
0
0
0
0
0
0
0
0
0
0
0
0
0
0
0
0
0
0
0
0.134888
0
0
0
0
0
0.850442
0
0
0
0
0.0517122
0.00755395
0
0.118825
0
0
0
0
0
0
0
0.971594
0
0
0
0
0
0
0
0
0
0
0
0
0
0
0
0.000858312
0.257154
1.56597
0
0
0
0
0
0
0
0.0450915
0.187661
0.00585184
0
0
0
0
0.0272709
0
0
0
0
0
0
0
0
0
0
0
0
0.0167591
0
0
0
0.0212935
0
0
0
0.832076
0
0
0.578788
0
0
0.00266006
0
0
0.00827034
0
0
0.324356
0
0
0
0
0
0
0.00349525
0
0
0
0
0
0
0
0
0
0
0
0
0
0
0
0
1.46118
0
0
0.223598
0
0
0
1.31349e-05
0.117545
0
0
0
0
0
0.758142
0
0.365235
0
0
0
0
0.00589082
0
0
0
0
0
0
0
0.165738
0
0
0
0
0
0
0
0.377086
0.734236
0
0
0
0.0839076
0
0
0
0.126273
0.0563607
0
0
0.0864892
0
0
0
0
0.0599359
0
0
0
0
0
0.0237155
0
0
0.41264
0
0
0
0
0.48623
0.215362
0
0
0
0
0
0
0.0552315
0
0
0
0.028129
0
0
0
0
0
0
0
0
0
0
0
0
0.276956
0
0
0
0
0
0
0
0
0
0
0
0
0.0088294
0
0.00531627
0
0.0330601
0
0
0
0
0
0.283138
0
0
0
0
0
0
0
0
0
0
0
0.0531653
0
0
0
0
0
0
0
0
0
0
0
0
0
0
0
0
0
0
0
0
0
0
0
0
0
0
0
0
0
0
0.0108366
0
0
0.174237
0
0
0.0511238
0
0.0175767
0
0.0347387
0
0
0
0
0
0
0
0
0
0
0
0
0.000385615
0
0.0982541
0
0
0.914353
0
0
0
0.0171697
0
0
0
0.2221
0
0
0
0
0
0
0.130065
0.00383533
0
0
0.0408441
0.190557
0
0
0
0
0
0
0
0
0
0
0
0
0
1.71598
0
0
0
0
0
0
0
0
0
0
0.0690506
0
0
0
0
0
0
0
0
0.141493
0
0
0
0
0
0
0
0
0.224286
0.637982
0
0
0
0
0
0
0
0
0
0
0
0
0
0
0
0
0
0
0
0.125065
0
0
0
0
0
0.780401
0
0
0
0
0
0.00141297
0
0.0429339
0
0
0
0
0
0
0
0.813795
0
0
0
0
0
0
0
0
0
0
0
0
0
0
0
0
0.238062
1.21963
0
0
0
0
0
0
0
0
0.250689
0.0138483
0
0
0
0
0.0170956
0
0
0
0
0
0
0
0
0
0
0
0
0
0
0
0
0
0
0
0
0.429979
0
0
0.383214
0
0
0.024544
0
0
0
0
0
0.204034
0
0
0
0
0
0
0
0
0
0
0
0
0
0
0
0
0
0
0
0
0.0227951
0
0
1.25768
0
0
0.0968652
0
0
0
0
0.0238861
0
0
0
0
0
0.503391
0
0.277682
0
0
0
0
0.0252327
0
0
0
0
0
0
0
0.197854
0
0
0
0
0
0
0
0.31446
0.661357
0
0
0
0.113089
0
0
0
0
0.127366
0
0
0.0714257
0
0
0
0
0.0702955
0
0
0
0
0
0.0257768
0
0
0.157078
0
0
0
0
0.408616
0.279632
0
0
0
0
0
0
0
0
0
0
0.0646807
0
0
0
0
0
0
0
0
0
0
0
0
0.248271
0
0
0
0
0
0
0
0
0
0
0
0
0.0532824
0
0.0158708
0
0.0187601
0
0
0
0
0
0.315549
0
0
0
0
0
0
0
0
0
0
0
0.082043
0
0
0
0
0
0
0
0
0
0
0
0
0
0
0
0
0
0
0
0
0
0
0
0
0
0
0
0
0
0
0.0368021
0
0
0.0590197
0
0
0.0381992
0
0.0653565
0
0.0258788
0
0
0
0
0
0
0
0
0
0
0
0
0.0217357
0
0.0940832
0
0
0.958069
0
0
0
0.0127015
0
0
0
0.248458
0
0
0
0
0
0
0.2381
0
0
0
0.0233549
0.170254
0
0
0
0
0
0
0
0
0
0
0
0
0.00929654
1.7598
0
0
0
0
0
0
0
0
0
0
0.115405
0.00403535
0
0
0
0
0
0
0
0.13456
0
0
0
0
0.000406429
0
0
0
0.241538
0.72096
0
0
0
0
0
0
0
0
0
0
0
0
0
0
0
0
0
0
0
0.121967
0
0
0
0
0
0.784445
0
0
0
0
0
0.0135431
0
0.140687
0
0
0
0
0
0
0
0.764959
0
0
0
0
0
0
0
0
0
0
0
0
0
0
0
0
0.263463
1.25017
0
0
0
0
0
0
0
0
0.300436
0.0211521
0
0
0
0
0.0111837
0
0
0
0
0
0
0
0
0
0
0
0
0
0
0
0
0
0
0
0
0.523712
0
0
0.478919
0
0
0.0482261
0
0
0
0
0
0.263892
0
0
0
0
0
0
0
0
0
0
0
0
0
0
0
0
0
0
0
0
0.0481104
0
0
1.44938
0
0
0.138343
0
0
0
0
0
0
0
0
0
0
0.456201
0
0.288422
0
0
0
0
0.0271305
0
0
0
0
0
0
0
0.226898
0
0
0
0
0
0
0
0.278042
0.658586
0
0
0
0.102832
0
0
0
0
0.152036
0
0
0.107129
0
0
0
0
0.121195
0
0
0
0
0
0.0972614
0
0
0.265491
0
0
0
0
0.429906
0.275487
0
0
0
0
0
0
0
0
0
0
0.0882319
0
0
0
0
0
0
0
0.000185339
0
0
0
0
0.258812
0
0
0.0104768
0
0
0
0
0
0
0
0
0
0.00994833
0
0.00741812
0
0.0214904
0
0
0
0
0
0.293681
0
0
0
0
0
0
0
0
0
0
0
0.0568781
0
0
0
0
0
0
0
0
0
0
0
0
0
0
0
0
0
0
0
0
0
0
0
0
0
0
0
0
0
0
0.0304345
0
0
0.139083
0
0
0.0522593
0
0.0370485
0
0.0318634
0
0
0
0
0
0
0
0
0
0
0
0
0.00454396
0
0.061847
0
0
0.802671
0
0
0
0.0186268
0
0
0
0.293669
0
0
0
0
0
0
0.123968
0
0
0
0.051572
0.178987
0
0
0
0
0
0
0
0
0
0
0
0
0.0109245
1.74162
0
0
0
0
0
0
0
0
0
0
0.0840155
0.00226353
0
0
0
0
0
0
0
0.119236
0
0
0
0
0
0
0
0
0.252038
0.631466
0
0
0
0
0
0
0
0
0
0
0
0
0
0
0
0
0
0
0
0.136144
0
0
0
0
0
0.77791
0
0
0
0
0
0.0233847
0
0.0709193
0
0
0
0
0
0
0
0.674637
0
0
0
0
0
0
0
0
0
0
0
0
0
0
0
0
0.242703
1.19486
0
0
0
0
0
0
0
0
0.32395
0.00612195
0
0
0
0
0.0309857
0
0
0
0
0
0
0
0
0
0
0
0
0
0
0
0
0
0
0
0
0.528057
0
0
0.387922
0
0
0.0416011
0
0
0
0
0
0.133097
0
0
0
0
0
0
0
0
0
0
0
0
0
0
0
0
0
0
0
0
0.0135659
0
0
1.30288
0
0
0.103319
0
0
0
0
0
0
0
0
0
0
0.381978
0
0.231328
0
0
0
0
0.0275958
0
0
0
0
0
0
0
0.231398
0
0
0
0
0
0
0
0.259073
0.6579
0
0
0
0.0922098
0
0
0
0
0.193032
0
0
0.0788447
0
0
0
0
0.104088
0
0
0
0
0
0.0739067
0
0
0.226569
0
0
0
0
0.483322
0.256203
0
0
0
0
0
0
0
0
0
0
0.0912889
0
0
0
0
0
0
0
0
0
0
0
0
0.241959
0
0
0
0
0
0
0
0
0
0
0
0.0251999
0
0
0.00501132
0
0.0342204
0
0
0
0
0
0.204379
0
0
0
0
0
0
0
0
0
0
0
0.0167689
0
0
0
0
0
0
0
0
0
0
0
0
0
0
0
0
0
0
0
0
0
0
0
0
0
0
0
0
0
0
0.00797218
0
0
0.204618
0
0
0.041056
0
0.041446
0
0.0301547
0
0
0
0
0
0
0
0
0
0
0
0
0
0
0.0616605
0
0
0.812671
0
0
0
0.0252817
0
0
0
0.251879
0
0
0
0
0
0
0.0837391
8.93922e-05
0
0
0.0477996
0.177183
0
0
0
0
0
0
0
0
0
0
0
0
0.00233677
1.62903
0
0
0
0
0
0
0
0
0
0
0.0712332
0.00108236
0
0
0
0
0
0
0
0.1129
0
0
0
0
0
0
0
0
0.24218
0.588944
0
0
0
0
0
0
0
0
0
0
0
0
0
0
0
0
0
0
0
0.110671
0
0
0
0
0
0.736678
0
0
0
0
0.0117215
0.00263433
0
0.0173925
0
0
0
0
0
0
0
0.714888
0
0
0
0
0
0
0
0
0
0
0
0
0
0
0
0
0.256127
1.12657
0
0
0
0
0
0
0
0
0.270201
0.00218863
0
0
0
0
0.0174059
0
0
0
0
0
0
0
0
0
0
0
0
0
0
0
0
0
0
0
0
0.394357
0
0
0.386926
0
0
0.0105935
0
0
0
0
0
0.10403
0
0
0
0
0
0
0
0
0
0
0
0
0
0
0
0
0
0
0
0
0.0138858
0
0
1.22536
0
0
0.0725463
0
0
0
0
0.0124287
0
0
0
0
0
0.428059
0
0.229294
0
0
0
0
0.0161763
0
0
0
0
0
0
0
0.237874
0
0
0
0
0
0
0
0.279182
0.647064
0
0
0
0.0977023
0
0
0
0
0.106705
0
0
0.0545203
0
0
0
0
0.0714438
0
0
0
0
0
0.019104
0
0
0.123225
0
0
0
0
0.485608
0.198171
0
0
0
0
0
0
0
0
0
0
0.0723374
0
0
0
0
0
0
0
0
0
0
0
0
0.281023
0
0
0.0352973
0
0
0
0
0
0
0
0
0.0319915
0.0178785
0
0.0510881
0
0.0368461
0
0
0
0
0
0.208604
0
0
0
0
0
0
0
0
0
0
0
0.270905
0
0
0
0
0
0
0
0
0
0
0
0
0
0
0
0
0
5.05681e-06
0
0
0
0
0
0
0
0
0
0
0
0
0
0
0
0.237735
0
0
0.00847607
0
0.0210627
0
0.00629483
0
0
0
0
0
0
0
0.027534
0
0
0
0
0
0
0.187502
0
0
1.31855
0
0
0
0.0299424
0
0
0
0.177094
0
0
0
0
0.017803
0
0.244764
5.22481e-05
0
0
0.0565029
0.22853
0
0
0
0
0
0
0
0
0
0
0
0
0
1.18839
0
0
0
0
0
0
0
0
0
0
0.120997
0.0322571
0
0
0
0.0184288
0
0
0
0.26917
0
0
0
0
0.00497591
0
0
0
0.159779
0.629746
0
0
0
0
0
0
0
0
0
0
0
0
0
0
0
0
0
0
0
0.12525
0
0
0
0
0
0.682334
0
0
0
0
0.104624
0
0
0.137449
0
0
0
0
0
0
0
0.911136
0
0
0
0
0
0
0
0
0
0
0
0
0
0
0
0
0.237747
1.54884
0
0
0
0
0
0
0
0
0.0574447
0.000370213
0
0
0
0
0.0558836
0
0
0
0
0
0
0
0
0
0
0
0
0
0
0
0
0.00227737
0
0
0
0.500226
0
0
0.469746
0
0
0
0
0
0
0
0
0.26072
0
0
0
0
0
0
0.000644848
0
0
0
0
0
0
0
0
0
0
0
0
0
0
0
0
1.21007
0
0
0.252945
0
0
0
0
0.0628439
0
0
0
0
0
0.693
0
0.315197
0
0
0
0
0.00352423
0
0
0
0
0
0
0
0.181679
0
0
0
0
0
0
0
0.426602
0.69021
0
0
0
0.0758464
0
0
0
0.0648814
0.00192685
0
0
0.086085
0
0
0
0
0.0119131
0
0
0
0
0
0
0
0
0.306302
0
0
0
0
0.257558
0.149888
0
0
0
0
0
0
0.0788794
0
0
0
0.0211949
0
0
0
0
0
0
0
0
0
0
0
0
0.0594016
0
0
0.0211396
0
0
0
0
0
0
0
0
0
0.0277419
0
0.014608
0.00919182
0.015356
0
0
0
0
0
0.0507534
0
0
0
0
0
0
0
0
0
0
0
0.0778578
0
0
0
0
0
0
0
0
0
0
0
0
0
0
0
0
0
0
0
0
0
0
0
0
0
0
0
0
0
0
0
0
0
0.0468698
0
0
0.0015541
0
0.00193445
0
0
0
0
0
0
0
0
0
0.0144125
0
0
0
0
0
0
0.0846872
0
0
0.631025
0
0
0
0.00864576
0
0
0
0.0891804
0
0
0
0
0.0233201
0
0.200122
0
0
0
0.00918844
0.050005
0
0
0
0
0
0
0
0
0
0
0
0
0
0.371162
0
0
0
0
0
0
0
0
0
0
0.0565042
0.00888778
0
0
0
0.0179085
0
0
0
0.0571911
0
0
0
0
0.027588
0
0
0
0.0588902
0.284708
0
0
0.00331583
0
0
0
0
0
0.00848473
0
0
0
0
0
0
0
0
0
0
0.0546529
0
0
0
0
0
0.258072
0
0
0
0
0.0384045
0
0
0.0448639
0
0
0
0
0
0
0
0.361384
0
0
0
0
0
0
0
0
0
0
0
0
0
0
0
0.00410434
0.107853
0.441421
0
0
0
0
0
0
0
0
0.0413283
0
0
0
0
0
0.0305789
0
0
0
0
0
0
0
0
0.00186534
0
0
0.00845265
0
0
0
0
0.00763458
0
0
0
0.16376
0
0
0.164448
0
0
0
0
0
0
0
0
0.112612
0
0
0
0
0
0
0.0319609
0
0
0
0
0
0
0
0
0
0
0
0
0
0
0
0
0.582404
0
0
0.203451
0
0
0
0
0.0583184
0
0
0
0.00838673
0
0.257157
0
0.151678
0
0
0
0
0.000190533
0
0
0
0
0
0
0
0.0630597
0
0
0
0
0
0
0
0.131054
0.172654
0
0
0
0.0246725
0
0
0
0.110981
0.000775685
0
0
0.0396648
0
0
0
0
0
0
0
0
0
0
0.00380027
0
0
0.111458
0
0
0
0
0.162555
0.0379168
0
0
0
0
0
0
0.0710482
0
0
0
0
0
0
