0
0
0
0
0
0
0
0
0
0
0
0
0
0
0
0
0
0
0
0
0
0
0
0
0
0
0
0
0
0
0
0
0
0
0
0
0
0
0
0
0
0
0
0
0
0
0
0
0
0.002049
0.0216454
0
0
0
2.7767e-05
1.53721e-07
0
0.0190052
0
0
0
4.72515e-07
2.85163e-07
0
0
0
0
0.00011481
2.3843e-05
2.03726e-07
0
0
0
2.98952e-05
0.000163481
2.62134e-05
3.65593e-08
3.34604e-07
5.72055e-07
4.99073e-07
1.3187e-06
2.39495e-06
6.31832e-08
0
0
0
0
0
0
0
0
0
0
0
0
0
0
0
0
0
0
0
0
4.9321e-06
0
0
0
0
0
0
0
0
0.000494849
0.00177783
0.00106132
3.20362e-05
0
2.68717e-07
2.89375e-09
0.000274556
0.000993942
0.00060656
1.93063e-05
0
1.71901e-07
1.77088e-09
0
0
3.91421e-08
2.1627e-08
0
0
0
0
0
0
0
0
0
0
0
0
0
0
0
0
0
0
0
0
0
0
0
0
0
0
0
0
0
0
0
0
0
0
0
0
0
0
0
0
0
0
0
0
0
0
0
0
0
0
0
0
0
0
0
0
0
0
0
0
0
0
0
0
0
0
0
0
0
0
0
0
2.64104e-06
0
0
0
0
0
0
0
0
0
0
0
0
0
0
0
0
0
0
0
0
0
0
0
0
0
0
0
0
0
0
0
0
0
0
0
0
0
0
0
0
0
0
0
0
0
0
0
0
0
0
0
0
0
9.65491e-05
0
2.22334e-07
0
0
0
0
0
0
0
0
0
0
0
0
0
0
0
0
0
0
0
0
0
0
0
0
0
0
0
0
0
0
0
0
0
0
0
0
0
0
0
0
0
0
0
0
0
0
0
0
0
0
0
0
0
0
0
0
0
0
0
0
0
0
0
0
0
0
0
0
0
0
0
0
0
0
0
0
0
0
0
0
0
0
0
0
0
0
0
0
0
0
0
0
0
0
0
0
0
0
0
0
0
0
0
0
0
8.68944e-05
0.000196143
0.000138359
2.53677e-05
0
0
0
4.65279e-06
4.48692e-06
5.62721e-06
0
0
0
0
0
0
0
0
0
0
0
0
0
0
0
0
0
0
0
0
0.00173495
0.00212136
0
0
0
0.0130495
0.00941562
0
0.000403769
0
0
0
0.00765458
0.00404643
0
0
0
0
0
0
0
0
0
0
0
0
0
0
0
0
0
0
0
0
0
0
0
0
0
0
0
0
0
0
0
0
0
0
0
0
0
0
0
0
0
0
0
0
0
0
0
0
0
0
0
0
0
0
0
0
0
0
0
0
0
0
0
0
0
0
0
0
0
0
0
0
0
0
0
0
0
0
0
0
0
0
0
0.13419
0.0133642
0
0
4.49192e-06
0
0.00143889
0.113361
0.00555603
0
0
0
0
0
0
0
0
0
0
0
0
0
0
0
0
0
0
0
0
0
0
0
0
0
0
0
0
0
0
0
0
0
0
0
0
0
0
0
0
0
0
0
0
0
0
0
0
0
0
0
0
0
0
0
0
0
0
0
0
0
0
0
0
0
0
0
0
0
0
0
0
0
0
0
0
0
0
0
0
0
0
0
0
0
0
0
0
0
0
0
0
0
0
0
0
0
0
0
0
0
0
0
0
0
0
0
0
0
0
0
0
0
0
0
0
0
0
0
0
0
0
0
0
0
0
0
0
0
0
0
0
0
0
0
0
0
0
0.0311266
0
0
0
9.34214e-05
0
0
0.0275949
0
0
0
0
0
0
0
0
0
0
0
0
0.00374715
0.00728623
0.00216784
3.81695e-05
0
0
0
0.000198856
0.000770313
0.000421293
3.28702e-05
0
0
0
0
0
0
0
0
0
0
0
0
0
0
0
0
0
0
0
0
0
0
0
0
0
0
0
0
0
0
0
0
0
0
0
0
0
0
0
0
0
0
0
0
0
0
0
0
0
0
0
0
0
0
0
0
0
0
0
0
0
0
0
0
0
0
0
0
0
0
0
0
0
0
0
0
0
0
0
0
0
0
0
0
0
0
0
0
0
0
0
0
0
0
0
0
0
0
0
0
0
0
0
0
0
0
0
0
0
0
0
0
0
0
0
0
0
0
0
0
0
0
0
0
0
0
0
0
0
0
0
0
0
0
0
0
0
0
0
0
0
0
0
0
0
0
0
0
0
0
0
0
0
0
0
0
0
0
0
0
0
0
0
0
0
0
0
0
0
0
0
0
0
0
0
0
0
0
0
0
0
0
0
0
0
0
0
0
0
0
0
0
0
0
0
0
0
0
0
0
0
0
0
0
0
0
0
0
0
0
0
0
0
0.000572647
0
0
0
0
0
0
0
0
0
0
0
0
0
0.00420086
0.00333389
0
0
1.21393e-06
3.87292e-06
3.63505e-08
0.00581807
0.00642691
0.000827314
2.07003e-05
1.7326e-06
3.4332e-06
6.60799e-08
0.000155651
0.000319913
0.000150786
1.78825e-05
7.2406e-07
1.03891e-07
1.70192e-09
0
0
0
0
0
0
0
0
0
0
0
0
0
0
0
0
0
0
0
0
0
0
0
0
0
0
0
0
0
0
0
0
0
0
0
0
0
0
0
0
0
0
0
0
0
0
0
0
0
0
0
0
0
0
0
0
0
0
0
0
0
0
0
0
0
0
0
0
0
0
0
0
0
0
0
0
0
0
0
0
0
0
0
0
0
0
0
0
0
0
0
0
0
0
0
0
0
0
0
0
0
0
0
0
0
0
0
0
0
0
0
0
0
0
0
0
0
0
0
0
0
0
0
0
0
0
0
0
0
0
0
0
0
0
0
0
0
0
0
0
0
0
0
0
0
0
2.96878e-11
0
0
0
0
0
0
0
0
0
0
0
0
0
0
7.58406e-06
0.00157466
0
0
1.13433e-06
9.30037e-06
0
0
0.0004743
0
2.64398e-06
0
1.51497e-06
0
0.00750062
0
0
0
0
0
0
0.00375151
0
0
9.82853e-06
0
0
0
7.46884e-05
0
8.3986e-07
0
0
0
0
0
0
0
0
0
0
0
0
0
0
0
0
0
0
0.0744266
0.109211
0.0938336
0.0168253
0.00083286
0
0
0.0850425
0.16081
0.122269
0.0250029
0.0147881
0.000536328
1.1319e-06
0.0993412
0.180374
0.13075
0.0699295
0.0205161
0.000644803
2.73313e-07
0.0155977
0.0214299
0.022114
0.0172042
0.00344016
6.58174e-05
6.69921e-08
0
4.40603e-07
3.24036e-07
4.87436e-05
1.70041e-05
3.16865e-07
1.40842e-09
0
0
0
0
0
0
0
0
0
0
0
0
0
0
0
0
0
0
0
0
0
0
0
0
0
0
0
0
0
0
0
0
0
0
0
0
0
0
0
0
0
0
0
0
0
0
0
0
0
0
0
0
0
0
0
0
0
0
0
0
0
0
0
0.106247
0.583483
0.226515
0.0121064
0.0034993
0
0
0.118093
0.385749
0.155107
0.0379822
0.0124201
0.00024135
0
0.0553524
0.0951614
0.0683994
0.035831
0.0109204
0.000476196
3.07112e-08
0.00881241
0.0164674
0.013411
0.00695857
0.00177353
0.000101674
6.56929e-08
0.000115869
0.000185257
0.000137816
6.03233e-05
1.23682e-05
7.84294e-07
7.74538e-09
0
0
0
0
0
0
0
0
0
0
0
0
0
0
0.000620345
0.00520444
0
0.00249263
0.00146913
2.06803e-07
1.04075e-07
0.0825737
0.0798101
0.0262511
0.0279793
0.00345003
0
0
0.0552634
0.0792661
0.0420329
0.0218674
0.0026854
6.7525e-05
0
0.00584515
0.0105434
0.00671169
0.00279312
0.000467189
1.86402e-05
8.91904e-10
9.41794e-05
0.000186743
0.00012504
3.18906e-05
3.06807e-06
6.0082e-09
3.16793e-10
0
0
0
0
0
0
0
0
0
0
0
0
0
0
0
0
0
0
0
0
0
6.09091e-05
8.06174e-05
0
0
0
0
0
0
0
0
0
0
0
0
0
0
0
0
0
0
0
4.75807e-05
3.90196e-05
0
0
0
0
0
0
0
0
0
0
0
0
0
0
0
0
0
0
0
0
0
0
0
0
0
0
0
0
0
0.00455633
0.00580826
5.76915e-05
4.35292e-07
0.105657
0.195985
0.134584
0.0766601
0.021968
0.000512612
9.19294e-07
0.018067
0.020001
0.0210282
0.019467
0.00353065
3.16053e-05
1.02756e-07
0
5.29105e-06
7.78351e-05
0.00013553
1.90543e-05
2.16699e-07
1.81779e-09
0
0
0
0
0
0
0
0
0
0
0
0
0
0
0.0484655
0
0
0
0
0
0
0.0368978
0
0
0
0
0
0
0.00114601
0.000600295
0.000571243
0
0.000101802
0
0
0.00520871
0.00359554
0.00117171
3.33985e-07
0.000112729
1.40746e-06
0
0.000726353
0.0005955
8.6697e-05
5.05574e-07
2.68169e-06
1.97966e-07
0
0
0
0
0
0
0
0
0
0
0
0
0
0
0
0
0
0
0
0
0
3.69601e-08
0
0
0
0
0
0
0
0
0
0
0
0
0
0
0
0
0
0
0
0
0
0
0
1.77027e-07
0
0
0
0
0
0
0
0
0
0
0
0
0
0
0
0
0
0
0
0
0
0
0
0
0
0
0
0
0
0
0
0
0
0
0
0
0
0
0
0
0
0
0
0
0
0
0
0
0
0
0
0
0
0
0
0
0
0
0
0
0
0
0
0
0
0
0
0
0
0
0
0
0
0
0
0
0
0
0
0
0
0
0
0
0
0
0
0
0
0
0
0
0
0
0
0
0
0
0
0
0
0
0
0
0
0
0
0
0
0
0
0
0
0
0
0
0.00117348
0.0957527
0.043493
0.00253145
0.000153709
4.23661e-06
1.86227e-06
0.00376295
0.0590333
0.0174981
0
0
3.75684e-07
1.91671e-07
0.00183359
0.00359659
0
0
0
0
0
0
0
0
0
0
1.72902e-10
9.47209e-11
5.68792e-08
0
0
0
0
1.94733e-10
4.21738e-11
0
0
0
0
0
0
0
0
0
0
0
0
0
0
0
0
0
0
0
0
0
0
0
0
0
0
0
0
0
0
0
0
0
0
0
0
0
0
0
0
0
0
0
0
0
0
0
0
5.78394e-10
0
0
0
0
0
0
0
0
0
0
0
0
0
0
0
0
0
0
0
9.68e-07
4.26675e-07
0.0274556
0.0375074
0.00309924
0.00555488
0
0
0
0.0278432
0.0229085
0.00477975
0.00642874
0.000110157
8.15125e-06
1.01965e-07
0.00215599
0.00109275
0.000967092
0.00154505
0.000180558
9.02389e-06
1.96954e-07
0
0
0
3.73593e-06
4.17067e-06
1.14617e-07
3.31398e-09
0
0
0
0
0
0
0
0
0
0
0
0
0
0
0
0
0
0
0
0
0
0
0
0
0
0
0
0
0
0
0
0
0
0
0
0.00149941
0.00502074
0.00103314
0
0
0
0
5.18217e-05
0.000211222
0.000101921
0
0
0
0
0
0
0
0
0
0
0
0
0
0
0
0
0
0
0
0
0
0
0
0
0
0
0
0
0
0
0
0
0
0
0
0
0
0
0
0
0
0
0
0
0
0
0
0
0
0
0
0
0
0
0
0
0
0
0
0
0
0
0
0
0
0
0
0
0
0
0
0
0
0
0
0
0
0
0
0
0
0
0
0
0
0
0
0
0
0
0
0
0
0
0
0
0
0
0
0
0
0
0
0
0
0
0
0
0
0
0
0
0
0
0
0
0
0
0
0
0
0
0
0
0
0
0
0
0
0
0
0
0
0
0
0
0
0
0
0
0
0
0
0
0
0
0
0
0
0
0
0
0
0
0
0
0
0
0
0
0
0
0
0
0
0
0
0
0
0
0
0
0
0
0
0
0
0
0
0
0
0
0
0
0
0
0
0
0
0
0
0
0
0
0
0
0
0
0
0
0
0
0
0
0
0
0
0
0
0
0
0
0
0
0
0
0
0
0
0
0
0
0
0
0
0
0
0
0
0
0
0
0
0
0
0
0
0
0
0
0
0
0
0
0
0
0
0
0
0
0
0
0
0
0
0
0
0
0
0
0
0
0
0
0
0
0
0
0
0
0
0
0
0
0
0
0
0
0
0
0
0
0
0
0
0
0
0
0
0
0
0
0
0
0
0
0
0
0
0
0
0
0
0
0
0
0
0
0
0
0
0
0
0
0
0
0
0
0
0
0
0
0
0
0
0
0.000994688
0.000452032
0
0
0
0
0
0
0
0
0
0
0
0
7.05074e-05
3.48824e-05
2.83351e-06
0
0
0
0
0
0
0
0
0
0
0
0
0
0
0
0
0
0
0
0
0
0
0
0
0
0
0
0
0
0
0
0
0
0
0
0
0
0
0
0
0
0
0
4.70492e-08
1.2213e-07
1.28679e-08
0
0
0
0
0
0
2.64071e-12
0
0
0
0
0
0
0
0
0
0
0
0
0
0
0
0.118446
0
0
0
0
0
0
0.0766358
0
0
0
0
0
0
0
0
0
0
2.18059e-09
1.0498e-09
0.000297876
5.63681e-05
0
0
0
3.07793e-07
2.32762e-08
2.4627e-05
1.3185e-05
1.4157e-07
0
0
0
0
0
0
0
0
0
0
0
0
0
0
0
0
0
0
0
0
0
0
0
0
0
0
0
0
0
0
0
0
0
0
0
0
0
0
0
0
0
0
0
0
0
0
0
0
0
0
0
0
0
0
0
0
0
0
0
0
0
0
0
0
0
0
0
0
0
0
0
0
0
0
0
0
0
0
0
0
0
0
0
0
0
0
0
0
0
0
0
0
0
0
0
0
0
0
0
0
0
0
0
0
0
0
0
0
0
0
0
0
0
0
0
0
0
0
0
0
0
0
0
0
0
0
0
0
0
0
0.0128764
0.0129988
0.0034381
0.00120732
4.57622e-05
0
0
0.00307353
0.0031362
0.00121938
0.000934803
5.18056e-05
2.06018e-09
1.1199e-09
4.75029e-05
8.47769e-05
5.55486e-05
1.29721e-05
9.91665e-08
0
0
0
0
0
0
0
0
0
0
0
0
0
0
0
0
0
0
0
0
0
0
0
0
0
0
0
0
0
0
0
0
0
0
0
0
0
0
0
0
0
0
0
0
0
0
0
0
0
0
0
0
0
0
0
0
0
0
0
0
0
0
0
0
0
0.00139056
0
0
0
0
0
0
0
0
0
0
0
0
0
0.000199736
0.000352643
0.0001465
1.42334e-05
0
0
0
0.000128343
0.000229889
8.89397e-05
8.22079e-06
0
0
0
0
0
0
0
0
0
0
0
0
0
0
0
0
0
0
0
0
0
0
0
0
0
0
0
0
0
0
0
0
0
0
0
0
0
0
0
0
0
0
0
0
0
0
0
0
0
0
0
0
0
0
0
0
0
0
0
0
0
0
0
0
0
0
0
0
0
0
0
0
0
0
0
0
0
0
0
0
0
0
0
0
0
0
0
0
0
0
0.000187955
0
0
0
0
0.000263767
0.000304883
0.000146133
0
0
0
0
2.04925e-05
2.23223e-05
0
0
0
0
0
0
0
0
0
0
0
0
0
0
0
0
0
0
0
0
0
0
0
0
0
0
0
0
0
0
0
0
0
0
0
0
0
0
0
0
0
0
0
0
0
0
0
0
0
0
0
0
0
0
0
0
0
0
0
0
0
0
0
0
0
0
0
0.0297943
0.0179424
0
0
0.000373442
0.00039494
1.40595e-06
0
0
0
0
0
5.79968e-06
4.07096e-07
0
0
0
0
0
0
0
0
0
0
0
0
0
0
0
0
0
0
0
0
0
0
0
0
0
0
0
0
0
0
0
0
0
0
0
0
0
0
0
0
0
0
0
0
0
0
0
0
0
0
0
0
0
0
0
0
0
0
0
0
0
0
0
0
0
0
0
0
0
0
0
0
0
0
0
0
0
0
0
0
0
0
0
0
0
0
0
0
0
0
0
0
0
0
0
0
0
0
0
0
0
0
0
0
0
0
0
0
0
0
0
0
0
0
0
0
0
0
0
0
0
0
0
0
0
0
0
0
0
0
0
0
0
0
0
0
0
0
0
0
0
0
0
0
0
0
0
0
0
0
0
0
0
0
0
0
0
0
0
0
0
0
0
0
0
0
0
0
0
0
0
0
0
0
0
0
0
0
0
0
0
0
0
0
0
0
0
0
0
0
0
0
0
0
0
0
0
0
0
0
0
0
0
0
0
0
0
0
0
0
0
0
0
0
0
5.82812e-09
8.54607e-11
0
0
0
0
0
0
0
0
0
0
0
0
0
0
0
0
0
0
0
0
0
0
0
0
0
0
0
0
0
0
0
0
0
0
0
0
0
0
0
0
0
0
0
0
0
0
0
0
0
0
0
0
0
0
0
0
0
0
0
0
0
0
0
0
0
0
0
0
2.05777e-06
0
0
0
0
0
0
0
0
0.000532927
0.000607806
0.00340815
0.0025273
9.58306e-05
0
0
0.000277376
0.000358449
0.000578642
0.000571849
6.03884e-05
4.73567e-07
0
0
0
0
1.88734e-06
3.80584e-07
0
0
0
0
0
0
0
0
0
0
0
0
0
0
0
0
0
0
0
0
0
0
0
0
0
0
0
0
0
0
0
0
0
0
0
0
0
0
0
0
0
0
0
0
0
0
0
0
0
0
0
0
0
0
0
0
0
0
0
0
0
0
0
0
0
0
0
0
0
8.59481e-05
6.57573e-05
1.85276e-07
0
0
0
0
0.000654168
0.000138902
0
0.00109967
0.00203911
0.00130917
0.000312067
0.000359757
0.000101552
0
0.0011756
0.00182303
0.00114293
0.00028663
8.04708e-05
1.70592e-05
5.23801e-08
5.62737e-05
4.66017e-05
1.23424e-05
4.0319e-06
2.87537e-06
3.63329e-07
1.18692e-09
0
0
0
0
0
0
0
0
0
0
0
0
0
0
0
0
0
0
0
0
0
0
0
0
0
0
0
0
0
0
0
0
0
0
0
0
0
0
0
0
1.77238e-05
6.33644e-08
0
0
0
0
1.20274e-06
4.20518e-07
6.56497e-09
0
0
0
0
0
0
0
0
0
0
0
0
0
0
0
0
0
0
0
0
0
0.000967734
0
0
0.000611807
0
0
0
0.0110409
0.0132353
0.00974145
0.00632671
0.000707714
0
0
0.00217279
0.0041716
0.00343997
0.00157134
0.000267009
3.993e-07
0
6.42852e-05
0.000101598
4.74018e-05
8.66948e-06
1.17421e-06
0
0
0
0
0
0
0
0
0
0
0
0
0
0
0
0
0
0
0
0
0
9.01946e-08
0
0
0
0
0
0
0
0
0
0
0
0
1.92031e-07
0
0
3.12381e-05
1.79593e-05
1.42031e-06
0
1.13731e-07
0
0
3.03507e-07
0
0
0
0
0
0
0
0
0
0
0
0
0
0
0
0
0
0
0
0
0
0
0
0
0
0
0
0
0
0
0
0
0
0
0
0
0
0
0
0
0
0
0
0
0
0
0
0
0
0
0
0
0
0
0
0
0
0
0
0
0
0
0
0
0
0
0
0
0
0.0345371
0.00359794
0.000327717
0.00033316
0
1.95296e-05
6.66328e-07
0.00485423
0.00324541
0.00694865
0.000395217
0.000533934
0.000110864
3.14205e-06
0.0111225
0.0351513
0.0270129
0.00571264
0.00199886
0.000132632
1.61734e-06
0.00043639
0.00116957
0.000461517
0.000616827
0.000190976
7.3927e-08
4.11464e-08
3.28298e-05
6.7556e-05
1.35968e-05
0
0
0
0
0
0
0
0
0
0
0
0
0
0
0
0
0
0
0.0582685
0.0551152
0
0
0
0
0
0.101873
0.108775
0.0117294
0
0
0
0
0.0037236
0.00491147
0
0
0
0
0
0
0
0
0
0
0
0
1.50159e-06
0
0
0
0
0
0
0
0
0
0
0
0
0
0
0
0
0
0
0
0
0
0
0
0
0
2.47877e-05
9.60813e-07
0
0
0
0
9.42289e-05
0.000101388
1.82021e-06
0.0122176
0.0256478
0.0224137
0.00584365
0.00145372
0.000176312
1.33927e-06
0.00674864
0.0123343
0.00630225
0.00180021
0.000325501
2.60168e-05
2.34414e-07
0.000250863
0.000482656
0.000263173
3.82556e-05
4.84282e-07
1.02027e-09
4.43876e-10
0
0
0
0
0
0
0
0
0
0
0
0
0
0
0
0
0
0
0
0
0
0
0
0
0
0
0
0
0
0
0
0.000177483
0
0
0
0
0
0
0
0
0
0
0
0
0
0
0
0
0
0
0
0
0
0
0
0
0
0
0
0
0
0
0
0
0
0
0.00131254
0.000612266
0
0
0
0
0
0.00152994
0.000695461
0
0
0.00622032
0.00987939
0.0103188
0.00135713
0.000228036
8.39318e-06
0
0.00631134
0.0107142
0.00500153
0.00111616
0.000138394
3.27758e-06
0
0.000169363
0.000334845
0.000165529
2.68296e-05
1.47062e-06
0
0
0
0
0
0
0
0
0
0
0
0
0
0
0
0
0
0
0
0
0
0
0
0
0
0
0
0
0
0
0
0
0
0
0
0
0
0
0
0
0
0
0
0
0
0
0
0
0
0
0
0
0
0
0
0
0
0
0
0
0
0
0
0
0
0
0
0
0
0
7.58424e-06
0
0
0
0
0.00301083
0.00586867
0.000544344
0
0.023077
0.0659152
0.0311613
0.01284
0.00871429
0.000766112
3.22683e-07
0.00651321
0.0150375
0.00921279
0.00611928
0.00240537
0.00017882
5.10056e-07
0
9.9878e-07
2.71638e-05
5.54043e-05
1.8174e-05
1.51733e-06
1.80921e-08
0
0
0
0
0
0
0
0
0
0
0
0
0
0
0.00529157
0.000164803
0
0
0.000531858
0.000462365
1.50294e-06
0
0
0
0
0.00239576
0.000840144
4.54898e-06
0.0120427
0.0196912
0.0035514
0.00117875
0.00147696
0.000175232
1.13471e-06
0.000406742
0.000161368
1.63048e-05
3.75571e-05
0
9.78322e-08
9.61069e-09
8.72193e-05
4.83229e-05
1.7629e-06
4.56631e-07
0
0
0
0
0
0
0
0
0
0
0
0
0
0
0
0
0
0
0
0
0
0
0
0
0
0
0
0
0
0
0
5.91775e-05
0
0
0
0
0
0
9.74855e-05
0.000144264
8.88656e-05
7.39812e-06
0
0
0
0
0
0
0
0
0
0
0
0
0
0
0
0
0
0
0
0
0
0
0
0
0.00451202
0
0
0
8.81396e-05
6.68138e-05
0
0
0
0
0
0
1.76171e-05
0
0.00354133
0.0040841
0.000646572
7.27279e-05
7.35781e-05
0
0
0.00584188
0.0067189
0.00162462
0.000598943
0.00029539
3.25424e-06
0
0.000135352
0.000139171
8.36165e-05
2.87376e-05
4.02121e-06
0
0
0
0
0
0
0
0
0
0
0
0
0
0
0
0
0
0
0
0
0
0
0
0
0
0
0
0
0
0
0
0
0
0
0
0
0
0
0
0
0
0
0
0
0
0
0
0
0
0
0
0
0
0
0
0
0
0
0
0
0
0
0
0
0
0
0
0
0
0
0
0
0
0
0
0
0
2.9246e-05
0
0
0
0
0.000307894
0
0
0
0
0
0
0
0
0
0
0
0
0
0
0
3.7055e-08
0
0
0
0
0
0
0
0
0
0
0
0
0
0
0
0
0
0
0
0
0
0
0
0
0
0
0
0
0
0
0
0
0
0
0
0
0.000178605
0.000304493
5.93967e-05
0
0
0
0
0.000110971
0.000159114
2.08252e-05
1.55497e-06
5.21592e-07
0
0
0
0
0
0
0
0
0
0
0
0
0
0
0
0
0
0
0
0
0
0
0
0
0
0
0
8.63059e-05
5.97807e-05
4.59064e-07
0
0
0
0
0.00012383
0.000118231
1.03007e-06
0.00126736
0.000575402
0
0
7.65209e-05
5.54231e-05
2.4588e-07
0.000104476
4.49e-05
8.06442e-07
0
2.24786e-06
3.55436e-07
1.38371e-09
0
0
0
0
0
0
0
0
0
0
0
0
0
0
0
0
0
0
0
0
0
0
0
0
0
0
0
0
0
0
0
0
0
0
0
0
0
0
0
0
0
0
0
0
0
0
0
0
0
0
0
0
0
0
0
0
0
0
0
0
0
0
0
0.0108535
0.024084
0.012643
0.0067066
0.000443269
3.25317e-05
0
0.00663538
0.00802087
0.000335023
0.000178009
0
0
0
0.00379436
0.00301035
0.000199907
8.59154e-05
0
0
0
0
0
0
0
0
0
0
0
0
0
0
0
0
0
0
0
0
0
0
0
0
0
0
0
0
0
0
0
0
0
0
0
0
0
0
0
0
0
0
0
0
0
0
0
0
0
0
0
0
0
0
0
0
0
0
0
0
0
0
0
0
0
0
0
0
0
0
0
0
0
0
0
0
0
0
0
0
0.00904284
0.00593738
0.000664862
4.05154e-05
0.000150754
2.1922e-05
0
0
0.00560015
0.00927797
0
1.88349e-05
9.82845e-06
0
0
0
0
0
1.98674e-05
8.64628e-06
0
0
0
0
0
0
6.17034e-08
6.63156e-11
0
0
0
0
0
2.85516e-09
2.33398e-11
0
0
0
0
0
0
0
0
0
0
0
0
0
0
0
0
0
0
0
0
0
0
0
0
0
0
0
0
0
0
0
0
0
0
0
0
0
0
0
0
0
0
0
0
0
0
0
0
0
0
0
0
0
0
0
0
0
0
0
0
0
0
0
0.001543
0
0.0333613
0.0189371
0.000360642
0
0
0.0292225
0.0404556
0.0236102
0.0168918
0.00019483
0
0
0.0133355
0.019057
0.00666096
0.00282015
0
0
0
0.00029943
0.000708121
0.000128597
0
0
0
0
0
0
0
0
0
0
0
0
0
0
0
0
0
0
0
0
0
0
0
0
0
0
0
0
0
0
0
0
0
0
0
0
0
0
0
0
0
0
0
0
0
0
0
0
0
0
0
0
0
0
0
0
0
0
0
0
0
0
0
0
0
0
0
0
0
0
0
0
0
0
0
0
0
0
0
0
0
0
0
0
0
0
0
0
0
0
0
0
0
0
0
0
0
0
0
0
0
0
0
0
0
0
0
0
0
0
0
0
0
0
0
0
0
0
0
0
0
0
0
0
0
0
0
0
0
0
0
0
0
0
0
0
0
0
0
0
0
0
0
0
0
0
0
0
0
0
0
0
0
0
0
0
0
0
0
0
0
0
0
0
0
0
0
0
0
0
0
0
0
0
0
0
0
0
0
0
0
0
0
0
0
0
0
0
0
0
0
0
0
6.96595e-06
0
0
0
0
0
0
0
0
0
0
0
0
0
0
0
0
0
0
0
0
0
0
0
0
0
0
0
0.0901551
0.0737215
0.0161754
0.00188017
0
0
0
0.0273964
0.00890042
0
0
0
0
0
0
0
0
0
0
0
0
0.000296198
3.70807e-05
0
0
0
0
0
9.48684e-05
2.34717e-05
0
0
0
0
0
0
0
0
0
0
0
0
0
0
0
0
0
0
0
0
0
0
0
0.000139178
0.000113246
2.27571e-07
0
0
0
0
0.000890785
0.000479464
1.56569e-06
0.00167662
0
0
0
0.000891552
0.000293416
8.93638e-07
0.00113511
1.03889e-05
0.000115044
0.000197533
8.65622e-06
1.05369e-05
1.70653e-07
5.43006e-05
1.4073e-05
9.39523e-06
7.58444e-06
3.28185e-08
0
0
0
0
0
0
0
0
0
0
0
0
0
0
0
0
0
0
0
0
0
0
0
0
0
0
0
0
0
0
0
0
0
0
0
0
0
0
0
0
0
0
0
0
0
0
0
0
0
0
0
0
0
0
0
0
0
0
0
0
0
0
0
0
0
0
0
0
0
0
8.19701e-07
4.62463e-07
0.00526833
0.0191217
0.00921486
0.000632931
7.56403e-05
0
0
0.0197694
0.0418112
0.0247172
0.00753553
0.00126013
4.79993e-06
0
0.000106504
0
0
0.000110486
6.22212e-05
0
0
0
0
1.94294e-06
3.30149e-06
3.96082e-07
5.31863e-09
0
0
0
0
0
0
0
0
0
0
0
0
0
0
0
0
0
0
0
0
0
0
0
0
0
0
0
0
0
0
0
0
0
0
0
0
0
0
0
0
0
0
1.38031e-08
0
0
0
0
0
2.45809e-08
1.41287e-09
0
0
0
0
0
0
0
0
0
0
0
0
0
0
0
0
0
0
0.000136835
0
0
0
0
0
0
1.33908e-06
0
1.46977e-11
0
0
0
0
6.53698e-10
1.86295e-08
0
0
0
0
0
2.0256e-11
3.92447e-10
0
0
0
0
5.00862e-10
4.96101e-11
1.17877e-12
0
0
0
0
0
0
0
0
0
0
0
0
0
0
0
0
0
0
0
0
0
0
0
0
0
0
0
0
0
0
0
0
0
0
0
0
0
0
0
0
0
0
0
0
0
0
0
0
0
0
0
0
0
0
0
0
0
0
0
0
0
0
0
0
0
0
0
0
0
0
0
0
0
0
0.000316364
0
0
0
0
0
0
0
0
1.64655e-06
0
0
0
0
0
5.95027e-06
0
0
0
0
0
1.01276e-07
0
0
2.1342e-10
0
0
0
0
0
0
0
0
0
0
0
0
0
0
0.0180999
0.014526
0.00049671
0
0
0
0
0
0
0
0
0
0
0
0
0
0
0
0
0
0
0
0
0
0
0
0
0
0
0
0
0
0
0
0
0
0
0
0
0
0
0
0
0
0
0
0
0
0
0
0
0
0
1.52852e-05
0
0
0
0
0
0
0
0
0
0
0
0
0.000111235
0
0
0
0
0
0
0
0
0
0
0
0
4.08634e-07
0
0
0
0
0
0
0
0
0
0
0
0
0
0
0
0
0
0
0.101398
0.311057
0.155888
0.0132338
0.000454889
1.25876e-05
0
0.13577
0.306808
0.134289
0.0123034
0
0
0
0.0277408
0.0361945
0.0117479
0.000675115
0
0
0
0.00128421
0.000729802
3.81732e-05
0
0
0
0
0.000109654
4.3764e-05
0
0
0
0
0
0
0
0
0
0
0
0
0
0
0
0
0
0
0
0
0
0
0
0
0
0
0
0
0
0
0
0
0
0
0
0
0
0
0
0
0
0
0
0
0
0
0
0
0
0
0
0
0
0
0
0
0
0
0
0
0
0
0
0
0
0
0
0
0
0.0100955
0
0
0
0
0
0
0.00735611
0
0
0
0
0
1.04672e-05
2.26251e-06
0
0
0
0
0
1.45338e-05
1.58145e-06
0
0
0
0
0
0
0
0
0
0
0
0
0
0
0
0
0
0
0
0
0
0
0
0
0
0
0.2363
1.20831
0.654715
0.0650206
0.00246813
0
0
0.291686
1.06069
0.452473
0.0410203
0.000380315
0
0
0.151192
0.200578
0.116221
0.045424
0.00221455
0
0
0.00926765
0.0122926
0.0134263
0.00749626
0.000724461
0
0
0.000124453
0.000187251
0.000157157
7.33938e-05
6.87716e-06
0
0
0
0
0
0
0
0
0
0
0
0
0
0
0
0
0.00448723
0.00292615
0
0.000491739
0.000324984
2.66906e-05
1.7765e-06
0.00810269
0
0
0.00218712
0.000262438
5.941e-05
3.33589e-06
0
0
0
0
3.1018e-06
4.24835e-05
1.54744e-06
6.32213e-05
0.000160797
0
0
6.03826e-06
9.33808e-06
1.43806e-07
5.78208e-06
1.6605e-06
4.38359e-07
2.71952e-07
1.86648e-07
4.69337e-08
1.2355e-09
0
0
0
0
0
0
0
0
0
0
0
0
0
0
0
0
0
0
0
0
0
0
0
0
0
0
2.36611e-07
3.99999e-08
0
0
0
0
0
0
0
0
0
0
0
0
0
0
0
0
0
0
1.23808e-06
0
0
0
0
0
0
0
0
0
0
0
0
0
0
0
0
0
0
0
0
0
0
0
0
0
0
0
0
0
0
0
0
0
0
0
0
0
0
0
0
0
0
0
0
0
0
0
0
0
0
0
0
0
0
0
0
0
0
0
0
0
0
0
0
0
0
0
0
0.000118667
0
0
0
0
0.0131226
0.00298625
0
0
0
0
0
0
0
0
0
0
0
0
0
0
0
0
0
0
4.6115e-06
0
0
0
0
0
0
0
0
0
0
0
0
0
0
0
0
0
0
0
0
0
0.178674
0
0
0
0
0
0
0.0894287
0
0
0
0
0
0
0
0
0
0
0
0
0
0
0
0
0
0
0
0
0
0
0
0
0
0
0
0
0
0
0
0
0
0
0
0
0
0
0
0
0
0
0
0
0
0
0
0
0
0
0
0
0
0
0
0
0
0
0
0
0
0
0
0
0
0
0
0
0
0
0
0
0
3.60909e-11
0
0
0
0
0
0
0
0
0
0
0
0
0
0
0
0
0
0
0
0
0
0
0
0
0
0
0
0
0
0
0
0
0
0
0
0
0
0
0
0
0
0
0
0
0
0
0
0
0
0
0
0
0
0
0
0
0
0
0
0
0
0
0
0
0.0137084
0.285857
0.0832561
0
0
0
0
0.0089741
0.193174
0.0589455
0
0
0
0
0
0
0
0.000284859
0.000196501
0
0
0
0
0.000343478
0.00158872
0.000563397
0
0
0
3.7137e-06
3.55892e-05
8.01827e-05
1.9174e-05
0
0
0
0
0
0
0
0
0
0
0
0
0
0
0
0
0
0
0
0
0
0
0
0
0
0
0
0
0
0
0
0
0
0
0
0
0
0
0
0
0
0
0
0
0
0
0
0
0
0
0
0
0
0
0
0
0
0
0
0
0
0
0
0
0
0
0
0
0
0
0
0
0
0
0
0
0
0
0
0
0
0
0
0
0
0
0
0
0
0
0
0
0
0
0
0
0
0
0
0
0
0
0
0
0
0
0
0
0
0
0
0
0
0
0
0
0
0
0
0
0
0
0
0
0
0
0
0
0
0
0
0
0
0
0
0
0
0
0
0
0
0
0
0
0
0
0
0
0
0
0
0
0
0
0
0
0
0
0
0
0
0
0
0
0
0
0
0
2.00864e-06
8.66025e-07
0
0
0
0.000612093
0.00261785
0.00016542
0
0.0329068
0.0772711
0.0516766
0.018868
0.00779069
0.0004972
0
0.00756187
0.0155392
0.0109486
0.00532716
0.0019175
0.00013952
1.11684e-07
4.30343e-07
1.9162e-05
6.03133e-05
5.92412e-05
2.43621e-05
1.39446e-06
8.72735e-09
0
0
0
0
0
0
0
0
0
0
0
0
0
0
0.157597
0.367344
0.218599
0.0242193
0.000273041
0
0
0.10473
0.256406
0.148252
0.00862645
0
0
0
0.0237417
0.0185884
0.0110847
0.00440329
0
0
0
0
0
8.1627e-05
8.53567e-05
0
0
0
0
0
0
0
0
0
0
0
0
0
0
0
0
0
0
0
0
0
0
0
0
0
0
0
0
0
0
0
0
0
0
0
0
0
0
0
0
0
0
0
0
0
0
0
0
0
0
0
0
0
0
0
0
0
0
0
0
0
0
0
0
0
0
0
0
0
0
0
0
0
0.0062447
0.0603059
0.0231368
0
0
4.57484e-06
0
0.00849365
0.0740573
0.0123515
0.000786988
0
0
0
0.0233477
0.0225126
0.0137167
0.00525683
5.70288e-05
1.46568e-06
0
0.000294239
0.00105857
0.00121477
0.000533478
7.41363e-05
2.09806e-06
0
4.62644e-06
0
0
0
3.78322e-07
4.38015e-09
0
0
0
0
0
0
0
0
0
0
0
0
0
0
0
0
0
0
0.000129074
0.000364321
5.14588e-06
0
0
0
0
0
0
0
0
0
0
0
0
0
0
0
0
0
0
0
0
0
0
1.55645e-06
1.73323e-06
2.23331e-06
1.6278e-06
1.26149e-07
0
0
0
0
0
0
0
0
0
0
0
0
0
0
0
0
0
0
0
0
0
0
0
0
0
0
0
0
0
0
0
0
0
0
0
0
0
0
0
0
0
0
0
0
0
0
0
0
0
0
0
0
0
0
0
0
0
0
0
0
0
0
0
0
0
0
0
0
0
0
0
0
0
0
0
0
0
0
0
0
0
0
0
0
0
0
0
0
0
0
0
0
0
0
0
0
0
0
0
0
0
0
0
0
0
0
0
0
0
0
0
0
0
0
0
0
0
0
0
0
0
0
0
0
0
0
0
0
0
0
0
0
0
0
0
1.87555e-05
1.46635e-06
0
0
2.66042e-07
0
0
1.63369e-05
4.68639e-06
4.50582e-07
3.74394e-08
3.70437e-08
2.04418e-10
0
0
0
0
0
0
0
0
0
0
0
0
0
0
0
0.0436522
0.253839
0.131512
0.0188249
0.000771426
0
0
0.0350797
0.131563
0.0390817
0.0171093
0.00127561
0
0
0.00821931
0.00603484
0.00624862
0.00435667
0.000573217
3.05182e-06
1.85926e-09
0.00113775
0.000520664
6.03704e-05
6.42423e-05
4.5147e-05
3.68667e-06
2.31976e-08
4.15184e-05
3.58108e-05
5.98001e-06
1.07824e-06
7.78355e-07
7.9485e-08
5.52531e-10
0
0
0
0
0
0
0
0
0
0
0
0
0
0
0
0
0
0
0
0
0
0
0
0
0
0
0
0
0
0
0
0
0
0
0
0
0
0
0
0
0
0
0
0
0
0
0
0
0
0
0
0
0
0
0
0
0
0
0
0
0
0
0
0
0
0
0
0
3.22117e-07
1.21026e-07
0
0
0
0
0
0
0
0.00379554
0.00664169
0.000377431
0
0
2.97704e-06
0
0.00337769
0.00651409
0.0015757
1.21621e-05
3.12342e-07
1.44981e-06
7.95084e-08
0
6.67811e-05
5.74363e-05
2.18791e-06
1.11865e-07
3.83057e-08
5.20287e-11
0
0
0
0
0
0
0
0
0
0
0
0
0
0
0
0
0
0
0
0
0
0
0
0
0
0
0
0
0.000721702
0.000316147
0.000164654
0
0
0
0
0
0
0
0
0
0
0
0
0
0
0
0
0
0
0
0
0
0
0
0
0
0
0
0
0
0
0
0
0.00131568
0
0
0
0.000315911
0.000325444
9.61161e-07
0
0
0
0
0.00271276
0.000917499
4.31885e-06
0.00454918
0.0172878
0.00288141
0.000945535
0.00319367
0.000491443
1.97799e-06
0
0.000363332
0
0.000234356
0.000268883
4.70605e-05
2.66941e-07
0
0
0
9.72188e-06
3.40505e-06
2.39921e-07
3.08492e-09
0
0
0
0
0
0
0
0
0
0
0
0
0
0
0
0
0
0
0
0
0
0
0
0
0
0
0
0
0
0
0
0
0
0
0
0
0
0
0
0
0
0
0
0
0
0
0
0
0
0
0
0
0
0
0
0
0
0
0
0
0
0
0
0
0
0
0
0
0
0
0
0
0
0
0
0
0
0
0.000768169
0.000211584
4.80928e-05
3.92592e-06
0
0
0
0.000634382
0.000171548
3.93205e-05
3.18639e-06
0
0
0
0
0
0
0
0
0
0
0
0
0
0
0
0
0
0
0
0
0
0
0
0
0
0
0
0
0
0
0
0
0
0
0
0
0
0.000111051
0.00124499
0.000133848
0
0
0
0
0.00583484
0.0106353
0.00322728
1.77115e-05
0
0
0
0.000277773
0.000678881
0.000333849
1.51246e-05
0
0
0
0
0
0
0
0
0
0
0
0
0
0
0
0
0
0
0
0
0
0
0
0
0
0
0
0
0
1.13524e-07
7.63054e-08
0
0
0
1.3474e-05
0.000131314
2.17113e-05
9.14228e-08
0
0
0
1.28494e-05
0.000147185
1.86247e-05
2.77189e-08
0
0
4.31101e-07
1.23281e-06
2.08477e-06
7.77022e-08
0
0
0
0
0
0
0
0
0
0
0
0
0
0
0
0
0
0
0
0
0
0
0
0
0
0
0
0
0
0
0
0
0
0
0
0
0
0
0
0
0
0
0
0
0
0
0
0
0
0
0
0
0
0
0
0
0
0
0
0
0
0
0
0
0
0
0
0
0
0
0
0
0
0
0
0
0
0
0
0
0
0
0
0
0
0
0
0
0
0
0
0
0
0
0
0
0
0
0
0
0
0
0
0
0
0
0
0
0
0
0
0
0
0
0
0
0
0
0
0
0
0
0
0
0
0
0
0
0
0
0
0
0
0
0
0
0
0
0
0
0
0
0
0
0
0
0
0
0
0
0
0
0
0
0
0
0
0
0
0
0
0
0
0
0
0
0
0
0
0
0
0
0
0
0
0
0
0
0
0
0
0
0
0
0
0
0
0
0
0
0
0
0
0
0
0
0
0
0
0
0
0
0
0
0
0
0
0
0
0
0
0.021509
0.185581
0.114413
0
0
0
0
0
0.0507643
0.00817018
0
0
0
0
0.0010971
0
0
0
0
0
0
0.00653623
0.00972456
0.00381134
0.000549511
7.54289e-05
3.10056e-06
0
0.000508584
0.000903727
0.000426671
6.36195e-05
8.46603e-06
1.33344e-07
0
0
0
0
0
0
0
0
0
0
0
0
0
0
0
0
0.0866074
0.025564
0
0
0
0
0
0.102287
0.110881
0.00549738
0
0
0
0
0
0.00333749
0
0
0
0
0
0
0
0
0
6.54022e-10
0
0
0
0
4.56281e-07
1.37419e-07
2.68586e-09
0
0
0
0
0
0
0
0
0
0
0
0
0
0
0
0
0
0
0
0
0
0
0
0
0
0
0
0
0
0
0
0
0
0
0
0
0
0
0
0
0
0
0
0
0
0
0
0
0
0
0
0
0
0
0
0
0
0
0
0
0
0
0
0
0
0
0
0
0
0
0
0
0
0
0
0
0
0
0
0
0
0
0
0
0
0
0
0
0
0
0
0
0
0
0
0
0
0
0
0
0
0
0
0
0
0
0
0
0
0
0
0
0
0
0
0
0
0
0
0
0
0
0
0
0
0
0
0
0
0
0
0
0
0
0
0
0
0
0
0
0
0
0
0
0
0
0
0
0
0
0
0
0
0
0
0
0
0
0
0
0
0
0
0.108456
0
0
0
9.97133e-05
2.80111e-06
0.00545219
0.109931
0.00610399
0
0
3.74421e-05
2.47166e-06
0.0592705
0.0822353
0.0473105
0.0228171
0.00132368
6.75481e-07
3.97443e-07
0.00994658
0.00971125
0.0125169
0.00833124
0.000652867
6.20829e-08
4.07901e-08
0
6.40659e-05
0.000214677
0.000105311
8.95113e-06
0
0
0
0
0
0
0
0
0
0
0
0
0
0
0
0
0
0
0
0
0
0
0
0
0
0
0
0
0
0
0
0.000192255
0
0
0
0
0
0
0
0
0
0
0
0
0
0
0
0
0
0
0
0
0
0
0
0
0
0
0
0
0
0
0
0
0
0
0
0
0
0
0
0
0
0
0
0
0
0
0
0
0
0
0
0
0
0
0
0
0
0
0
0
0
0
0
0
0
0
0
0
0
0
0
0
0
0
0
0
0
0
0
0
0
0
0
0
0
0
0
0
0
0
0
0
0
0
0
0
0
0
0
0
0
0
0
0
0
0
0
0
0
0
0
0
0
0
0
0
0
0
0
0
0
0
0
0
0
0
0
0
0
0
0
0
0
0
0
0
0
0
0
0
0
0
0
0
0
0
0
0
0
0
0
0
0
0
0
0
0
0
0
0
0
0
0
0
0
0
0
0
0
0
0
0
0
0
0
0
0
0
0
0
0.0221261
0.0250536
0.014597
0.00576815
0.000118838
5.24123e-06
9.94601e-07
0
0
0.0103144
0.00223805
0.000466156
5.24927e-05
2.23707e-06
0.000383184
0.0018947
0.000731136
0.00139217
0.000236041
7.60923e-05
1.67121e-06
0.0003287
0.001867
0.000378258
0
3.80663e-06
7.43242e-06
2.7336e-07
0
0
6.21182e-07
3.79833e-07
0
1.19138e-08
3.60105e-10
0
0
0
0
0
0
0
0
0
0
0
0
0
0
0
0
0
0
0
0
0
0
0
0
0
0
0
0
0
0
0
0
0
0
0
0
0
0
0
0
0
0
0
0
0
0
0
0
0
0
0
0
0
0
0
0
0
0
0
0
0
0
0
0.0357184
0.12794
0.072098
0.00498666
0.000173511
0
0
0.0499925
0.0820306
0.035649
0.00665802
3.23503e-05
0
0
0.0123463
0.00996922
0.00433867
0.00147164
2.28739e-06
0
0
0.000687796
0.000956574
0.000625452
0.000165361
1.14951e-06
0
0
0
0
0
0
2.01427e-08
1.05985e-09
0
0
0
0
0
0
0
0
0
0
0
0
0
0
0
0.00792565
0.142273
0.0307758
0.0112419
0.0103233
0.000757515
1.43657e-06
0.0125983
0.0893886
0.0179633
0.0205631
0.0163518
0.00144817
4.23299e-06
0.0206254
0.0384537
0.0322369
0.0224782
0.00983585
0.00091395
4.33392e-06
0.00451426
0.0100411
0.00907471
0.00514262
0.00161916
0.000140231
9.47108e-07
1.43257e-05
9.37287e-05
0.000116896
5.74385e-05
1.45458e-05
1.17923e-06
1.20338e-08
0
0
0
0
0
0
0
0
0
0
0
0
0
0
0
0
0
0
0
0
0
0
0
0
0
0
0
0
0
0
0
0
0
0
0
0
0
0
0
0
0
0
0
0
0
0
0
0
0
0
0
0
0
0
0
0
0
0
0
0
0
0
0
0
0
0
0
0
0
0
0
0
0
0
0
0
0
0
0
0
0
0
0
1.77167e-09
0
0
0
0
6.02815e-06
0
0
0
0
0
0
8.72846e-09
1.12001e-08
1.10864e-10
0
0
0
0
0
0
0
0
0
0
0
0
0
0
0
0
0
0
0
0
0
0
0
0
0
0
0
0
0
0
0
0
0
0
0
0
0
0
0
0
0
0
0
0
0
0
0
0
0
0
0
0
0
0
0
0
0
0
0
0
0
0
0
0.0117725
0.0252368
0.0222833
0.0075766
0
0
0
0.00142096
0.0067074
0.00457484
0.00235395
0
0
0
0.000358278
0
0
0
0
0
0
0.000682115
0.000306703
1.42476e-05
2.21671e-06
7.03355e-07
0
0
3.0397e-05
2.605e-05
5.96265e-06
1.08281e-06
2.26454e-07
1.57646e-09
0
0
0
0
0
0
0
0
0
0
0
0
0
0
0
0
0
0
0
0
0
0
0
0
0
0
0
0
0
0
0
0
0
0
0
0
0
0
0
0
0
0
0
0
0
0
0
0
0
0
0
0
0
0
0
0
0
0
0
0
0
0
0
0
0
0
0
0
0
0
0
0
0
0
0
0
0
0
0
0
0
0
0
0
0
0
0
0
0
0
0
0
0
0
0
0
0
0
0
0
0
0
0
0
0
0
0
0
0
0
0
0
0
0
0
0
0
0
1.73845e-05
9.51471e-07
0.0049398
0.00173616
0.000927468
0.00387966
0.00131081
1.38545e-05
1.42633e-06
0.00218196
0.0047821
0.00618603
0.00649372
0.0017051
4.407e-05
6.46915e-07
1.24045e-05
0.000197014
0.000506964
0.000562416
0.00020184
9.7883e-06
4.37341e-08
7.95669e-06
3.46827e-06
7.92764e-07
1.79407e-07
4.48356e-07
2.3205e-08
0
0
0
0
0
0
0
0
0
0
0
0
0
0
0
0.000291519
0.322146
0.064375
0
0
0
0
0.00366503
0.244534
0.0273933
0
0
0
0
0.000144465
0
0
0
0
0
0
0
0
0
0
0
0
0
0
0
0
0
0
0
0
0
0
0
0
0
0
0
0
0
0
0
0
0
0
0
0
0
0
0
0
0
0
0
0
0
0
0
0
0
0
0
0
0
0
0
0
0
0
0
0
0
0
0
0
0
0
0
0
0
0
0
0
0
0
0
0
0
0
0
0
0
0
0
0
0
0
0
0
0
0
0
0
0
0
0
0
0
0
0
0
0
0
0
0
0
0
0
0
0
0
0
0
0
0
0
0
0
0
0
0
0
0
0
0
0
0
0
0
0
0
0
0
0
0
0
0
0
0
0
0
0
0
0
0
0
0
0
0
0
0
0
0
0
0
0
0
0
0
0
3.73214e-08
0
0
0
0
0
5.32427e-08
1.45426e-09
0
0
0
0
0
0
0
0
0
0
0
0
0
0
0.0393531
0.165658
0.0976945
0.00313272
0
0
0
0
0
0
0
0
0
0
0
0
0
0
0
0
0
0
0
0
0
0
0
0
0
0
0
3.6261e-08
2.85022e-08
1.44381e-09
0
0
0
0
0
0
0
0
0
0
0
0
0
0
0
0
0
0
0
0
0
0
0
0
0
0
0
0
0
0.00646757
0.00630614
0.00233117
0.00303193
0.000337687
0
0
0.00214836
0.000981396
0.00166197
0.00234618
0.000246841
0
0
0
0
4.81879e-07
8.29519e-06
1.13997e-06
0
0
0
0
0
0
0
0
0
0
0
0
0
0
0
0
0
0
0
0
0
0
0
0
0
0
0
0
0
0
0.0019838
0.0019007
0.000147328
1.15292e-05
0
0
0
0.00186986
0.0022347
0.000823833
0.000310255
1.4343e-05
0
0
3.39946e-05
6.66562e-05
5.37401e-05
1.71311e-05
7.93547e-07
0
0
0
0
0
0
0
0
0
0
0
0
0
0
0
0
0
0
0
0
0
0
0
0
0
0
0
0
0
0
0
0
0
0
0
0
0
0
0
0
0
0
0
0
0
0
0
0
0
0
0
0
0
0
0
0
0
0
0
0
0
0
0
0
0
0
0
0
0
0
0
0
0
0
0
0
0
0
0
0
0
0
0
0
0
0
0
0
0
0
0
0
0
0
0
0
0
0
0
0
0
0
0
0
0
0
0
0
0
0
0
0
0
0
0.119962
0.296988
0.16223
0.0524314
0.00790109
0.000509651
2.97578e-07
0.0690335
0.106215
0.0471616
0.0379445
0.0123567
0.000849121
2.09479e-06
0.00312843
0.0256118
0.0353563
0.0151626
0.00799539
0.000632372
1.95505e-06
0.00265512
0.00811813
0.00654887
0.00315937
0.00138353
0.000108719
4.39979e-07
5.78465e-06
3.2525e-05
4.05253e-05
3.30281e-05
1.29281e-05
7.55985e-07
4.86536e-09
0
0
0
0
0
0
0
0
0
0
0
0
0
0
0.11714
0.363998
0.299422
0.0431218
0.000293008
1.24744e-05
2.08911e-06
0.0443069
0.217989
0.143847
0.0120768
0
8.2196e-06
3.40162e-07
0
0
0
0
0
0
0
1.67934e-05
0.0013455
0.00117668
4.26817e-05
1.87258e-05
8.36262e-07
2.30134e-10
1.40166e-05
9.95106e-05
9.66684e-05
8.55476e-06
0
7.30661e-10
2.33766e-10
0
0
0
0
0
0
0
0
0
0
0
0
0
0
0
0
0
0
0
0
0
0
0
0
0
0
0
0
0
0
0
0
0
0
0
0
3.43934e-05
0
0
0
0
0
0
0
0
0
0
0
0
0
0
0
0
0
0
0
0
0
0
0
0
0
0
0
0
0
0
0
0
0
0
0
0
0
0
0
0
0
0
0
0
0
0
0
0
0
0
0
0
0
0
0
0
0
0
0
0
0
0
0
0
0
0
0
0
0
0
0
0
0
0
0
0.00260836
0
0.00403276
0.00934673
0.00183702
0.00010811
5.1783e-07
0.02266
0.0112605
0.0221656
0.0155686
0.00325845
7.90686e-05
6.77892e-07
0
0.00046854
0.00352162
0.00176794
0.000378508
3.50621e-05
2.56984e-07
0.000515349
0.000924108
0
0
0
0
0
7.07151e-06
0
0
3.20207e-07
8.59896e-08
0
0
0
0
0
0
0
0
0
0
0
0
0
0
0
0
0
0
0
0
0.000402609
0.000281889
1.21096e-06
0
0
0
0
0.00183331
0.000563822
1.88032e-06
0
0
0
0
0.000762605
0.00016574
1.00489e-06
0
0
0
7.67218e-07
1.07913e-05
1.08366e-05
2.78375e-07
2.74262e-06
1.2204e-06
0
4.38061e-07
6.49588e-07
3.69537e-09
0
0
0
0
0
0
0
0
0
0
0
0
0
0
0
0
0
0
0
0
0
0
0
0
0
0
0
0
0
0.000420958
0.00260855
0.00155683
3.1056e-05
1.69323e-05
0
0
0.000691658
0.00318287
0.00198621
0.000169851
2.20704e-05
7.18583e-07
1.29845e-08
0
5.21837e-05
5.47503e-05
5.09363e-06
0
6.66754e-10
2.21104e-10
0
0
0
0
0
0
0
0
0
0
0
0
0
0
0.00572553
0.00306394
0.00243472
0.000110644
0
0
0
0.00498853
0.00245591
0.000197514
4.15615e-05
0
0
0
0.0131306
0.0139526
0.0123714
0.00612112
0.00014476
3.59383e-06
0
0.00311158
0.00339676
0.00279916
0.00146934
0.000107988
5.35834e-06
2.05866e-09
0
5.70536e-07
0
1.85749e-07
1.23817e-06
1.4569e-07
1.45017e-09
0
0
0
0
0
0
0
0
0
0
0
0
0
0
0
0
0
0
0
0
0
0
0
0
0
0
0
0
0.0413592
0.0432933
0.0259435
0.0151917
0.00105673
0
0
0.0102666
0.0106894
0.0109804
0.00814867
0.000830196
0
0
6.65416e-06
1.16881e-05
6.26221e-05
6.59993e-05
7.79611e-06
0
0
0
0
0
0
0
0
0
0
0
0
0
0
0
0
0
0
0
0
0.000156919
2.00023e-05
1.42537e-07
0
0
0
0.000882245
0.00267434
0.00033916
1.1033e-06
0.00615671
0.0213517
0.0149426
0.00693946
0.00421563
0.000391095
1.92379e-06
0.00134513
0.00303596
0.00267186
0.00195891
0.000966379
9.03855e-05
5.00015e-07
0
0
0
4.05986e-06
9.66871e-06
1.0432e-06
8.94702e-09
0
0
0
0
0
0
0
0
0
0
0
0
0
0
0
0
0
0
0
0
0
0
0
0
0
0
0
0
0
0
0
0
0
2.76175e-06
0
0
0
0
0
0
0
0
0
0
0
0
0
0
1.33646e-09
0
0
0
0
0
0
0
0
0
0
0
0
0
0
0
0
0
0
0
0
0
0
0
0
0
0
0
0
0
0
0
0
0
0
0
0
0
0
0
0
0
0
0
0
0
0
0
0
0
0
0
0
0
0
0
0
0
0
0
0
0
0
0
0.0162343
0.0080271
0
0
0
0
0
0
0
0
0
0
4.30385e-06
1.61988e-07
0.0116921
0.00802767
0.00125844
0.00131146
0
4.0584e-06
4.14466e-07
0.00190733
0.0021479
6.1665e-05
4.25631e-05
5.38937e-06
2.54159e-07
1.12328e-07
3.96169e-05
2.98325e-05
5.2848e-06
1.6672e-06
0
0
0
0
0
0
0
0
0
0
0
0
0
0
0
0
0
0
0
0
0
0
0
0
0
0
0
0
0
0
0
0
0
0
0
0
0
0
0
0
0
0
0
0
0
0
0
0
0
0
0
0
0
0
0
0
0
0
0
0
0
0
0
0
0
0
0
0
0
0
0
0
0
0
0
0
0
0.00172201
0.000248313
6.55697e-07
0.000531878
0.0136454
0.00734858
0.00758248
0.00519192
0.000191785
1.83537e-07
0
0
0
0.00118289
0.000775318
0
0
0
0
0
0
0
0
0
0
0
0
0
0
0
0
0
0
0
0
0
0
0
0
0
0
0
0
0
0
0
0
0
0
0
0
0
0
0
0
0
0
0
0
0
0
0
0
0
0
0
0
0
0
0
0
0
0
0
0
0
0
0
0
0
0
0
0
0
0
0
0
0
0
0
0
0
0
0
0
0
0
0
0
0
0
0
0
0
0
0
2.67882e-08
1.32592e-08
0
0
0
0
6.93597e-06
8.7311e-07
1.2376e-08
0
0
6.81031e-07
0
0
0
0
0
0
0
0
0
0
0
0
0
0
0
0
0
0
0.00488156
0
0
2.9592e-05
0.000240473
0.000210345
2.74624e-06
0
0
0
0
0
7.80067e-05
2.95979e-06
0.00735773
0.00706153
0.000837814
0.00019588
5.21404e-06
4.53829e-05
1.24085e-06
0.00134675
0.0015507
0.000715085
0.000253572
1.82105e-05
8.70617e-06
1.08234e-07
7.76939e-06
7.93016e-06
5.94241e-06
9.05951e-07
3.86964e-08
1.57127e-09
2.8336e-10
0
0
0
0
0
0
0
0
0
0
0
0
0
0
0
0
0
0
0
0
0
0
0
0
0
0
0
0
0
0
0
0
0
0
0
0
0
0
0
0
0
0
0
0
0
0
0
0
0
0
0
0
0
0
0
0
0
0
0
0
0
0
0
0
0
0
0
0
0
0
0
0
0
0
0
0
0
0
0
0
0
0
0
0
0
0
0
0
0
0
0
0
0
0
0
0
0
0
0
0
0
0
0
0
0
0
0
0
0
0
0
0
0
0
0
0
0
0
0
0
0
0
0
0
0
0
0
0
0
0
0
0
0
0
0
0
0
0
0
0
0
0
0
0
0
0
0
0
0
0
0
0
0
0
0
0
0
0
0
0
0
0.000642979
0.00935239
0.0147347
0.00165154
0
6.859e-06
1.37681e-06
0.0353653
0.0574297
0.021316
0.0147998
0.00326036
0.00011952
9.14314e-07
0.0355983
0.0605043
0.0341607
0.0161365
0.00348044
0.000135036
4.19294e-07
0.000104244
0.000360453
0.000398689
0.000623663
8.70276e-05
0
0
0.000105977
0.00011422
2.00617e-05
8.66842e-07
3.26455e-08
0
0
0
0
0
0
0
0
0
0
0
0
0
0
0
0
0
0
0
0
0
0
0
0
0
0
0.000128628
7.52182e-05
0
0
0.0215262
0.0302803
0.0155941
0.0066385
0.00141571
1.61464e-05
1.42135e-07
0.00548242
0.00645861
0.00290694
0.00154282
0.000356481
1.02974e-05
8.71187e-08
0.000106786
0.000108319
3.16776e-05
2.91856e-06
2.5166e-07
2.62216e-08
4.90025e-10
0
0
0
0
0
0
0
0
0
0
0
0
0
0
0
0.0244158
0
0
0
0
0
0
0.0128206
0
0
0
0
0
0
0
0
0
0
0
0
0.000249604
0.000117367
1.00272e-06
0
0
0
0
1.70251e-05
3.63242e-06
6.36374e-07
2.54998e-07
1.61641e-07
0
0
0
0
0
0
0
0
0
0
0
0
0
0
0
0
0
0
0
0
0
0
0
0
0
0
0
0
0
0
0
0
0
0
0
0
0
0
0
0
0
0
0
0
0
0
0
0
0
0
0
0
0
0
0
0
0
0
0
0
0
0
0
0
0
0
0
0
0
0
0
0
0
0
0
0
0
0
0
0
0
0
0
0
0
0
0
0
0
0
0
0
0
0
0
0
0
0
0
0
0
0
0
0
0
0
0
0
0
0
0
0
0
0
0
0
0
0
0
0
0
0
0
0
0
0
0
0
0
0
0
0
0
1.13058e-06
0
0.000715053
0.00108998
0.000116076
0
0
7.72115e-07
0
1.23211e-05
2.66341e-05
5.22369e-06
0
0
0
0
0
0
0
0
0
0
0
0
0
0
0
0
0
0
0.0420881
0.20699
0.182152
0.0162923
6.16312e-06
5.50397e-06
1.52306e-07
0.00774826
0.108888
0.0994461
0.00555464
0
0
0
0
0
0
0
0
0
0
0
0
0
0
0
0
0
0
0
6.94351e-07
1.33994e-06
2.36168e-07
4.99492e-09
0
0
0
0
0
0
0
0
0
0
0
0
0
0
0
0
0
0
0
0
0
0
0
0
0
0
0
0
0
0
0
0
2.16076e-06
0.000269745
1.20738e-05
0
0
0
0
1.72167e-05
0.000227625
8.20951e-06
0
0
7.14134e-07
1.10534e-06
2.43787e-06
2.37936e-06
0
0
0
0
0
0
0
0
0
0
0
0
0
0
0
0
0
0
0
0
6.53408e-07
4.6607e-07
0
0.00876165
0.00975742
0.00301577
0.00132696
0
0
0
0.015379
0.0205116
0.00773407
0.00192534
4.72933e-05
0
0
0.000430009
0.00126252
0.000554686
0.000121885
3.05597e-05
0
0
5.94149e-06
6.67746e-07
0
0
0
0
0
0
0
0
0
0
0
0
0
0
0
0
0
0
0
0
0
0
0
0
0
0
0.0113425
0.0032097
0.000264882
0.000127862
0
0
0
0.00877796
0.00207559
0.00527994
0.0037347
0
0
0
0
0
0
0
0
0
0
0
0
0
0
0
0
0
0
0
0
0
0
0
0
0
0
0
0
0
0
0
0
0
0
0
0
0
3.00679e-07
0
0
0
0
0
0
0
0
0
0
0
0
0
0
0
0
0
0
0
0
0
0
0
2.95265e-06
0
0
0
0
0
0
0
0
0
0
0
0
0
0
0
0
0
0
0
0
0
0
0
5.61731e-07
2.82736e-07
0
0
0
0
0
0
0
0.00416241
0.00674352
0.00803774
0.00897657
0.000635307
0
0
0.0031582
0.0048323
0.00665165
0.00496962
0.000611488
0
0
0
6.10212e-06
2.91261e-05
2.91556e-05
2.0272e-06
0
0
0
0
0
0
0
0
0
0
0
0
0
0
0
0
0.0218693
0.0147267
0.00433372
0.000317015
0.00397286
0.000665641
2.887e-06
0.00059961
0
0
0.000555677
0.000931694
0.00019183
1.33917e-06
0
0
0
0
0
0
0
6.16929e-05
0
0
0
0
0
0
5.4631e-05
1.64167e-07
8.47842e-07
0
0
0
0
0
0
0
0
0
0
0
0
0
0
0
0
0
0
0
0
0
0
0
0
0
0
0
0
0
0
0
0
0
0
0
0
0
0
0
0
0
0
0
0
0
0
0
0
0
0
0
0
0
0
0
0
0
0
0
0
0
0
0
0
0
0
0
0.0264386
0.297201
0.0911225
0.00229784
0
0
0
0.0329855
0.215269
0.0538523
0.00259044
0
0
0
0.0286286
0.0262182
0.01546
0.0107554
0.00103954
0
0
0.00155546
0.00122549
0.00134627
0.00172491
0.000293612
9.72422e-08
0
0
9.12397e-07
0
1.08534e-06
1.20881e-06
0
0
0
0
0
0
0
0
0
0
0
0
0
0
0
0
0
0
0
0
0
0
0
0
0
0
0
0
0
0
0
0
0
0
0
0
0
0
0
0
0
0
0
0
0
0
0
0
0
0
0
0
0
0
0
0
0
0
0
0
0
0
0
0
0
0.0121262
0.00978392
0.00103392
0
0
0
0
0.0162575
0.00799797
0
0
0
0
0
7.81513e-06
1.94301e-06
0
0
0
0
0
0
0
0
0
0
0
0
0
0
0
0
0
0
0
0
0
0
0
0
0
0
0
0
0
0
0
0
0
0
0
0
0
0
1.01386e-07
4.48297e-08
0
0.00401621
0.00215778
0.00258713
0
6.11832e-08
5.71515e-08
0
0.000522959
0.00155942
0.00100035
0
0
0
0
0
0
0
0
1.40043e-07
6.45302e-08
0
0
0
1.36581e-07
9.36511e-08
4.07509e-08
8.7641e-09
0
0
0
0
0
0
0
0
0
0
0
0
0
0
0
0
0
0
0
0
0
0
0
0
0
0
0
0
1.91322e-05
1.99334e-06
0
0
0
0
0
1.52581e-05
1.8257e-06
0
0
0
0
0
2.08299e-06
2.19866e-07
0
0
0
0
0
0
0
0
0
0
0
0
0
0
0
0
0
0
0
0.00902132
0.0175826
0.0121938
0.00083973
1.81858e-05
3.42631e-05
7.84393e-10
0.0149702
0.0762271
0.0373916
0.00060734
2.77186e-05
2.52932e-05
0
0.0061218
0.0281377
0.0157608
0.00140236
0.000253971
7.69056e-05
5.08488e-07
0.00259377
0.00709824
0.00324982
0.000441982
8.89556e-05
2.50162e-05
2.86005e-07
0
0
6.76654e-06
1.0308e-05
1.56521e-06
7.2156e-08
6.50316e-10
0
0
0
0
0
0
0
0
0
0
0
0
0
0
0
0
0
0
0
0
0
0
0
0
0
0
0
0
0
0
0
0
0
0
0
0
0
0
0
0
0
0
0
0
0
0
0
0
0
0
0
0
0
0
0
0
0
0
0
0
0
0
0
0
0
0
0
0
0
0
0
0
0
0
0
0
0
0
0
0
0
0
0
0
0
0
0
0
0
0
0
0
0
0
0
0
0
0
0
0
0
0
0
0
0
0
0
0
0
0
0
0
0.157101
0.379968
0.246315
0.0430081
0.006683
0.000453336
2.60229e-06
0.175486
0.409262
0.244165
0.0506011
0.0118128
0.00067512
3.60822e-06
0.0646753
0.107119
0.0821492
0.0361027
0.00727269
0.000403087
2.2411e-06
0.00294334
0.00889831
0.0100385
0.00470288
0.000856103
5.07877e-05
4.0789e-07
0.00015242
0.000173498
0.000125305
4.45429e-05
5.71549e-06
3.97642e-07
2.98954e-09
0
0
0
0
0
0
0
0
0
0
0
0
0
0
0
0
0
0
0
0
0
0
0
0
0
0
0
0
0
0
0
0
0
0
0
0
0
0
0
0
0
0
0
0
0
0
0
0
0
0
0
0
0
0
0
0
0
0
0
0
0
0
0
0
0
0
0
0
0
0
0
0
0
0
0
0
0
0
0
0
0
0
0
0
0
0
0
0
0
0
0
0
0
0
0
0
0
0
0
0
0
0
0
0
0
0
0
0
0
0
0
0
0
0
0
0
0
0
0
0
0
0
0
0
0
0
0
0
0
0
0
0
0
0
7.36254e-05
0
0
0
0
5.58934e-08
0
0
0
0
0
0
0
0
0
0
0
0
0
0
0
0
0
0
0
0
0
0
0
0
0
0
0
0
0
0
0
0
0
0
0
0
0
0
0
0
0
0
0
0
0
0
0
0
0
0
0
0
0
0
0
0
0
0
0
0
0
0
0
0
0
0
0
0
0
0
0.000441069
0
0
0.00028277
9.68938e-05
0
0
0.00499384
0.00589835
0.00255248
0.00142512
0.000334949
1.84658e-07
0
0
0
0
0
0
1.17224e-05
7.47828e-09
0
0
0
0
0
0
0
0
0
0
0
0
0
0
0
0
0
0
0
0
0
0
0
0
0
0
0
0
0
0
0
0
0
0
0
0
0
0
0
0
0
0
0
0
0
0
0
2.40017e-06
0
0
0
0
0
0
1.4125e-06
0
0
0
0
0
0
0
0
0
0
0
0
0
0
0
0
0
0
0
0
0
0
0
0
0
0
0
0
0
0
0
0
0
0
0
0
0
0
0
0
0
0
0
0
0
0
0
0
0
0
1.00479e-05
5.47691e-06
8.34782e-07
0
0
0
0
0
0
0
0
0
0
0
0
0
0
0
0
0
0
0
0
0
0
0
0
0
0
0
0
0
0
0
0
0
0
0
0
0
0
0
0
0
0
0
0
0
0
0
0
0
0
0
0
0
0
0
0
0
0
0
0
0
0
0
0
0
0
0
0
0
0
0
0
1.6069e-10
4.78969e-09
0
0
0
0
0
0
0
0
0
0
0
0
0
0
0
0
0
0
0
0
0
0
0
0
0
0
0
0
0
0
0
0
0
0
0
0
0
0
0
0
0
0
0
0
0.000600163
0.00198635
7.7529e-05
2.37282e-05
0
0
0
0
0
0
0
0
0
0
0
0
0
0
0
0.000108219
2.56761e-05
0
0
0
0
0
0.000108512
2.77533e-05
0
0
0
0
0
0
0
0
0
0
0
0
0
0
0
0
0
0
0
0
0
0
0
0
0
0
0
0
0
0
0
0
0
0
0
0
0
0
0
0
0.000301574
6.13948e-05
0
0
0
0
0
1.41367e-05
2.23871e-07
0
0
0
0
0
0
0
0
0
0
0
0
0
0
0
0
0
0
0
0
0
0
0
6.1001e-05
3.52852e-05
0
0.0194987
0.0241406
0.00972083
0.0055205
0.000432986
0
0
0.0454178
0.0566542
0.0252036
0.0125149
0.00103202
1.84378e-06
0
0.00465484
0.0049313
0.00258422
0.00144214
0.000181043
2.68751e-06
0
0
1.59074e-05
1.48918e-05
7.8803e-06
1.82347e-06
3.90142e-08
0
0
0
0
0
0
0
0
0
0
0
0
0
0
0
0
0
0
0
0
0
0
0
0
0
0
0
0
0
0
0
0
0
0
0
0
0
0
0
0
0
0
0
0
0
0
0
0
0
0
0
0
0
0
0
0
0
0
0
0
0
0
0
0
0
0
0
0
0
0
0
0
0
0
0
0
0
0
0
0
0
0
0
0
0
0
0
0
0
0
0
0
0
0
0
0
0
0
0
0
0
0
0
0
0
0
0
0
0
0
0
0
0
0
0
0
0
0
9.22732e-06
2.9837e-06
0.0403655
0.0244815
0.0073443
0.00904911
0
6.8435e-06
2.18889e-07
0.0498448
0.0376809
0.0187939
0.0159008
0.000623067
3.84345e-05
1.81946e-07
0.00565844
0.0111001
0.00758405
0.00270691
0.000295576
7.70194e-06
1.18821e-07
0.000111847
0.000337571
0.000225262
4.5285e-05
2.41123e-06
2.97086e-09
1.83193e-09
0
0
0
0
0
0
0
0
0
0
0
0
0
0
0.00494778
0.0327628
0.00201371
0
0
1.92841e-07
9.91827e-08
0.074413
0.105911
0.00886989
0.00499748
0
0
0
0.0296271
0.0244433
0.00575237
0.00388803
0
0
0
1.2279e-05
0
0
0
0
0
0
1.00619e-05
0
0
0
0
0
0
0
0
0
0
0
0
0
0
0
0
0
0
0
0
0.0805044
0.181675
0.157235
0.0501684
0.01374
0.000857236
8.71127e-06
0.0390412
0.0728073
0.0553164
0.0353939
0.0237596
0.00199068
1.03259e-05
0.0543931
0.118648
0.0953677
0.0462709
0.0187976
0.00134755
5.75785e-06
0
0.00184446
0.00577448
0.00511141
0.00182871
5.11319e-05
2.36563e-07
0
1.64401e-06
1.19829e-06
0
4.02175e-07
1.28972e-07
3.37159e-09
0
0
0
0
0
0
0
0
0
0
0
0
0
0
0.0374969
0.820519
0.308835
0
0
3.19153e-05
1.80224e-06
0.0543313
0.585416
0.120223
0
0
2.4666e-05
1.25349e-06
0.00190125
0.00344348
0.00607405
0.00263903
0.000218375
2.50643e-05
4.75635e-07
0.00254356
0.00480744
0.00354754
0.00104063
0.000124858
8.77904e-06
4.76205e-08
9.63672e-05
0.00015922
9.63328e-05
1.57521e-05
2.35604e-07
0
0
0
0
0
0
0
0
0
0
0
0
0
0
0
0
0.00180291
0
0
0.00037257
0.000129507
5.71488e-05
0
0.00252082
0
0
0.0048663
0.00250878
0.000129882
8.84424e-07
0.000131008
0.0116077
0.0173031
0.0124882
0.0047223
0.000215237
1.18565e-06
6.48447e-05
0.00103788
0.00202293
0.00191435
0.000976396
7.18787e-05
2.30558e-07
0
0
0
5.8643e-06
3.93439e-06
5.65355e-08
5.46755e-09
0
0
0
0
0
0
0
0
0
0
0
0
0
0
0
0
0
0
0
0
0
0
0
0
0
0
0
0
0
0
0
0
0
0
0
0
0
0
0
0
0
0
0
0
0
0
0
0
0
0
0
0
0
0
0
0
0
0
0
0
0
0
0
0
0
0
0
0
0
0
0
0
0
0
0
0
0
0
0
0
0
0
0
0
4.81928e-05
7.518e-06
0
6.32041e-06
4.05177e-06
5.03848e-07
0
4.27306e-05
1.6379e-05
2.07597e-06
4.64788e-06
2.39918e-06
6.3451e-08
0
0
0
0
0
0
0
0
0
0
0
0
0
0
0
0
0
0
0
0
0
0
0
0
0
0
0
0
0
0.00731788
0.00492341
0.00301391
0.0015558
0.000102555
6.83372e-06
0
0.00328675
0.00283658
0.00192581
0.00163931
0.000165146
1.07303e-05
1.29187e-09
3.15392e-07
2.79439e-07
1.15299e-05
2.75741e-05
5.08732e-06
2.52422e-07
1.06639e-09
0
0
0
0
0
0
0
0
0
0
0
0
0
0
0
0
0
0
0
0
0
0
0
0
0
0
0
0
0
0
0
0
0
0
0
0
0
0
0
0
0
0
0
0
0
0
0
0
0
0
0
0
0
0
0
0
0
0
0
0
0
0
0
0
0
0
0
0
0
0
0
0
0
0
0
0
0
0
0
0
0
0
0
0
0
0
0
0
0
0
0
0
0
0
0
0
0
0
0
0
0
0
0
0
0
0
0
0
0
0
0
0
0
0
0
0
0
3.95076e-05
2.11516e-06
0
0
0
0
0.000641153
0.000588164
3.63337e-06
0
0
0
0
0.000921458
0.000734358
3.6478e-06
3.82948e-05
0.000518736
6.34773e-05
4.34417e-06
0.000459687
0.000188917
1.13715e-06
7.33911e-05
4.06273e-05
6.7809e-06
2.78472e-06
1.20767e-05
1.4721e-06
1.03999e-08
0
0
0
0
0
0
0
0
0
0
0
0
0
0
0
0.107569
0
0
0
0
0
0
0.0657626
0
0
0
0
0
0
0
0
0
0
0
0
5.19222e-07
0
0
0
0
0
0
3.17428e-07
0
0
0
0
0
0
0
0
0
0
0
0
0
0
0
0
0
0
0
0
0.0401238
0.0585104
0.0713605
0.0156734
0.000117654
0
0
0
0.0053731
0.00341165
0
0
0
0
0
0
0
0
0
0
0
0
0
0
0
0
0
0
0
0
0
0
0
0
0
0
0
0
0
0
0
0
0
0
0
0
0
0
0
0
0.0212895
0.0240822
0
0
0
0
0
0.00277078
0
0
0
0
0
0
0
0
0
0
0
0
0
0
0
0
0
0
0
0
0
0
0
0
0
0
0
0
0
0
0
0
0
0
0
0
0
0
0
0
0
0
0
0
0
0
0
0
0
0
0
0
0
0
0
0
0
0
0
0
0
0
0
0
0
0
0
0
0
0
0
0
0
0
0
0
0
0
0
0
0
0
0
0
0
0
0
0
0
0
0
0
0.00315947
0.00127561
0.000184864
0
0.000418227
0.00020266
0.0100052
0.0204383
0.00175146
2.83375e-05
0
0.00038905
0.000141093
0.00340719
0.00585084
0.000560416
0
0
0.000301871
5.90468e-05
0
1.10195e-05
5.5948e-06
0
0
0.000106326
2.17313e-05
0
0
0
0
0
0
0
0
0
0
0
0
0
0
0
0
0
0
0
0
0
0
0
0
0
0
0
0
0
0
0
0
0
0
0
0
0
0
0
0
0
0
0
0
0
0
0
0
0
0
0
0
0
0
0
0
0
0
0
0
0
0
0
0
0
0
0
0
0
0
0
0
0
0
0
0
0
0
0
0
0
0
0
0
0
0
0
0
0
0
0
0
0
0
0
0
0
8.8042e-07
8.14445e-07
9.87791e-09
0
0
0
0
0
0
0
0
0
0
0
0
0
0
0
0
0
0.0024792
0.00171328
0.00196244
0.00121601
0.000867896
0.000123249
1.39283e-07
0.000289756
0.000332908
0.000129814
0.0024354
0.00178637
0.000133608
9.19993e-07
0.00893995
0.020501
0.00862862
0.00510183
0.00185825
0.000121621
3.57459e-07
0.000421937
0.00191582
0.000914496
0.00036315
9.98364e-05
0
0
0
4.94488e-07
3.09883e-07
0
8.19235e-10
5.13394e-10
0
0
0
0
0
0
0
0
0
0
0
0
0
0
0
0
0
0
0
0
2.33482e-05
1.09858e-06
0
0
0
0
0
2.26225e-05
2.39842e-06
0
0
0
0
0
5.32653e-06
2.16028e-06
0
0
0
0
0
1.01458e-06
5.43732e-07
0
0
0
0
0
1.99826e-10
0
0
0
0
0
0
0
0
0
0
0
0
0
0
0
0
0
0
0
0
0
0
0
0
0
0
0
0
0
0
0
0
0
1.56955e-05
5.09671e-06
0
0.000182936
3.56412e-06
0
5.82774e-06
1.61736e-05
0
0
2.48324e-05
0
1.99039e-06
2.14491e-06
0
0
0
0
0
0
0
0
0
0
0
0
0
0
0
0
0
0
0
0.00401996
0.00256946
0
0
0
0
0
0
0
0
0
0
0
0
0
0
0
0
0
0
4.952e-05
2.62312e-05
0.00024336
0.000231681
0
0
1.66196e-05
3.57451e-05
2.98636e-05
9.38251e-06
1.51572e-05
3.96786e-09
0
0
0
0
0
0
0
0
0
0
0
0
0
0
0
0.000427758
0.00232311
0
0
0
0
0
0
0
0
0
0
0
0
0
0
0
0
0
0
0
0
0
0
0
0
0
0
0
0
0
0
0
0
0
0
0
0
0
0
0
0
0
0
0
0
0
0
0
0
0
0
0
0
0
0
0
0
0
0
0
0
0
0.000210249
0
0
0
0
0
0
0.000139127
0
1.39746e-05
5.49116e-05
0
0
0
0
0
0
0
0
0
0
0
0
0
0
0
0
0
0
0
0
0
0
0
0
0
0
0
0
0
5.60954e-07
0
0
0
0
0
0
3.5424e-06
0
0.00509393
0.000295887
0.000635831
0.0023193
0.000498577
1.71646e-05
8.82477e-09
0.000207894
0
8.2833e-06
0.000416232
0.000144094
4.12025e-06
7.76271e-09
0
0
0
0
0
0
0
0
0
0
0
0
0
0
0
0
0
0
0
0
0
0
0
0
0
0
1.16946e-05
3.4889e-07
0
0
0
0
0
0
0
0.000359958
0.000694689
9.3084e-05
0.000430628
0.000233383
6.49263e-06
0
0.000177792
0.00113746
0.00043151
0.000269939
0.00018073
6.03485e-06
0
1.38012e-05
2.05832e-05
1.57926e-05
5.20304e-07
0
1.27833e-10
0
0
0
0
0
0
0
0
0
0
0
0
0
0
0
0
0
0
0
0
0
0
0
0
0
0
0
0
0
0
0
0
0
0
0
0
0
0
0
0
0
0
0
0
0
0
0
0
0
0
0
0
0
0
0
0
0
0
0
0
0
0
0
0
0.00314137
0
0.00415049
0.00472587
0
0
0
0
0
0
0.000874792
0
0
0
0
0
0
0
0
0
0
0
0
0
0
0
0
0
0
0
0
0
0
0
0
0
0
0
0
0
0
0
0
0
0
0
0
0
0
0
0
0
0
0
1.26137e-05
4.06664e-07
0
0
0
0.000167028
0.000563312
0
0
0.00262206
0.00151263
0.000909461
0.00182005
0.00108046
1.60593e-05
0
0.000723106
0.000829764
0.00120755
0.000815064
0.000157465
0
0
0
3.61837e-05
8.44147e-05
3.25176e-05
1.83656e-06
0
0
0
0
0
0
0
0
0
0
0
0
0
0
0
0
0
0
0
0
0
0
0
0
0
0
0
0
0
0
0
0
0
0
0
0
0
0
0
0
0
0
0
0
0
0
0
0
0
0
0
0
0
0
0
0
0
0
0
0
0
0
0
0
0
0
0
0
0
0
0
0
0
0
0.00365823
0
0
0
0
0
0
0
0
0
0
4.96649e-09
0
0
0
0
0
0
4.13129e-09
0
0
0
0
0
0
0
0
0
0
0
0
0
0
0
0
0
0
0
0
0
0
0
0
0
0
0
0
0
0
0
0
0
0
0
0
0
0
0
0
0
0
0
0
0
0
0
0
0
0
0
0
0
0
0
0
0
0
0
0
0
0
0
0
0
0
0
0
0
0
0
0
0
0
0
0
0
0
0
0
0
0
0
0
0
0
0
0
0
0
0
0
0
1.82516e-06
0
0
0
0
0
0
9.68339e-07
0
0
0
0
0
0
0
0
0
0
0
0
0
0
0
0
0
0
0
0
0
0
0
0
0
0
0
0
0
0
0
0
0
0
0
0
0
0
0
0
0
0
0
0
0
0
0
0
0
0
0
0
0
0
0
0
0
0
0
0
0
0
0
0
0
0
0
0
0
0
0
0
0
0
0
0
0
0
0
0
0
0
0
0
0
0
0
0
0
0
0
0
0
0
0
0
0
0
0
0
0
0
0
0
0
0
0
0
0
0
0
0
0
0
0
0
0
0
0
0
0
0
0
0
0
0
0
0
0
0
0
0
0
0
0
0
0
0
0
0
0
0
0
0
0
0
0
0
0
0
0
0
0
0
0
0
0
0
0
0
0
0
0
0
0
0
0
0
0
0
0
0
0
0
0
0
0
0
0
0
0
0
0
0
0
0
0
0
0
0
0
0
0
0
0
0
0
0
0
0
0
0
0
0
0
0
0
0
0
0
0
0
0
0
0
0.065545
0
0
6.46395e-05
5.44026e-06
0
0
0.0459694
0
0
0
0
0
0
0
0
0
0
0
0
0
0
0
0
0
0
0
0
4.76228e-07
3.16409e-07
3.13208e-07
1.06209e-08
0
0
0
0
0
0
0
0
0
0
0
0
0
0
0
0
0
0
0
0
0
0
0
0
0
0
0
0
0
0
0
0
0
0
0
0
0
0
0
0
0
0
0
0
0
0
0
0
0
0
0
0
0
0
0
0
0
0
0
0
0
0
0
0
0
0.0280073
0.0109801
0
0
0
0
0
0
0.0251203
0.0163088
0
0
0
0
0
0
0
0
0
1.02481e-06
0
0.000368162
0.0015689
0.000500758
4.07551e-06
4.97726e-06
6.53471e-06
1.41427e-07
6.4471e-05
0.000110345
5.56758e-05
1.03937e-05
5.19625e-07
1.28067e-08
9.81689e-10
0
0
0
0
0
0
0
0
0
0
0
0
0
0
0
0
0
0
0
0
0
0
0
0
0
0
0
0
0
0
0
0
0
0
0
0
0
0
0
0
0
0
0
0
0
0
0
0
0
0
0
0
0
0
0
0
0
0
0
0
0
0
0
0
0
0
0
0
0
0
0
0
0
0
0
9.3011e-08
4.96552e-08
0
0
0
0
0
5.97897e-08
3.19195e-08
0
0
0
0
0
1.75709e-07
2.86699e-08
0
0
0
0
0
3.72541e-12
0
0
0
0
0
0
0
0
0
0
0
0
0
0
0
0.00251612
0.0572317
0.0222063
0.0111379
0.00234476
0
0
0.0915347
0.297179
0.153309
0.0474471
0.0247635
6.52768e-06
0
0.157801
0.319003
0.198519
0.102595
0.0317727
0.00033931
0
0.0266376
0.0375679
0.0281174
0.022726
0.00529274
1.63683e-05
0
0
2.77246e-06
5.84174e-05
0.000132865
3.0648e-05
4.12597e-08
0
0
0
0
0
0
0
0
0
0
0
0
0
0
0
0
0
0
0
0
0
0
0
0
0
0
0
0
0
0
0
0
0
0
0
0
0
0
0
0
0
0
0
0
0
0
0
0
0
0
0
0
0
0
0
0
0
0
0
0
0
0
0
0
0
0
0
0
0
0
0
0
0
0
0
0
0
0
0
0
0
0
0
0
0
0
0
0
0
0
0
0
0
0
0
0
0
0
0
0
0
0
0
0
0
0
0
0
0
0
0
0
0
0.0139267
0.00977154
0.0250639
0.00124533
0.000273349
0
0
0.0126842
0.0428274
0.0401454
0.0159258
0.00274482
0
0
0.0306932
0.0535261
0.0347436
0.0170367
0.00285136
4.14465e-05
0
0.00349382
0.00535583
0.00381732
0.00194041
0.000309925
0
6.07681e-09
2.86751e-05
5.07339e-05
3.31861e-05
1.20683e-05
8.48457e-07
0
0
0
0
0
0
0
0
0
0
0
0
0
0
0
0
0.00583648
0.00610747
0.000317924
0
0
6.90743e-06
0
0
0
0
0
0
1.31527e-06
1.42056e-07
0.0130813
0.015526
0.0062164
0.00138962
2.32837e-05
8.9869e-08
3.8571e-08
0.00610419
0.00843547
0.00344436
0.000666162
2.46375e-05
0
0
0.000227481
0.000275358
0.000101444
1.32299e-05
2.81182e-07
0
0
0
0
0
0
0
0
0
0
0
0
0
0
0
0
0
0
0
0
0.000983372
0.000526733
2.34922e-06
0
0
0
0
8.79121e-05
3.9814e-05
1.20705e-06
0
0
0
0
0
5.64764e-09
2.37333e-09
0.00022463
0.000332998
4.16099e-05
0
0
0
0
0
3.23283e-06
2.02983e-06
0
0
0
0
0
0
0
0
0
0
0
0
0
0
0
0
0
0
0
0
0
0
0
4.87155e-07
2.9962e-07
0
0
0
0
0
0
0
0
0
0
0
0
0
0
0.00100579
0.000620672
0
0
3.33633e-07
5.63991e-08
0
0.00022302
0.000143484
8.71241e-07
0
2.34222e-07
4.61962e-08
0
0
0
0
0
0
0
0
0
0
0
0
0
0
0
0.0025591
0.000585433
0
0.000135527
0.000687847
4.33625e-05
0
0
0
0
0
0
4.78096e-07
2.56007e-07
0
0
0
0
0
9.49797e-07
4.25082e-07
0
0
0
0
0
1.29718e-07
4.51795e-08
0
0
0
0
0
0
0
0
0
0
0
0
0
0
0
0
0
0
0
0
0
0
0
0
0
6.12636e-05
1.08481e-05
0
0
0
0
0
0.00021804
4.18901e-05
0
0.000676188
0.00315668
0.000640186
0
0.000227094
4.74224e-05
0
0.000688272
0.00281222
0.00045511
6.49831e-06
2.52361e-05
4.92541e-07
0
4.97524e-05
9.74077e-06
0
4.38326e-06
2.59831e-06
3.72818e-08
0
0
0
0
0
0
0
0
0
0
0
0
0
0
0
0.00953383
0.00188698
0
0
0
6.1396e-05
3.19055e-06
0
0.0157692
0.00431526
0
0
1.96991e-05
4.02078e-06
0.00572023
0.0210086
0.0164548
0.00275802
0.000271129
4.30488e-05
2.56502e-06
0.00517594
0.0119084
0.00761148
0.00206527
0.000302327
2.03739e-05
4.46481e-07
0.000107383
0.000260743
0.00018376
3.55773e-05
1.99162e-06
1.11592e-07
2.74264e-09
0
0
0
0
0
0
0
0
0
0
0
0
0
0
0
0
0
0
0
0
0
0
0
0
0
0
0
0
0
0
0
0
0
0
0
0
0
0
0
0
0
0
0
0
0
0
0
0
0
0
0
0
0
0
0
0
0
0
0
0
0
0
0
0
0
0
0
0
0
0
0
0
0
0
0
0
0
0
0
0
0
0
0
0
0
0
0
0
0
0
0
0
0
0
0
0
0
0
0
0
0
0
0
0
0
0
0
0
0
0
0
0
0
0
0
0
0
0
0
0
0
0
0
0
0
0
0
0
0
3.68247e-05
0
0
0
0
0
0
0
0
0
0
0
0
0
0
0
0
0
0
0
0
0
0
0
0
0
0
0
0
0
0
0
0.0111979
0.0628022
0.00937816
0
0
3.95254e-06
8.13945e-07
0.00208044
0.0239725
0.00349989
0
0
0
0
0.00279522
0.00980317
0.00851598
0.000217074
0
0
0
0.00372174
0.00792818
0.00419223
0.00073627
2.82749e-05
0
0
6.38055e-05
0.000248807
0.000161369
2.32107e-05
1.72688e-07
3.17924e-10
0
0
0
0
0
0
0
0
0
0
0
0
0
0
0
0
0
0
0
0
0
0
0
0
0
0
0
0
0
0
0
0
0
0
0
0
0
0
0
0
0
0
0
0
0
0
0
0
0
0
0
0
0
0
0
0
0
0
0
0
0
0
0
0
0
0
0
0
0
0
0
0
0
0
0
0
0
0
0
0
0
0
0
0
0
0
0
0
0
0
0
0
0
0
0
0
0
0
0
0
0
0
0
0
0
0
0
0
0
0
0
0
0
0.00221791
0.00428757
0.015975
0.00182509
8.23777e-05
2.22359e-05
0
0
0
0.00485066
0.000438025
0
2.11967e-06
3.86088e-08
0
0
0
0
0
3.01422e-07
3.1336e-08
0
0
0
0
0
3.01524e-08
1.91063e-08
4.48886e-06
9.94223e-07
0
0
0
1.19578e-09
5.20776e-10
0
0
0
0
0
0
0
0
0
0
0
0
0
0
0
0
0
0
0
0
0
0
0
0
0
0
0
0
0
0
0
0
0
0
0
0
0
0
0
0
0
0
0
0
0
0
0
0
0
0
0
0
0
0
0
0
0
0
0
0
0
0
0
0
0
0
0
0
0
0
0
0
0
0
0
0
0
0
0
0
0
0
0
0
0
0
0
0
0
0
0
0
0
0
0
0
0
0
0
0
0
0
0
0
0
0
0
0
0
0
0
0
0
0
0
0
0
0
0
0
0
0
0
0
0
0
0
0
0
0
0
0
0
0
0
0
0
0
0
0
0
0
0
0
0
0
0
0
0
0
0
0
0
0
0
0
0
0
0
0
0
0
0
0
0
0
0
0
0
0
0
0
0
0
0
0
0
0
0
0
0
0
0.00111526
0.005069
0.00355435
0.000916835
2.8477e-05
0
0
2.15159e-05
0.000309434
0.00024226
4.24759e-05
0
0
0
0
0
0
0
0
0
0
0
0
0
0
0
0
0
0.0121458
0.00229393
0
0
0
0
0
0
0
0
0
0
0
0
0
0
0
0
0
0
0
0
0
0
0
0
0
0
0
0
0
0
0
0
0
0
0
0
0
0
0
0
0
0
0
0
0
0
0
0
0
0
0
0
0
0
0
0
0
0
0
0
0
0
0
0
0
0
0
0
0
0
0
0
0
0
0
0
0
0
0
0
0
0
0
0
0
0
0
0
0
0
0
0
0
0
0
0
0.0012653
0
0
0
0
0
0
0
0
0
0
0
0
0
0
0
0
0
0
0
0
0
0
0
0
0
0
0
0
0
0
0
0
0
0
0
0
0
0
0
0
0
0
0
0
0
0
0
0
0
0
0
0
0
0
0
0
0
0
0
0
0
0
0
0
0
0
0
0
0
0
0
0
0
0
0
0
0
0
0
0
0
0
0
0
0
0
0
0
0
0
0
0
0
0
0
0
0
0
0
0
0
0
0
0
0
0
0
0
0
0
0
0
0
0
0
0
0
0
0
0
0
0
0
0
0
0
0
0
0
0
0
0
0
0
0
0
0
0
0
0
0
0
0
0
0
0
0
0
0
0
0
0
0
0
0
0
0
0
0
0
0
0
0
0
0
0
0
0
0
0
0
0
0
0
0
0
0
0
0
0
0
0
0
0
0
0
0
0
0
0
0
0
0
0
0
0
0
0
0.000102523
6.25311e-05
1.91247e-05
0
0
0.0134674
0.00871353
0.00644498
0.00524047
0
0
0.0259763
0.069943
0.0504225
0.0255394
0.00870921
8.78422e-05
0
0.00371394
0.0067939
0.00551703
0.0056002
0.00145509
4.01037e-06
0
0
2.89217e-06
1.38838e-05
3.63338e-05
8.38423e-06
7.90353e-10
0
0
0
0
0
0
0
0
0
0
0
0
0
0
0
0
0
0
0
0
0
0
0
0
0
0
0
0
0
0
0
0
0
0
0
0
0
0
0
0
0
0
0
0
0
0
0
0
0
0
0
0
0
0
0
0
0
0
0
0
0
0
0
0
0
0
0
0
0
0
0
0
0
0
0
0
0
0
0
0
0
0
4.66305e-05
1.47935e-05
0
0
0
6.36119e-06
9.4799e-05
0.000195146
1.81592e-05
7.59047e-10
0
0
3.89872e-06
2.9943e-06
1.12777e-07
6.78831e-10
4.54567e-10
0
0
0
0
0
0
0
0
0
0
0
0
0
0
0
0
0
0
0
0
0
0
0
0
0
0
0
0
0
0
0
0
0
0
0
0.00012669
4.83906e-05
0
0
0
0
0
0.000110487
4.70769e-05
0
0
0
0
0
0
0
0
0
0
0
0
0
0
0
0
0
0
0
0
0
0
0
0
0
0
0
0
0
0
0
0
0
0
0
0
0
0
0
0
0
0
0
0
0
0
0
0
0
0
0
0
0
0
0
0
0
0
0
0
0
0
0
0
0
0
0
0
0
0
0
0
0
0
0
0
0
0
0
0
0
0
0
0
0
0
0
0
0
0
0
0
0
0
0
0
0
0
0
0
0
0
0
0
0
0
0
0
0
0
0
0
0
0
0
0
0
0.0386589
0.262632
0.187369
0.014597
0.00153519
5.00565e-07
3.03074e-07
0.0520948
0.348107
0.263793
0.0214135
0.00148751
6.59489e-06
3.25413e-07
0
0.000126474
0.00381231
0.00161887
0.000679047
1.23184e-05
1.9498e-07
0
0
0.000243819
0.000914508
0.000281024
3.22186e-06
1.04849e-08
4.35085e-07
3.79586e-06
5.78232e-06
6.50664e-06
1.63255e-06
0
0
0
0
0
0
0
0
0
0
0
0
0
0
0
0
0
0
0
0
0
0
0
0
0
0
0
0
0
0
0
0
0
0
0
0
0
0
0
0
0
0
0
0
0
0
0
0
0
0
0
0
0
0
0
0
0
0
0
0
0
0
0
0
0
0
0
0
0
0
9.84087e-06
7.3221e-07
0
0
0
0
0
1.25593e-05
1.30522e-06
0.000426079
0.00105048
0.00148576
0.000887978
0.00013801
1.83016e-05
6.87918e-07
1.57194e-05
0.000559743
0.000934853
0.00045883
0.000104343
9.49793e-06
1.06918e-07
0
6.13119e-07
0
0
3.32441e-07
3.63342e-08
0
0
0
0
0
0
0
0
0
0
0
0
0
0
0
0.330938
1.3801
0.652484
0.0638054
0.00176404
0
0
0.100035
0.462108
0.181447
0.0196828
0.00802607
0.000167659
0
0
0.00338647
0.00590703
0.00654225
0.00984984
0.000783852
1.26707e-06
0
0.00096208
0.00131825
0.00197568
0.00214515
0.000237419
5.82847e-07
1.86342e-05
1.96309e-05
5.28179e-06
2.76804e-05
2.23159e-05
2.05925e-06
2.06474e-08
0
0
0
0
0
0
0
0
0
0
0
0
0
0
0
0
0
0
0
0
0
0
0
0
0
0
0
0
0
0
0
0
0
0
0
0
0
0
0
0
0
0
0
0
0
0
0
0
0
0
0
0
0
0
0
0
0
0
0
0
0
0
0
0
0
0
0
0
0
0
0
0
0
0
0
0
0
0
0
0
0
0
0
0
0
0
0
0
0
0
0
0
0
0
0
0
0
0
0
0
0
0
0
0
0
0
0
0
0
0
0
0
0
0
0
0
0
0
0
0
0
0
0
0
0
0
0
0
0
0
0
6.49835e-06
1.6662e-07
9.15753e-05
0
0
3.94913e-06
1.50719e-05
8.79903e-06
1.79309e-07
8.33899e-06
0
3.41397e-06
4.13702e-06
1.61812e-06
9.46385e-08
2.78048e-09
0
0
0
0
0
0
0
0
0
0
0
0
0
0
0
0
0
0
4.04467e-05
3.23484e-05
0
0
0
0
0.000737149
1.71801e-05
9.70547e-06
0
0
0
0
0
0
6.1459e-07
4.73601e-07
0
0
0
0
0
5.66304e-08
3.81796e-08
7.40984e-05
0.000122157
3.66078e-05
0
0
0
0
0
0
0
0
0
0
0
0
0
0
0
0
0
0
0.0178261
0.0176839
0.00432499
0.00998722
0.000128147
4.28447e-06
3.2296e-06
0.0579233
0.0983943
0.024602
0.0167432
0.000756139
1.0317e-06
7.49702e-07
0.0185779
0.0214599
0.000873606
0.000608776
3.97932e-05
0
0
0.00293807
0.00622068
0.00379139
0.000951828
0
0
0
0.00019338
0.000454138
0.000305949
5.1299e-05
2.33036e-08
0
0
0
0
0
0
0
0
0
0
0
0
0
0
0
0
0
0
0
0
0
0
0
0
0
0
0
0
0
0
0
0
0
0
0
0
0
0
0
0
0
0
0
0
0
0
0
0
0
0
0
0
0
0
0
0
0
0
0
0
0
0
0
0
0
0
0
0
0
0
0
0
0
0
0
0
0
0
0
0
0
0
0
0
0
0
0
0
0
0
0
0
0
0
0
0
0
0
0
0
0
0
0
0
0
0
0
0
0
0
0
0
0
0
0
0
0
0
0
0
0
0
0
0
0
0
0
0
0
0
0
0
0
0
0
0
0
0
0
0
0
0
0
0
0
0
0
0
0
0
0
0
0
0
0
0
0
0
0
0
0
0
0
0.000888673
0
0
0.000863978
0.0010928
2.01197e-06
1.11342e-06
0.00318051
0
0.00452466
0.010287
0.0105761
0.000704682
6.79188e-07
0.0347236
0.0764254
0.0584736
0.03228
0.0135432
0.00090221
1.94433e-06
0.00525041
0.0110063
0.00996986
0.00743501
0.00277061
0.000183495
5.61429e-07
0
5.15655e-06
2.2491e-06
3.77393e-05
2.50893e-05
1.65675e-06
1.41531e-08
0
0
0
0
0
0
0
0
0
0
0
0
0
0
0.014106
0.0520357
0.00251977
0.00114814
0.000298496
0
5.6725e-07
0.0128794
0
0.0152256
0.00956978
0.000853064
3.39203e-06
3.26199e-07
0
0
0
0
0
0
0
0
0
0
0
0
0
0
0
0
0
0
0
0
0
0
0
0
0
0
0
0
0
0
0
0
0
0
0
0.0256122
0.0940872
0.11091
0.0213384
0.00176926
0
0
0.0147884
0.148842
0.120246
0.00401971
9.17789e-05
0
0
0
0
0
0
0
0
0
0
0
0
0
0
0
0
0
0
0
0
0
0
0
0
0
0
0
0
0
0
0
0
0
0
0
0
0
0
0
0
0
0
0
0
0
0
0
0
0
0
0
0
0
0
0
0
0
0
0
0
0
0
0
0
0
0
0
0
1.65067e-06
7.56217e-07
9.55922e-09
0
0
0
0
0
0
0
0
0
0
0
0
0
0
0
0.0268016
0.0787783
0.0579813
0.011871
0.000254861
0
0
0.0258858
0.138113
0.0615374
0.00200231
0
0
0
0.0170081
0.0371877
0.0119099
0.000882169
0
0
0
0.000290769
0.000295744
0.000304006
0.000367238
3.58653e-06
0
0
0
0
0
9.7576e-07
6.73584e-08
0
0
0
0
0
0
0
0
0
0
0
0
0
0
0
0
0
0
0
0
0
0
0
0
0
0
0
0
0
0
0
0
0
0
0
0
0
0
0
0
0
0
0
0
0
0
0
0
0
0
0
0
0
0
0
0
0
0
0
0
0
0
0
0
0
0.0225705
0.0064513
0
0
0
0.000121395
3.34025e-06
0
0
0
0
0
3.4235e-05
2.94351e-06
0
0
0
0
0
5.42639e-06
1.12637e-06
0.00115922
0.00256049
0.00110104
1.92926e-05
0
1.40076e-07
7.80376e-08
0.000147005
0.000238483
0.000101897
5.21179e-06
0
0
0
0
0
0
0
0
0
0
0
0
0
0
0
0
0
0
0
0
0
0
0
0
0
0
0
0
0
0
0
0.013883
0.025834
0.0133705
0.00757182
0.0011607
0
0
0.00438499
0.00299047
0.00287403
0.00281124
0.000228367
0
0
0
0
0
2.72454e-06
1.23803e-07
0
0
0
0
0
0
0
0
0
0
0
0
0
0
0
0
0
0
0
0
0
0
0
0
0
0
0
0.000196253
6.48628e-05
4.97156e-07
0.0107655
0.0167299
0.0122133
0.00951992
0.00341858
0.000240856
1.14799e-06
0.00161215
0.00302685
0.00338207
0.00266002
0.000973758
7.28127e-05
3.2888e-07
2.09811e-05
1.88632e-05
2.881e-06
1.5994e-05
1.06975e-05
7.50905e-07
3.39128e-09
0
0
0
0
0
0
0
0
0
0
0
0
0
0
0.000513496
0
0
7.97965e-05
5.01711e-05
9.98644e-07
0
0
0
0
0
0.000128285
3.93279e-06
0
0
0
0
0
7.10438e-06
1.61693e-06
0
0
0
0
0
0
0
0
0
0
0
0
0
0
0
0
0
0
0
0
0
0
0
0
0
0
0
0
0
0.00337012
0
0
0.000501839
0.000194932
0.00010463
0
0.00387461
0.000348507
0
0.00164684
0.000229303
0
0
0.00454862
0.00674438
0.00185034
0.00157931
0.000287175
5.17578e-06
0
0.00117748
0.00359421
0.000939392
0.000347095
0.000331793
8.60116e-06
0
0
0
0
4.34072e-06
5.47353e-06
8.23866e-08
0
0
0
0
0
0
0
0
0
0
0
0
0
0
0
0
0
0
0
0
0
0
0
0
0
0
0
0
0
0
0
0
0
0
0
0
0
0
0
0
0
0
0
0
0
0
0
0
0
0
0
0
0
0
0
0
0
0
0
0
0
0
0
0
0
0
0.00023967
0.00115471
0.00167047
0.000102679
0
0
0
0
0
0
0
0
0
0
0
0
0
0
0
0
0
0
0
0
0
0
0
0
0
0
0
0
0
0
0
0
0
0
0
0
0
0
0
0
0
0
0
0
0
0
0
0
0
0
0
0
0
0
0
0
0
0
0
0
0
0
0
0
0
0
0
0
0
0
0
0
0
0
0
0
0
0
0
0
0
0
0
0
0
0
0
0
0
0
0
0
0
0
0
0
0
0
0
0
0
0
0
0
0
0
0
0
0
0
0
0
1.18171e-07
0
0
0
0.000261114
8.13708e-05
4.67011e-06
6.10406e-08
0
1.45735e-06
0
0
1.39487e-06
3.069e-08
9.02981e-11
0
0
0
0
0
0
0
0
0
0
0
0
0
0
0
0
0
0
0
0
0
0
0
0
0
0
0
0
0
0
0
0
0
0
0
0
0
0
0
0
0
0
0
0
0
0
0
0
0
0
0
0
0
0
0
0
0
0
0
0
0
0
0
0
0
0
0
0
0
0
0
0
0
0
0
0
0
0
0
0
0
0
0
0
0
0
0
0
0
0
0
0
0
0
0
0
0
0
0
0
0
0
0
0
0
0
0
0
0
0
0
0
0.00180431
0.0114594
0.00769017
0.00333967
0.00133167
0.000243651
1.20735e-06
0.00071029
0.0110105
0.00454948
0.000989632
0.000825552
0.000231882
9.60069e-07
0.0113841
0.018629
0.0095291
0.0015264
0.000395295
0.000109393
5.76056e-07
0.00722679
0.0124781
0.00555646
0.000496586
4.78183e-05
5.18587e-06
6.5607e-08
1.39749e-05
0.00013959
0.00012404
4.14195e-06
6.01812e-07
6.27093e-09
6.28622e-10
0
0
0
0
0
0
0
0
0
0
0
0
0
0
0
0
0
0
0
1.69659e-05
0
0
0
0
0
0
0
0
0
0
0.000236272
0.000160577
1.92184e-05
1.27184e-06
0
0
0
0.000120368
0.000100448
9.7735e-06
1.02149e-06
0
0
0
0
0
0
0
0
0
0
0
0
0
0
0
0
0
0
0
0
0
0
0
0
0
0
0
0
0
0
0
0
0
0
0
0
0
0
0
0
0
0
0
0
0
0
0
0
0
0
0
0
0
0
0
0
0
0
0
0
0
0
0
0
0
0
0
0
0
0
0
0
0
0
0
0
0
0
0
0
0
0
0.000107428
5.22004e-05
0
0
0
0
0.000283968
0.00103533
0.000153523
1.1608e-07
0
0
0
0.000171528
0.000391646
4.47646e-05
1.63777e-07
0
0
1.26178e-07
8.50371e-07
1.97464e-06
1.74455e-07
2.85293e-09
0
0
0
0
0
0
0
0
0
0
0
0
0
0
0
0
0
0
0
0
0
0
0
0
0
0
0
0
0
0
0
0
0
0
0
0
0
0
0
0
0
0
0
0
0
0
0
0
0
0
0
0
0
0
0
0
0
0
0
0
0
0
0
0
0
0
0
0
0
0
0
0
0
0
0
0
0
0
0
0
0.000475499
0.000688996
0
0
0
0
0
0
0
0
0
0
0
0
0
0
0
0
0
0
0
0
0
0
0
0
0
0
0
0
0
0
0
0
0
0
0
0
0
0
0
0
0
0
0
0
0
0
0
0
0
0
0
0
0
0
0
0
0
0
0
0
0
0
0
0
0
0
0
0
0
0
0
0
0
0
0
0
0
0
0
0
0
0
0
0
0
0
0
0
0
0
0
0
0
0
0
0
0
0
0
0
0
0
0
0
0
0
0
0
0
0
0
0
0
0
0
0
0
0
0
0
0
0
0
0
0
0
0
0
0.102347
0.542713
0.275375
0.0384228
0.00470823
0.000295216
6.34914e-08
0.0759604
0.349467
0.131958
0.0170207
0.00358431
0.000241144
5.7391e-07
0.0117594
0.0287856
0.020008
0.00610144
0.00132921
8.01381e-05
3.52669e-07
0.00344905
0.0078008
0.00554706
0.00141908
0.000186846
1.05247e-05
5.36394e-08
8.04537e-05
0.000161924
0.000115619
2.75955e-05
2.04142e-06
1.24607e-07
9.64214e-10
0
0
0
0
0
0
0
0
0
0
0
0
0
0
0.00551519
0.202493
0.106016
5.87596e-05
2.06507e-05
4.0839e-07
2.44567e-07
0.0216672
0.179869
0.0602266
0
0
3.37175e-06
1.77275e-06
0.00494952
0.00861334
0.00389729
0.00106091
0.000258532
1.04697e-06
3.88271e-07
0.00340164
0.00547287
0.00234426
0.00123971
0.000360954
4.15004e-06
0
1.2893e-06
3.88021e-06
2.30201e-06
1.37836e-05
2.7557e-06
0
0
0
0
0
0
0
0
0
0
0
0
0
0
0
0
0
0
0
0
0
0
0
0
0
0
0
0
0
0
0
0
0
0
0
0
0
0
0
0
0
0
0
0
0
0
0
0
0
0
0
0
0
0
0
0
0
0
0
0
0
0
0
0
0
0
0
0
0
0
0
0
0
0
0
0
0
0
0
0
0
0
0
0
0
0
0
0
0
0
0
0
0
0
0
0
0
0
0
0
0
0
0
0
0
0
0
0
0
0
0
0
0
0
0
0
0
0
0
0
0
0
0
0
0
0
0
0
0
0
0
0
0
0
0
0
0
0
0
0
0
0
0
0
0
0
0
0
0
0
0
0
0
0
0
0
0
0
0
0
0
0
0
0.0431612
0.0854189
0.0197662
0.000228266
0
0
0
0.0032583
0.00278933
0.00112005
0
0
0
0
0.00364123
0.00193112
0.000293427
7.00538e-05
0.000116207
0
0
0.00361686
0.00149388
0.000169987
4.68929e-05
8.17429e-05
9.02865e-07
0
0.000215073
0.000140699
9.42389e-06
1.64784e-06
1.76319e-06
3.6985e-08
0
0
0
0
0
0
0
0
0
0
0
0
0
0
0
0
0
0
0
0
0
0
0
0
0
0
0
0
0
0
0
0
0
0
0
0
0
0
0
0
0
0
0
0
0
0
0
0
0
0
0
0
0
0
0
0
0
0
0
0
0
0
0
0
0
0
0
0
0
0
0
0
0
0
0
0
0
0
0
0
0
0
0
0
0
0
0
0
0
0
0
1.87117e-08
0
0
0
0
0
2.47574e-08
2.4803e-10
0
0
0
0
0
0
0
0
0
0
0
0
0
0
0
0
0
0
0
0
0
0
0
0
0
0
0
0
0
0
0
0
0
0
0
0.00308886
0.00409978
0.000808229
0
0
0
0
0.00014315
0.000357536
0.000178381
0
0
0
0
0
0
0
0
0
0
0
0
0
0
0
0
0
0
0
0.27995
0.0590645
0
0
0
0
0
0.188798
0.0505087
0
0
0
0
0.0186335
0.0103355
0.00924782
0.00746323
0
0
0
0.00322512
0.000524627
0.00377302
0.00559091
0.000107818
0
0
9.34298e-05
0.000228657
0.000179729
6.67173e-05
4.50599e-06
0
0
0
0
0
0
0
0
0
0
0
0
0
0
0
0
0.0750395
0.124283
0.0957419
0.0242617
0.00447965
0.000527109
8.4641e-08
0.0373221
0.177172
0.170284
0.0261103
0.00461372
0.0005043
5.98024e-07
0
0.0145232
0.0130645
0
0.000299411
0.000105966
1.51696e-08
0
0
0
0
6.47499e-06
1.37106e-05
3.3556e-09
3.09396e-05
0
8.78863e-07
9.25071e-07
3.04919e-06
6.26496e-07
2.97494e-09
0
0
0
0
0
0
0
0
0
0
0
0
0
0
0
0
0
0
0.000302549
6.85901e-05
1.06129e-06
0
0
0
0
4.46542e-05
3.52691e-05
1.94654e-06
0
0
0
0
0
7.16351e-06
2.12252e-07
0
0
0
0
0
0
0
0
0
0
0
0
0
0
0
0
0
0
0
0
0
0
0
0
0
0
0
0
0
0
0
0
0
0
0
0
0
0
0
0
0
0
0
0
0
0
0
0
0
8.07907e-05
0
0
0
0
0
0
0
0
0
0
0
0
0
0
0
0
0
0
0
0
0
0
0
0
0
0
0
0.0256781
0.211071
0.094807
0.00435465
0.00122207
3.30496e-07
0
0.0327343
0.100746
0.0315308
0.00789231
0.00510692
0.000233461
1.64899e-07
0.0100108
0.0165947
0.0108085
0.00659264
0.00347401
0.00022811
4.89806e-07
0.000119388
0.000939169
0.000839565
0.000667514
0.00047759
4.08402e-05
1.73621e-07
0
0
0
1.59105e-06
3.36845e-06
3.09749e-07
2.74942e-09
0
0
0
0
0
0
0
0
0
0
0
0
0
0
0
0
0
0
0
0
0
0
0
0
0
0
0
0
0.0011117
0.00543619
0.00125278
0
6.57647e-05
8.46707e-06
0
0.000909038
0.00465723
0.00105961
3.78081e-05
0.000148921
1.33223e-05
1.37765e-09
0
0
0
4.09949e-06
6.83043e-06
4.22024e-07
1.1414e-09
0
0
0
0
0
0
0
0
0
0
0
0
0
0
0
0
0
0
0
3.01532e-05
7.9685e-07
0
0
0
0
1.2909e-05
2.13537e-05
6.39865e-07
0.010608
0.0223921
0.0118932
0.00313268
0.000568623
4.01634e-05
2.26021e-07
0.0100837
0.0176776
0.00825535
0.00157297
0.00015827
5.80553e-06
2.83023e-08
4.25706e-05
0.000261502
0.000192565
2.76239e-05
2.03099e-07
0
0
0
0
0
0
0
0
0
0
0
0
0
0
0
0
0
0
0
0
0
0
0
0
0
0
7.25412e-05
0
0
0
0
0
0
0
0
0
0
0
0
0
0
0
1.41406e-06
4.33799e-08
0
0
0
0
0
1.12607e-07
1.51383e-09
0
0
0
0
0
0
0
0
0
0
0
0
0
0
0
0
0
0
0
0
0
0
0
0
0
0
0
0
0
0
0
0
0
0
0
0
0
0
0
0
0
0
0
0
0
0
0
0
0
0
0
0
0
0
0
0
0
0
0
0
0
0
0
0
0
0
0
0
0.000116255
4.39125e-07
0
0
0
0
0
6.58427e-06
0
0
0
0
0.000255113
0.000127289
0
0
0
0
0
0.000317911
0.000227612
0
0
0
0
0
8.41309e-06
6.96803e-06
0
0
0
0
0
0
0
0
0
0
0
0
0
0
0
0
0.049255
0.24973
0.0784839
0.00455574
0.00022915
0
9.53275e-07
0
0
0
0
0.000596466
0
0
0
0
0
0
0
0
0
0
0
0
0
0
0
0
0
0
0
0
0
0
0
0
0
0
0
0
0
0
0
0
0
0
0
0
0
0.00552399
0.000441411
0
0
0
3.10056e-05
2.82324e-08
0
0
0
0
2.77852e-05
2.84719e-05
4.56381e-07
0
0
0
0
0.000121928
4.93093e-05
2.46254e-07
0.000926793
0.00229224
0.000554762
0
7.08837e-06
6.08892e-06
4.94103e-08
6.83658e-05
0.000128001
4.65807e-05
0
0
3.82154e-10
1.66817e-10
0
0
0
0
0
0
0
0
0
0
0
0
0
0
0
0
0
0.00156848
0
0
0
0
0.0010814
0
0
0
0
0
0
0
0
0
0
0
0
5.22444e-06
4.41535e-06
0
0
0
0
0
0
0
0
0
0
0
0
0
0
0
0
0
0
0
0
0
0
0
0
0
0
0
0
0
0
0
0
0
0
0
0
0
0
0
0
0
0
0
0
0
0
0
0
0
0
0
0
0
0
0
0
0
0
0
0
0
0
0
0
0
0
0
0
0
0
0
0
0
0
0
0
0
0
0
0
0.000215395
1.44639e-05
0
0
0
0
0
1.73607e-06
1.11758e-06
0.00994559
0.0116656
0.00108427
0.000310442
0.000260633
0
0
0.00919737
0.00920114
0.000784884
6.8027e-05
4.40796e-05
0
0
2.22884e-05
1.43479e-05
6.58823e-07
3.8201e-06
2.09569e-06
0
0
0
0
0
0
0
0
0
0
0
0
0
0
0
0
0
0
0
0
0
0
0
0
0
0
0
0
0
0
0
0
0
0
0
1.21753e-06
8.39676e-07
0
0
0
0
0
8.2958e-07
5.40686e-07
0
0
0
0
0
0
0
0
0
0
0
0
0
0
0
0
0
0
0
0
0
0
0
0
0
0
0
0
0
0
0
0
0
0
0
0.0164224
0.069185
0.047936
0.020554
0.0079191
0.000150018
0
0.00395866
0.0131902
0.00989623
0.00700626
0.00212448
1.78329e-05
0
6.89275e-05
0.000231102
0.000181256
7.07584e-05
1.05643e-05
0
0
0
0
0
0
0
0
0
0
0
0
0
0
0
0
0
0
0
0
0
0
0
0
0
0
0
0
0
0
0.00525278
0.00556582
0.00107458
0.000743378
0.000456416
7.83642e-06
0
0.00233899
0.00311896
0.000812439
0.00046797
0.000465863
1.56919e-05
4.56634e-10
0
0
0
8.68695e-06
1.29101e-05
4.89035e-07
4.49434e-10
0
0
0
0
0
0
0
0
0
0
0
0
0
0
0
0.111621
0
0
0
1.77695e-05
0
0
0.0917806
0
0
0
1.72177e-05
0
0.00279369
0.00357782
0.00325211
0.00236592
0.000645278
3.9125e-05
2.77962e-08
0.00150463
0.00296657
0.0022384
0.00104331
0.000316233
2.58184e-05
1.6178e-07
0
0
0
0
1.89793e-06
1.93674e-07
9.90062e-10
0
0
0
0
0
0
0
0
0
0
0
0
0
0
0
0
0
0
0
1.70174e-06
5.61955e-09
0
0
0
0
0
3.24851e-08
1.71665e-09
0
0
0
0
0
0
0
0
0
0
0
6.13835e-09
0
0
1.11204e-07
2.64212e-08
1.10013e-08
5.13044e-10
0
0
0
0
0
0
0
0
0
0
0
0
0
0
0
0
0
0
0
0
0
6.62308e-07
2.23924e-06
0
0
0
0
0
0
1.01844e-06
1.29589e-08
0
0
0
0
0
1.62637e-08
1.05193e-08
0.000264145
0.00141678
0.000736649
0
0
0
0
5.19149e-06
7.14176e-05
5.85384e-05
4.5026e-07
0
0
0
0
0
0
0
0
0
0
0
0
0
0
0
0
0
0
0
0
0
0
0
0
0
0
0
0
0
0
0
0
0
0
0
0
0
0
0
0
0
0
0
0
0
0
0
0
0
0
0
0
0
0
0
0
0
0
0
0
0
0
0
0
0
0
0
0
0
0
0
0
0
0
0
0
0
0
0
0
0.0234688
0.0202096
0.013055
0.00969102
0.00101064
1.12325e-05
8.29305e-09
0.00449123
0.00190781
0.00386233
0.00474607
0.00074101
1.2075e-05
3.1863e-08
8.79048e-05
2.64547e-05
1.06692e-05
3.75985e-05
9.76818e-06
1.2118e-07
0
0
0
0
0
0
0
0
0
0
0
0
0
0
0
0.0890336
0.108684
0.0960063
0.0201241
0
0
0
0.0364505
0.031043
0.0370324
0.0044506
0
0
0
0.00116085
0
0
0
0
0
0
0
0
0
0
0
0
0
0
0
1.91357e-08
9.69692e-09
0
0
0
0
0
0
0
0
0
0
0
0
0
0
0
0
0
0.0395957
0.16802
0.0482082
0.00441169
0
4.21033e-05
6.87061e-07
0.0811304
0.137473
0.0425924
0
0
2.36278e-07
5.60909e-08
0.0180117
0.0302595
0.0130418
0.00336452
0.00123667
4.47326e-05
0
0.00170167
0.00371845
0.00335163
0.0019869
0.000396439
1.98991e-06
0
6.75395e-05
4.68646e-05
2.17101e-05
1.59053e-05
5.09774e-06
1.78076e-07
0
0
0
0
0
0
0
0
0
0
0
0
0
0
0
0
0
0
0
0
0
0
0
0
0
0
0
0
0
0
0
0
0
0
0
0
0
0
0
0
0
0
0
0
0
0
0
0
0
0
0
0
0
0
0
0
0
0
0
0
0
0
0
0
0
0
0
0
0
1.32372e-06
0
0
0
0
0
0
0
0
0
0
0
0
0
0
0
0
0
0
0
0
1.02151e-06
0
0
0
0
0
6.91412e-07
2.72096e-10
0
0
0
0
0
0
0
0
0
0
0
0
0
0
0
0
0
0
0
0
0
0
0
0
0
0
0
0
0
0
0
0
0
0
0
0
0
0
0
0
0
0
0
0
0
0
0
0
0
0
0
0
0
0
0
0
0
0
0
0
0
0
0
0
0
0
0
0
0
0
0
0
0
0
0
0
0
0
0
0
0
0
0
0
0
0
0
0
0
0
0
0
0
0
0
4.83727e-08
0
0
0
0
0
0
0
0
0
0
0
0
0
0
0
0
0
0
0
0
0
0
1.1806e-05
0
0
0
0
0
0
0
0
0
0
0
0
9.77488e-05
3.60905e-05
3.24602e-08
0.000511447
0.000297416
0
0
1.70265e-06
4.07184e-06
8.25775e-08
7.03671e-05
4.48705e-05
5.83218e-06
2.20047e-06
5.44123e-07
2.15001e-07
0
0
0
0
0
0
0
0
0
0
0
0
0
0
0
0
0
0
0
0
0
0
0
0
0
0
0
2.17954e-07
8.92356e-08
0
0
0
0
0
6.39714e-07
3.33893e-07
0
0
0
0
0
1.84645e-07
9.38934e-08
4.63429e-05
3.79853e-05
4.1581e-06
1.06995e-06
0
0
0
0
0
0
0
0
0
0
0
0
0
0
0
0
0
0
0.0963946
0
0.00133292
0
0
0
0.0262142
0.124262
0.00151311
0.00223326
0
0
0
0
0
0
0
0
0
0
0
0
0
0
0
0
0
0
0
0
0
0
0
0
0
0
0
0
0
0
0
0
0
0
0
0
0
0
0
0
0
0
0
0
0
0
0
0
0
0
0
0
0
0
0
0
0
0
0
0
0
0
0
0
0
0
0
0
0
1.6388e-06
0
0
0
0
0
0
0
0
0
0
0
0
0
0
0
0
0
0
0
0
0
0
0
0
0
0
0
0
0
0
0
0.019166
0.0117864
0.0137421
0.00900505
5.21296e-05
0
0
0.00130928
0.00019086
0.00180169
0.00162614
2.32247e-05
0
0
0
0
0
0
0
0
0
0
0
0
0
0
0
0
0
0
0
0
0
0
0
0
0
0
0
0
0
0
0
0
0
0
0
0
0
0
0
0
0
0
0
0
0
0
0
0
0
0
0
0
0
0
0
0
0
0
0
0
0
0
0
0
0
0
0
0
0
0
0
0
0
0.00793783
0.00282397
0.000446234
0
0
0
0
0
0
0
0
0
0
0
0
0
0
0
0
0
0.000649079
0.000781276
2.14622e-05
0
0
0
0
6.42222e-05
0.000107854
1.86675e-05
0
0
0
0
0
0
0
0
0
0
0
0
0
0
0
0
0
0
0.00318901
0.00110543
0.00848956
0.00851853
0
2.62116e-06
1.42431e-06
0.000174265
0
0.00841312
0.00469156
0
2.57795e-07
2.90819e-07
0.00053652
0.000969751
0.000170297
0.000122695
0.000162202
2.34601e-06
0
0.000129792
0.00024456
0.000138804
0.000236513
0.000145385
3.89479e-06
0
5.65712e-06
7.17871e-06
8.76993e-06
7.13471e-06
2.55235e-06
7.26037e-08
0
0
0
0
0
0
0
0
0
0
0
0
0
0
0
0
0
0
0
0
0
0
0
0
0
0
0
0
0
0
0
0
0
0
0
0
0
0
0
0
0
0
0
0
0
0
0
0
0
0
0
0
0
0
0
0
0
0
0
0
0
0
0
0
