5.6168e+30
4.72615e+30
4.92578e+30
5.04348e+30
4.56755e+30
5.93821e+30
5.28677e+30
4.38391e+30
4.90848e+30
5.69241e+30
4.76313e+30
5.87335e+30
6.32372e+30
5.06615e+30
4.51638e+30
5.43731e+30
6.55322e+30
4.81426e+30
4.98959e+30
4.4267e+30
5.18791e+30
5.0551e+30
5.86258e+30
5.7486e+30
6.30816e+30
4.7308e+30
5.58108e+30
6.27906e+30
5.80456e+30
6.73735e+30
5.54253e+30
6.72679e+30
4.31281e+30
5.97237e+30
5.04457e+30
4.60866e+30
4.70318e+30
5.09078e+30
5.18509e+30
5.25643e+30
4.82314e+30
5.36873e+30
5.02634e+30
4.39701e+30
5.19122e+30
4.65965e+30
4.99774e+30
5.77547e+30
5.41145e+30
5.585e+30
5.21489e+30
4.31261e+30
5.53438e+30
5.75977e+30
4.47971e+30
4.91793e+30
4.86331e+30
7.33177e+30
5.34991e+30
5.46714e+30
6.14999e+30
6.94347e+30
6.974e+30
5.98105e+30
4.33885e+30
6.15673e+30
4.68204e+30
5.57106e+30
5.714e+30
4.69976e+30
4.15616e+30
5.40019e+30
4.65682e+30
4.82915e+30
4.22563e+30
4.40846e+30
4.6522e+30
4.88568e+30
4.85413e+30
4.73625e+30
4.8309e+30
5.38106e+30
6.31732e+30
5.51775e+30
5.81677e+30
5.09375e+30
5.43717e+30
5.89428e+30
4.66949e+30
5.1077e+30
5.12281e+30
5.58319e+30
7.08645e+30
4.93544e+30
4.65458e+30
5.26935e+30
5.83462e+30
5.02099e+30
3.81007e+30
5.08553e+30
5.69598e+30
5.86328e+30
4.45165e+30
6.55286e+30
4.91539e+30
4.22616e+30
5.09102e+30
5.18995e+30
4.76378e+30
5.83188e+30
4.17793e+30
4.76965e+30
5.96511e+30
5.34151e+30
5.15303e+30
5.20572e+30
5.08133e+30
5.9743e+30
5.01848e+30
5.31818e+30
4.3618e+30
5.87398e+30
5.13622e+30
6.00651e+30
5.59915e+30
5.00033e+30
4.60641e+30
6.14489e+30
6.58554e+30
4.13265e+30
5.48815e+30
6.60204e+30
6.60233e+30
5.00956e+30
5.27656e+30
5.07465e+30
5.24647e+30
4.28833e+30
5.16239e+30
5.07075e+30
4.84705e+30
5.65848e+30
5.74374e+30
5.56688e+30
5.50102e+30
4.67152e+30
5.97072e+30
4.19845e+30
5.81192e+30
5.97088e+30
4.87742e+30
5.70218e+30
5.17115e+30
4.87822e+30
4.95955e+30
4.97227e+30
4.5771e+30
5.13125e+30
4.6096e+30
5.35126e+30
4.96034e+30
5.42959e+30
4.92569e+30
5.19793e+30
6.04695e+30
6.71326e+30
5.17487e+30
4.98976e+30
4.63151e+30
4.56593e+30
4.57405e+30
4.9809e+30
4.66394e+30
5.13565e+30
4.89482e+30
5.06754e+30
5.8834e+30
5.52279e+30
4.86364e+30
4.92844e+30
4.86832e+30
5.86322e+30
5.5726e+30
4.75976e+30
4.20214e+30
6.20866e+30
4.37893e+30
4.53817e+30
5.17039e+30
6.39451e+30
4.73843e+30
4.81923e+30
5.81432e+30
4.06091e+30
4.54427e+30
5.7606e+30
6.02926e+30
4.6763e+30
6.91865e+30
4.83908e+30
5.99269e+30
6.857e+30
3.7405e+30
5.4712e+30
4.95703e+30
5.59929e+30
5.23612e+30
4.67246e+30
5.77446e+30
6.77431e+30
5.15724e+30
5.54235e+30
5.17773e+30
4.31283e+30
4.78186e+30
5.16163e+30
5.32656e+30
4.93684e+30
4.98107e+30
5.80915e+30
4.85767e+30
5.17996e+30
5.52052e+30
5.05714e+30
5.13452e+30
7.05065e+30
5.30129e+30
4.64403e+30
5.56717e+30
5.16937e+30
5.71468e+30
5.04876e+30
5.27511e+30
5.14122e+30
4.17554e+30
5.23261e+30
4.62242e+30
4.96069e+30
4.71975e+30
4.83864e+30
4.10591e+30
5.63402e+30
5.30197e+30
5.72548e+30
6.33822e+30
5.97717e+30
5.82555e+30
4.91328e+30
5.3875e+30
4.95095e+30
5.756e+30
5.09582e+30
4.38258e+30
5.19019e+30
4.47573e+30
5.52184e+30
6.03937e+30
4.9496e+30
6.32449e+30
5.00499e+30
5.58892e+30
4.08466e+30
5.35044e+30
5.6954e+30
6.30648e+30
6.53899e+30
4.95703e+30
5.257e+30
6.24791e+30
4.2497e+30
5.19886e+30
6.07519e+30
6.20468e+30
5.88612e+30
5.63786e+30
4.88012e+30
5.01282e+30
5.27208e+30
6.03119e+30
4.82328e+30
5.19908e+30
6.0651e+30
4.80423e+30
6.64742e+30
4.52106e+30
4.91454e+30
5.55385e+30
4.7098e+30
6.33549e+30
4.64354e+30
6.30833e+30
5.86736e+30
5.13208e+30
5.08147e+30
5.51555e+30
5.55284e+30
5.07514e+30
5.93127e+30
4.47177e+30
5.12525e+30
5.23323e+30
4.7872e+30
4.21122e+30
5.78239e+30
5.74546e+30
5.27325e+30
4.8118e+30
4.95452e+30
5.78126e+30
6.04419e+30
5.34416e+30
5.75888e+30
4.89089e+30
5.72699e+30
5.60043e+30
4.44584e+30
5.32367e+30
5.38485e+30
4.26639e+30
4.17211e+30
5.01069e+30
5.33395e+30
4.95662e+30
6.51525e+30
5.13238e+30
5.02095e+30
5.18079e+30
5.81928e+30
5.06021e+30
5.07365e+30
5.03115e+30
6.05304e+30
5.30826e+30
5.62807e+30
5.21139e+30
4.76642e+30
6.39665e+30
5.33343e+30
6.063e+30
5.77733e+30
5.04682e+30
4.89568e+30
4.45671e+30
5.85619e+30
4.85044e+30
5.79489e+30
5.59417e+30
5.00074e+30
5.84992e+30
4.62765e+30
4.52211e+30
4.7703e+30
4.95409e+30
5.88331e+30
5.46763e+30
5.08851e+30
4.56034e+30
4.42235e+30
5.58601e+30
4.92598e+30
4.97757e+30
5.03806e+30
4.62139e+30
4.6712e+30
5.33839e+30
6.63549e+30
6.18659e+30
4.94979e+30
5.48333e+30
6.69482e+30
5.42844e+30
5.72183e+30
6.35314e+30
5.10516e+30
4.24847e+30
6.07394e+30
7.09707e+30
4.96276e+30
6.10975e+30
6.11702e+30
5.66356e+30
4.79208e+30
6.10683e+30
5.45526e+30
4.81868e+30
5.82823e+30
5.21853e+30
6.49259e+30
5.34764e+30
5.35992e+30
5.97121e+30
4.87563e+30
4.60634e+30
4.98351e+30
5.27894e+30
5.42725e+30
5.95842e+30
6.12444e+30
5.1772e+30
3.94544e+30
6.90249e+30
4.70764e+30
4.53969e+30
4.60715e+30
5.81962e+30
5.95452e+30
5.81441e+30
4.35092e+30
5.14641e+30
5.33454e+30
4.49212e+30
5.01156e+30
4.96097e+30
6.08649e+30
6.22051e+30
6.19861e+30
5.7446e+30
4.91094e+30
7.21678e+30
4.17108e+30
4.9317e+30
3.84943e+30
6.04199e+30
5.64687e+30
5.35303e+30
5.32469e+30
5.56636e+30
5.19554e+30
4.6303e+30
6.17341e+30
6.52574e+30
6.55995e+30
5.27843e+30
5.89533e+30
7.06227e+30
6.76142e+30
5.299e+30
6.07474e+30
6.98476e+30
5.49275e+30
5.88885e+30
5.34191e+30
5.29092e+30
5.3136e+30
5.08793e+30
4.42755e+30
5.25356e+30
5.29385e+30
6.62989e+30
5.79056e+30
5.4404e+30
5.93434e+30
6.36476e+30
6.02655e+30
5.53907e+30
5.5666e+30
4.92952e+30
5.61826e+30
5.99103e+30
5.10712e+30
5.91828e+30
5.40149e+30
6.43307e+30
6.24997e+30
6.08915e+30
5.46067e+30
4.43193e+30
5.32837e+30
5.7079e+30
6.55794e+30
5.38701e+30
5.94417e+30
5.27713e+30
6.03683e+30
5.91962e+30
5.34032e+30
6.16747e+30
5.63007e+30
5.0061e+30
6.29159e+30
4.06025e+30
4.48282e+30
5.32076e+30
5.20541e+30
5.107e+30
4.26481e+30
5.06823e+30
5.18871e+30
5.82664e+30
4.49144e+30
5.43245e+30
6.69924e+30
5.70723e+30
4.9567e+30
4.97038e+30
6.33742e+30
5.08252e+30
4.54741e+30
6.17225e+30
4.66483e+30
5.00486e+30
5.81624e+30
4.14147e+30
5.71262e+30
5.21679e+30
4.52637e+30
6.35685e+30
5.10053e+30
4.78112e+30
5.28096e+30
5.25424e+30
4.75856e+30
5.37284e+30
4.73431e+30
5.548e+30
5.99416e+30
5.01289e+30
5.60621e+30
4.9873e+30
4.95812e+30
4.83641e+30
4.63724e+30
5.71776e+30
5.04733e+30
4.75455e+30
4.8852e+30
4.74262e+30
5.80323e+30
4.37648e+30
6.08053e+30
5.25869e+30
6.07349e+30
5.13071e+30
5.02656e+30
5.24931e+30
4.95264e+30
5.14725e+30
5.60409e+30
5.49443e+30
5.17016e+30
5.43325e+30
5.50811e+30
5.08118e+30
5.01173e+30
5.33171e+30
4.99026e+30
5.90629e+30
6.02063e+30
6.11426e+30
3.50403e+30
4.95564e+30
5.6047e+30
5.18093e+30
4.53653e+30
4.57333e+30
5.36466e+30
4.4613e+30
5.42611e+30
5.17022e+30
5.00416e+30
5.37067e+30
5.19466e+30
5.45298e+30
4.85416e+30
5.3248e+30
5.7735e+30
5.1894e+30
6.50553e+30
6.15787e+30
4.72359e+30
5.62151e+30
5.19014e+30
6.1987e+30
4.17846e+30
7.25898e+30
4.38377e+30
5.99454e+30
5.40558e+30
5.39768e+30
5.02224e+30
6.12572e+30
4.62561e+30
5.59361e+30
4.743e+30
6.03467e+30
5.26477e+30
5.48233e+30
5.08335e+30
4.42317e+30
4.40901e+30
5.80849e+30
4.93505e+30
4.19881e+30
4.02176e+30
4.18605e+30
4.09599e+30
5.1942e+30
4.60406e+30
5.49863e+30
5.48861e+30
5.53814e+30
4.37741e+30
4.87249e+30
6.2972e+30
6.03943e+30
5.31277e+30
6.54149e+30
6.57579e+30
5.04955e+30
4.68727e+30
5.90983e+30
5.32098e+30
5.15442e+30
4.30911e+30
5.40804e+30
4.93907e+30
5.65063e+30
6.52031e+30
5.43975e+30
5.34992e+30
4.86285e+30
5.6148e+30
5.87171e+30
4.93496e+30
4.93948e+30
6.29301e+30
4.76417e+30
5.17567e+30
5.65191e+30
4.89601e+30
5.48066e+30
5.16443e+30
6.10018e+30
5.04854e+30
4.74999e+30
4.87613e+30
6.40591e+30
4.71336e+30
5.39177e+30
5.61765e+30
5.0546e+30
5.086e+30
5.37871e+30
5.60785e+30
5.13395e+30
5.44581e+30
5.9537e+30
5.06741e+30
5.0531e+30
5.13348e+30
5.86262e+30
5.99159e+30
5.90442e+30
5.76503e+30
5.8494e+30
5.2118e+30
5.56582e+30
4.88979e+30
5.34036e+30
4.79941e+30
4.25129e+30
4.55782e+30
6.89646e+30
6.55751e+30
4.9546e+30
5.32631e+30
5.7868e+30
5.00684e+30
4.88728e+30
4.48412e+30
4.68718e+30
4.99518e+30
5.22255e+30
4.82396e+30
5.15982e+30
5.39031e+30
4.3188e+30
5.42525e+30
4.28442e+30
4.87046e+30
5.11801e+30
5.6229e+30
4.14656e+30
4.97244e+30
5.69356e+30
4.84783e+30
5.13309e+30
5.31418e+30
5.05738e+30
4.34571e+30
5.14752e+30
4.59711e+30
4.68915e+30
5.30731e+30
4.08058e+30
5.86347e+30
5.52518e+30
5.11879e+30
5.08476e+30
6.44333e+30
5.20256e+30
5.21321e+30
5.06845e+30
5.38877e+30
5.83413e+30
6.05967e+30
5.33288e+30
5.98641e+30
5.20921e+30
4.89872e+30
7.06827e+30
4.69789e+30
5.24699e+30
5.82927e+30
3.89836e+30
5.04975e+30
5.90243e+30
5.27174e+30
5.63496e+30
5.27412e+30
4.71053e+30
4.95609e+30
5.69283e+30
4.39743e+30
4.98625e+30
5.77875e+30
4.37611e+30
6.35524e+30
5.24678e+30
5.6804e+30
4.03012e+30
5.23028e+30
4.09886e+30
4.81636e+30
5.64788e+30
4.74031e+30
4.95047e+30
6.93063e+30
5.23932e+30
4.92964e+30
4.69876e+30
6.04297e+30
5.17533e+30
4.95335e+30
4.87926e+30
4.64513e+30
4.05459e+30
5.29199e+30
5.84197e+30
4.26794e+30
6.16331e+30
6.01956e+30
5.88774e+30
5.60793e+30
4.75305e+30
4.61049e+30
5.60245e+30
5.533e+30
4.14146e+30
6.20813e+30
5.79749e+30
5.82063e+30
5.4113e+30
4.08913e+30
5.92833e+30
4.48382e+30
6.04984e+30
5.21003e+30
4.08436e+30
5.32943e+30
6.69e+30
5.69847e+30
6.33908e+30
5.96758e+30
6.60198e+30
4.65157e+30
5.13707e+30
4.84141e+30
4.95932e+30
3.70366e+30
4.94148e+30
5.12634e+30
5.51665e+30
5.3683e+30
5.68516e+30
6.17642e+30
4.76841e+30
5.27129e+30
4.65668e+30
5.79687e+30
5.94997e+30
6.66225e+30
4.45679e+30
5.83447e+30
4.62688e+30
4.78598e+30
5.02319e+30
4.92036e+30
4.5232e+30
4.77866e+30
3.96402e+30
4.16279e+30
5.94061e+30
4.55477e+30
4.78987e+30
6.64937e+30
5.48687e+30
6.16283e+30
5.94923e+30
5.86512e+30
4.88524e+30
4.72222e+30
5.39588e+30
5.64294e+30
5.87883e+30
5.22691e+30
5.62386e+30
5.11777e+30
4.79312e+30
6.34092e+30
5.31635e+30
5.09946e+30
4.58154e+30
4.17222e+30
5.61059e+30
5.43172e+30
4.09236e+30
5.89412e+30
5.66067e+30
5.57999e+30
4.84641e+30
6.54477e+30
4.74837e+30
6.07433e+30
6.712e+30
5.42135e+30
5.02865e+30
5.30675e+30
5.65349e+30
4.91185e+30
6.38575e+30
5.94843e+30
5.25381e+30
5.41704e+30
6.07602e+30
6.58922e+30
5.02866e+30
5.82781e+30
5.59087e+30
5.84522e+30
5.05222e+30
5.01816e+30
4.20055e+30
5.0097e+30
5.46264e+30
5.6566e+30
4.85344e+30
4.23393e+30
4.65035e+30
6.05507e+30
5.12575e+30
5.68802e+30
5.65581e+30
6.39287e+30
5.62927e+30
6.53182e+30
5.38066e+30
5.56793e+30
5.6528e+30
5.18033e+30
5.56843e+30
6.19944e+30
6.25209e+30
5.91957e+30
5.94557e+30
5.82233e+30
3.63261e+30
5.52569e+30
6.08222e+30
5.61704e+30
4.88823e+30
4.88627e+30
6.09715e+30
5.61529e+30
6.62719e+30
5.45092e+30
4.94651e+30
6.04231e+30
5.11948e+30
4.88505e+30
5.79272e+30
6.53171e+30
5.41964e+30
4.99362e+30
6.5891e+30
5.47128e+30
5.32524e+30
4.68905e+30
5.64584e+30
4.92886e+30
5.7602e+30
5.60959e+30
5.36451e+30
5.7885e+30
4.55939e+30
5.26889e+30
4.57655e+30
4.42887e+30
5.41375e+30
4.21787e+30
5.28428e+30
5.02289e+30
4.65465e+30
4.76019e+30
4.72958e+30
5.91812e+30
5.91594e+30
3.82469e+30
5.01062e+30
4.73772e+30
5.37316e+30
4.64392e+30
5.57513e+30
6.45005e+30
5.48338e+30
6.27628e+30
6.08391e+30
4.48703e+30
4.52263e+30
5.32729e+30
4.82598e+30
4.99477e+30
6.38742e+30
6.62364e+30
4.60246e+30
4.19354e+30
5.42507e+30
4.81394e+30
5.62379e+30
5.60519e+30
6.1813e+30
5.40554e+30
6.40123e+30
5.39522e+30
6.11077e+30
5.49045e+30
4.85944e+30
5.08536e+30
4.82673e+30
6.29132e+30
5.97472e+30
4.18662e+30
5.09652e+30
5.38129e+30
4.65878e+30
5.24893e+30
4.87458e+30
3.90088e+30
5.15601e+30
6.61201e+30
4.16973e+30
5.12452e+30
4.26442e+30
5.71408e+30
5.73814e+30
4.72835e+30
5.64321e+30
5.51264e+30
5.72629e+30
5.42535e+30
5.68135e+30
5.61829e+30
5.33673e+30
5.22054e+30
5.37748e+30
5.42901e+30
5.61724e+30
4.98079e+30
5.05361e+30
3.32416e+30
6.0022e+30
5.04803e+30
4.43802e+30
5.10143e+30
6.548e+30
5.68884e+30
5.40458e+30
4.62933e+30
3.95466e+30
5.17835e+30
5.18816e+30
3.79174e+30
4.19378e+30
5.55891e+30
5.89602e+30
4.87438e+30
4.05249e+30
4.59982e+30
5.79306e+30
4.90099e+30
