0.7584925
-0.07351276
0.057957336
-0.11414826
-0.93811524
0.0058921785
0.5040814
-0.09550188
0.37381825
0.73818296
0.17062011
0.2821554
-1.6025975
-1.9617656
-0.774433
-0.30216038
-0.5604734
0.3579025
0.3654615
0.20035702
-0.24815585
-0.7347158
-0.24234556
-0.19582778
-0.350604
0.09058773
0.008985187
0.45003963
0.047253244
-0.40992415
0.10949237
-0.19786854
-0.1759525
-0.07550928
-0.20622139
0.29716575
1.1549777
1.3633384
0.2845756
0.40710622
0.2010434
-0.20379041
0.014749689
-0.33932713
-0.12672336
0.3107723
-0.09095185
-0.22724576
0.06202938
-0.2596875
0.01312843
-0.16156766
-0.08296492
0.4999517
-0.84956497
-1.4795656
-0.46061713
-0.80841285
-1.6385087
-0.35090154
-0.06476706
0.028104438
-0.114979304
-0.03202406
0.24283722
0.073716074
-0.11862382
-0.061117705
0.0059772017
0.15108696
0.36864194
0.08460728
0.87991875
1.4879906
0.37512386
0.6197967
1.0903963
0.2999435
0.21462347
0.1634585
0.06791248
-0.67445177
-1.3316809
-0.30222005
0.40520495
0.86854935
0.24739666
0.40435407
0.6794668
0.15969753
-0.89029473
-1.7961937
-0.3892292
0.4315435
0.92666566
0.20525935
0.48870426
0.9151569
0.17967483
-0.40818295
-0.5873546
-0.09897566
0.24726617
0.51957726
0.09912393
0.13289246
-0.031858176
-0.042349637
-0.2821229
-0.20031255
-0.8817811
0.44547495
1.0242501
0.029602176
0.19893888
0.97932374
-0.13234413
0.1324791
0.2763761
0.1442114
0.6158043
0.7917176
0.9468679
0.51727307
0.4351974
0.6143245
0.009533216
-0.3941367
0.25451863
-1.0388894
-2.1382823
-0.37999898
-1.4334378
-2.6305056
-0.67447853
-0.3245916
-0.45892152
-0.16658832
-0.9229518
-1.7387325
-0.2789237
-0.7598177
-1.4707249
-0.36045313
0.55795926
1.0985839
0.26879874
1.1917928
2.389502
0.5145911
1.0152658
1.8965577
0.39646113
-0.157601
-0.29142606
-0.18101376
-0.36583668
-0.8082772
-0.15810886
-0.2693047
-0.4425887
-0.15861069
0.2254743
0.16684066
-0.28540295
0.5811559
1.4965051
1.4670023
-0.07718518
0.06501589
-0.08190505
0.061497595
0.035455693
-0.11903056
-0.21522991
0.19668557
0.12928581
0.0402597
0.08058441
-0.14850253
-0.10323141
0.08447648
-0.050065033
-0.024395443
0.038044713
-0.2675865
-0.02123747
0.16530342
-0.15454377
-0.070071705
-0.035102136
-0.03676206
0.127929
0.12843637
0.042929415
0.06789759
0.1822076
-0.022082852
-0.5622363
-0.88580096
-0.2172063
-1.3544847
-2.6052005
-0.46830148
-0.9584439
-1.9002749
-0.36475527
0.5339243
1.1406229
0.20487775
1.2105786
2.4299867
0.44981793
0.7764577
1.6144899
0.23266134
0.010171847
-0.008042334
-0.007681862
0.11133361
0.29518837
0.08356174
0.019276852
0.15748249
0.035173543
0.010035239
-0.0020763064
0.0006442029
0.28404066
0.5340855
0.13241598
0.10427184
0.22628373
0.0655809
-0.023562083
-0.053326227
0.010335382
0.13342845
0.23469895
0.02825657
0.086917534
0.07628943
0.050924797
-3.3756226e-29
-2.8166403e-29
-4.0239408e-29
-6.3567497e-29
-6.9714054e-29
-6.0373276e-29
-4.223871e-29
-4.2914594e-29
-4.5596515e-29
-2.1156568e-29
-1.0921887e-29
-3.0949598e-29
-7.6793116e-29
-9.721651e-29
-7.1760854e-29
-4.1655003e-29
-4.668263e-29
-4.4825026e-29
-2.8245526e-29
-2.2681346e-29
-4.0462064e-29
-7.294091e-29
-8.85275e-29
-7.2775283e-29
-4.6108818e-29
-5.091939e-29
-5.195635e-29
-6.160567e-30
-9.144853e-30
-7.91491e-30
6.782136e-30
-7.108861e-30
6.1285077e-30
2.3580793e-29
1.995164e-30
-6.354461e-30
3.7587863e-30
-5.742955e-30
-4.7019387e-30
-1.5543124e-29
-1.7655937e-29
-2.5795824e-29
-3.0146284e-29
-4.37535e-29
-1.6426875e-29
-4.285819e-30
1.760426e-30
-4.722922e-30
-2.4660564e-29
-2.951023e-29
-1.4916923e-29
-5.2801524e-29
-4.786407e-29
-3.8208557e-29
-0.013584005
-0.04035087
-0.013074654
0.004578653
0.024368402
0.00496143
0.0074175126
0.026678568
0.012688822
0.080957465
0.22913207
0.049713727
0.14116767
0.36861038
0.108005576
0.09555146
0.16416445
0.040573888
0.120351225
0.21720375
0.08876202
0.1602125
0.29380658
0.107385024
0.08337922
0.08866656
0.005027031
8.9561526e-29
1.0963249e-28
1.1663506e-28
4.8831587e-29
5.483454e-29
7.9476484e-29
-7.151407e-30
-1.9399597e-29
1.153343e-30
7.0566735e-29
7.2464065e-29
1.0537585e-28
-8.1964485e-29
-1.1030403e-28
-7.297443e-29
3.7905253e-29
2.0042677e-29
3.7247852e-29
1.17293324e-29
-1.05083154e-29
3.9359734e-30
2.889341e-29
9.930023e-30
1.5213507e-29
1.3310173e-28
1.4060741e-28
1.1117988e-28
-0.28261206
-0.14589868
0.49052244
0.61950415
-1.2230064
0.65353394
0.394284
-1.2897453
0.7354386
0.3504536
-1.1033489
0.70267284
1.3166354
-2.2949128
1.0543587
0.88593346
-2.093912
1.161947
0.17104034
-1.0787661
0.63400483
0.8667864
-1.8646302
1.1676875
0.40642667
-1.4292383
1.349804
-0.03880086
-0.027009573
0.007391276
0.059599455
-0.007784477
-0.01287467
0.054153774
0.005032456
-0.0037819138
0.28402653
0.12407947
-0.08638335
0.4865682
0.24679619
-0.16764347
0.2592444
0.1443182
-0.118859515
0.3654429
0.12345765
-0.1414786
0.48011523
0.18228747
-0.17518464
0.26749632
0.041899923
-0.12799461
-0.11218635
-0.1409873
0.03463685
0.09031781
-0.25412074
-0.060771648
0.18505795
-0.08707978
-0.009644784
0.30157173
0.095235094
-0.08863864
0.5757557
0.14049536
-0.19062032
0.34707922
0.06695389
-0.15810211
0.19485232
0.051532056
-0.031524777
0.49211904
0.22874959
-0.062193938
0.29043448
0.17982715
0.029944176
-0.029595943
-0.005343083
-0.0031725825
0.06002688
0.1129804
0.03589325
-0.118470535
-0.20671411
-0.05162408
0.0067210686
-0.004298813
-0.01146152
0.09305887
0.13607253
0.024426328
-0.19757867
-0.35976017
-0.08608969
0.029380199
-0.0010810856
0.0072315694
-7.127979e-05
-0.011250254
-0.03746423
-0.10451329
-0.18176603
-0.02894517
3.7767878e-16
3.8944216e-16
3.756494e-16
3.816279e-16
3.9279358e-16
3.7679874e-16
3.7524348e-16
3.8634986e-16
3.7317987e-16
3.6165194e-16
3.7609062e-16
3.5481188e-16
3.7064603e-16
3.8762766e-16
3.5837318e-16
3.757227e-16
3.8804257e-16
3.607864e-16
3.8323733e-16
3.9362222e-16
3.7150738e-16
3.7709772e-16
3.8378091e-16
3.608302e-16
3.7851205e-16
3.8800427e-16
3.647553e-16
-0.0038171182
-0.3205395
0.50093
-0.5229137
0.7632136
-0.3325321
-0.8133956
1.2898711
-0.45011663
-0.56323314
0.9361321
-0.1882596
-1.0421034
2.0359397
-1.3441712
-1.2259822
2.3898861
-1.252363
-1.0253303
1.2664304
-0.45181516
-1.0140034
2.3324163
-1.3564997
-1.010009
2.402235
-1.138192
-0.03382905
-0.1260677
0.21317296
-0.038628045
-0.18847145
0.089475855
0.15935652
-0.15633923
-0.14277437
-1.0898546
-0.93592703
-0.5561062
-0.5243867
-0.25214115
0.024826488
0.12667842
0.106423475
0.15080447
-0.54030275
-0.55424887
-0.30473664
0.13323762
0.07734771
0.16015983
0.36733705
-0.10059857
-0.10252406
0.07953761
0.034026496
-0.082968034
-0.2288441
-0.038456965
0.0719655
-0.19625503
-0.14000459
0.12341755
-0.077538565
0.253216
0.11319696
-0.3226076
0.47237998
0.41390523
-0.3143378
0.26096237
0.35312614
-0.08128134
0.05654798
0.05304173
-0.11764265
0.40947175
0.3492311
0.06372896
0.41513115
0.32226285
-0.5398136
0.05501273
0.23472744
0.33532092
0.35179734
-0.1887342
0.42314112
0.20727599
-0.7057097
-0.08717152
0.09986055
-0.12647015
0.34785542
-0.34682173
-1.0138545
0.45833898
-0.42008173
-1.1269674
0.113875
0.43249825
0.10715833
-0.06880151
-0.42012435
-0.58947647
-0.29609528
-0.73783976
-0.6270722
0.12201179
0.42046237
0.115707874
-0.46465924
-0.8551591
-0.18969192
0.3142671
0.7055575
0.106273286
0.40740934
0.9052519
0.15560785
-1.0614609
-2.256543
-0.48445296
0.55522025
1.0457362
0.21323335
0.46909413
0.9803406
0.21071391
-0.9359825
-1.7132438
-0.30972734
0.26934046
0.486906
0.03927794
-0.18592635
0.044598304
0.1573746
0.50555015
0.100865014
-0.5922394
0.1987788
0.13671438
-0.3384752
0.06438684
-0.19622834
0.13628303
0.4533861
-0.24476759
-0.19744211
0.5777949
-0.10304734
-0.4786805
-0.018580213
0.2190582
-0.20305948
-0.028115777
-0.24283849
0.26925677
0.68530947
-0.28002647
-0.38297406
