0.025443858
-0.47665128
0.4833456
-0.2355766
-1.3319712
0.31547928
0.20014787
0.6735797
0.02301541
0.13872373
-0.5377095
0.2742304
0.41005173
-1.8111916
-1.8990201
0.12483314
0.18627644
2.109488
-0.08470875
0.26387116
-0.19673516
0.124421075
1.5806879
-1.7290322
-0.1551451
-0.45021528
0.6190264
-0.06823106
-0.023748083
-0.05022395
0.14930366
1.3433661
-1.3921268
-0.13636167
-0.5341404
0.68605614
0.0054015596
0.111868486
0.20863207
-0.022273017
-0.74090666
-0.14400394
0.15650527
-0.03666493
0.3192962
0.04272469
-0.23797502
0.07913929
-0.1650886
-1.3122667
-0.262741
-0.6290751
2.8743007
-0.28895944
0.10654647
-2.1600199
-0.16744484
-0.7291254
4.4232864
-0.05108398
-2.1953902
5.976264
-1.3534347
-0.050191607
-0.91563153
-0.24576622
-0.18397473
1.6030189
0.16073254
-0.15433358
-0.007419835
-0.17933603
0.117333785
-0.5729207
0.4577866
-1.5813525
-0.6000581
2.2229807
-0.27923235
-0.40849477
0.64918834
0.12584262
0.08388532
0.28510737
0.18888454
0.5007018
-0.19165574
0.10515842
0.18397452
0.11972134
31.945778
-80.53551
-22.72927
0.7680097
-95.86828
-57.719578
56.367687
50.093372
92.05224
0.028489847
1.5056506
1.312207
-0.09647677
-0.20952445
-0.44236153
0.070899524
-1.2847592
-0.88133776
25.960783
-14.264178
-46.3622
-18.314327
-91.83891
-83.973236
-7.7477584
-72.17884
-44.578323
-0.038752638
0.5002729
-0.50880975
0.4116914
0.9425233
-0.2335152
-0.4978719
-0.29918072
-0.03271541
-0.004663691
1.768383
1.2750031
-0.06522624
-0.32560676
-0.32629493
0.07775165
-1.5117936
-0.88431174
-0.04210949
-0.44274306
0.7167849
-0.047723807
-1.8625435
0.037779573
0.42061982
0.33351704
0.37354502
-0.77830803
0.2317091
0.58786833
5.722076
-3.0025966
-2.7161202
1.452949
-3.0900602
1.5808817
-0.39497474
-0.33448648
-0.43376732
-0.27819085
-0.36959997
-0.7203548
-0.3283496
-0.11407767
0.2876742
-0.04129019
0.5754851
-0.6376287
0.51025385
1.1686046
-0.20584756
-0.5796104
-0.4130096
-0.083561875
0.1102856
0.48842117
-2.737282
-0.79057735
-0.0014854238
7.654982
-0.23337398
0.19452874
-1.1742607
0.17881063
-0.57648534
0.5781354
-0.25861657
-1.5268446
0.1975979
0.31065813
0.47475326
0.14883235
0.3909744
1.1366419
-1.0671206
0.76281554
1.9811555
-0.36649865
-1.1396698
-0.4260144
-0.43906555
-0.12926178
-0.47331026
0.5630513
0.26489338
1.6332585
-1.8454951
-0.059759915
0.06910452
-0.022370236
-1.0223137
1.0552373
0.14988902
6.181315
0.53123564
-6.7890687
0.86825347
-2.083477
1.1084477
