-4.5809283
1.8692231
0.13408315
1.8217331
-1.5473657
-4.930418
1.3070836
-4.4660225
-2.6621056
3.570295
1.3701746
-4.6372643
3.843099
0.4363217
0.5591283
-3.3383584
-4.8018203
0.9882146
1.6504878
1.614527
-1.6052006
-2.1684709
-4.6027246
-4.9570885
0.8804575
0.39155293
0.9556231
1.0468891
4.1551347
-2.8710496
1.848253
-4.872442
-1.7827691
1.2697166
3.9507308
1.1497014
1.7964904
3.498082
2.056719
-1.7003613
-0.6126615
-1.8000886
0.6367376
4.74364
-1.8767228
0.7328781
-4.16698
-7.975082
1.4641044
-3.702876
-2.4446137
1.5671053
-0.9327705
0.6902111
-1.2491373
-5.9802246
3.4798424
-4.6383095
-1.1164197
-2.3915813
3.8268325
0.43973827
1.7198868
1.202181
-3.4169662
0.2950151
3.9679072
-3.7110608
3.903728
3.7779484
1.3660474
1.8416545
-5.096744
-5.7102265
4.289486
3.8692613
0.51956034
5.3165083
1.6718866
2.0041811
3.4438553
-5.356996
-1.1680017
-1.1646092
-0.008338213
0.71903604
2.2898731
-0.4026823
-2.934804
0.5936273
-0.96219164
-1.8093626
-1.4684422
3.5150752
0.80278575
3.90917
-5.57296
-2.343582
0.6815931
3.7485418
2.5846949
2.9089622
-1.2077457
1.7827184
0.57428384
0.6236359
-7.00702
-3.3445234
-0.34222138
1.2119012
-1.5774484
-1.887346
-1.9063269
0.41913247
1.071243
1.6195717
-2.3583302
-1.1113894
3.561212
-5.3689384
0.86624146
2.9430006
-0.64055043
2.5046916
3.522241
1.6643678
-0.8739477
-0.60907996
0.79668915
-7.1142464
0.6479106
3.5320892
0.6595889
-4.7839675
-1.0054436
0.35783863
-3.3250718
-2.2447734
-3.2970314
1.3592927
0.859421
-1.2587671
0.45380962
1.2589502
1.7747827
1.4407914
-1.7232013
-3.0488675
-4.91395
-4.2795134
-6.471008
2.1818237
0.26452768
2.9269314
-2.0362947
0.99078083
-2.4661932
3.7563987
2.5571792
3.0841677
1.8668144
-0.15587273
-3.1087115
-0.03305924
4.321307
-1.8972341
-4.4840384
0.42099687
-4.346878
1.0430077
-1.2447126
0.29452348
3.3754694
-1.9670271
2.203004
0.676896
-4.0010557
1.5210552
-2.9321842
-1.8908703
0.21631241
1.5423906
-0.06664854
-2.54488
1.7229991
-6.3990965
1.2634875
0.066889524
-0.74606866
0.2869978
2.105925
-0.5019628
