0.2661757
0.33405522
0.33045796
0.71772605
0.8830817
0.66591674
0.6035561
0.75121224
0.43258485
-0.13500293
-0.22210199
-0.28251725
-0.35970908
-0.65585953
-0.7205143
-0.4319417
-0.79868966
-0.8022582
0.2018303
0.43296275
0.36819652
0.34483346
0.7376472
0.6000839
0.26304024
0.5280873
0.3875667
-0.08011207
-0.17417371
-0.14112686
-0.18955392
-0.45144358
-0.33959454
-0.13014974
-0.3334743
-0.26604453
-0.15401122
-0.35090104
-0.26957357
-0.33825463
-0.7770782
-0.52828795
-0.24872316
-0.57055616
-0.38503975
0.5707618
0.8897491
0.76404077
0.71018654
1.177445
1.0185604
0.55079037
0.9643496
0.9134246
0.16295843
0.26216084
0.21477154
0.2964004
0.55475336
0.43392417
0.18813114
0.40801463
0.3168377
0.100946344
0.25608328
0.21784894
0.23158221
0.52264506
0.41450706
0.14545375
0.31836924
0.23275062
-8.709393
90.57692
105.91358
35.31727
278.69977
289.66888
39.645042
296.78198
296.96466
0.47819903
0.6430112
0.6844664
0.58627814
1.1569338
1.0707589
0.5351027
0.9983038
0.9685296
-0.059026137
-0.35114366
-0.17334592
-0.5970774
-1.1254495
-0.85759413
-0.36202952
-0.89871097
-0.5691149
-0.1020529
-0.23881958
-0.16733225
-0.27069876
-0.6008551
-0.45062035
-0.19633813
-0.45728934
-0.32367542
0.30593026
0.4749418
0.23037662
0.36943692
0.76820683
0.6283962
0.13452475
0.5125786
0.5612157
-0.082559004
-0.19185133
-0.15351038
-0.2380566
-0.5586061
-0.4411839
-0.21318404
-0.49229372
-0.38120484
-0.1642611
-0.17017974
-0.053360447
-0.21232903
-0.49900812
-0.4772246
0.0015701931
-0.49755758
-0.54597485
-0.16060391
-0.3589578
-0.19719869
-0.32840225
-0.6596711
-0.5212481
-0.22628336
-0.4478713
-0.39588886
0.3502766
0.637007
0.8878812
0.54067934
1.6811785
1.4911941
0.19476804
1.2807925
1.0599508
-0.2037741
-0.28916138
-0.07005295
-0.3067833
-0.46541384
-0.28982446
-0.09381937
-0.32820553
-0.40141475
-0.71092176
-1.0461394
-0.62356824
-0.82183945
-1.2930772
-0.44167754
0.9135995
1.4724677
1.5910349
0.16965677
0.29917398
0.1878675
0.28378037
0.60867715
0.46481186
0.17212515
0.43994123
0.34509784
-0.15327713
-0.39179832
-0.25815365
-0.4094507
-0.6940409
-0.56565195
-0.21703926
-0.5191038
-0.42510647
0.16223244
0.29336232
0.11507622
0.46115807
0.6591851
0.19530132
0.41144234
0.54685646
0.22930175
0.037197605
0.3461596
0.3571956
0.24893583
0.6373691
0.5355474
0.26861197
0.43580556
0.2683224
0.09384932
0.19342697
0.16121386
0.17573777
0.3573138
0.32162
0.1595371
0.341731
0.30515078
-0.1399426
-0.2864925
-0.23458485
-0.24461141
-0.44616467
-0.3862062
-0.18984541
-0.38528335
-0.3222876
-0.20110464
-0.39828247
-0.28692323
-0.41953886
-0.9037126
-0.6226046
-0.2810319
-0.64696455
-0.40021935
0.36020786
0.43383858
0.18963613
0.39881697
0.6234977
0.485889
0.076339655
0.39195353
0.47086757
0.14027524
0.31259692
0.27313545
0.31285375
0.5772643
0.48828503
0.23320536
0.42014757
0.37889335
-0.09473562
-0.19879065
-0.15019178
-0.22067446
-0.39877942
-0.33178028
-0.17924206
-0.33913025
-0.2534279
0.124679685
0.23606965
0.19861561
0.251279
0.4934109
0.40059975
0.19830857
0.3857982
0.31683984
0.13355218
0.3190342
0.21196735
0.32461002
0.5785242
0.48674202
0.2828001
0.5546823
0.45707202
0.11023546
0.28025213
0.20566502
0.26216152
0.5024127
0.41713265
0.23023535
0.4573707
0.3634314
-0.5564968
0.54236364
0.6124896
0.6030409
1.0413207
0.8105621
0.6304681
0.85129213
0.31016466
-0.5876675
-0.06878349
0.4050128
-1.6007991
-0.036093324
0.94743073
-0.8528741
0.08666155
0.7405036
-0.81507087
-0.5468114
-0.21916716
-0.46291608
0.28702182
0.43125737
-0.333032
0.19757661
0.5617001
-0.23804806
-0.6027742
-0.52547127
-0.5845479
-0.95117396
-0.86226034
-0.4825842
-0.73159695
-0.49308234
-0.19923744
-0.26967165
-0.21305948
-0.4505635
-0.6077614
-0.40764523
-0.34525034
-0.5198632
-0.33149794
0.47825733
0.8189938
0.6742348
0.12383259
0.28304446
0.056747656
-0.56475985
-1.0687349
-0.82565606
0.15984917
0.24749762
0.08505428
0.28655162
0.59157026
0.43789437
0.19794165
0.50359
0.39866358
0.0969201
0.24999368
0.23563604
0.23143934
0.5101867
0.4454252
0.15386865
0.3672893
0.3258842
-0.13973701
-0.20182112
-0.18686743
-0.2462543
-0.4104462
-0.30162582
-0.19872496
-0.34989503
-0.24590737
-0.16716911
-0.24898945
-0.20668963
-0.25630757
-0.42053306
-0.34414765
-0.21421571
-0.3382759
-0.27856746
0.17637953
0.42194813
0.3101131
0.4010026
0.91250104
0.7067151
0.30096927
0.72626716
0.56885076
-0.1921652
-0.64462465
-0.47711453
-0.58747303
-0.64443177
-0.6840343
-0.3528479
-0.56200534
-0.4018858
0.1491951
0.37125957
0.29008785
0.2939833
0.6584142
0.51934564
0.2147071
0.49853668
0.3684476
0.11502954
0.23118523
0.18990067
0.21700972
0.45134813
0.36269504
0.1758742
0.31959823
0.25752217
0.0992636
0.18422505
0.10848919
0.20909475
0.45708188
0.31225592
0.13711904
0.31567484
0.20969832
0.11282555
0.25934562
0.22915438
0.26485083
0.5398515
0.46917084
0.22666773
0.5157523
0.4171327
-0.2797491
-0.5150048
-0.3359384
-0.4128976
-0.76054317
-0.5227727
-0.17439023
-0.45994094
-0.29770526
0.19063222
0.35322085
0.23223156
0.2860869
0.70716417
0.57639647
0.19995424
0.5738726
0.5092247
-0.31996688
-0.41877592
-0.3479931
-0.5481238
-0.7284841
-0.635185
-0.3929763
-0.6256994
-0.5686348
-0.077000454
-0.16200069
-0.13286078
-0.16240811
-0.3767904
-0.27674368
-0.11695061
-0.24714836
-0.192531
0.09401234
0.16687764
0.14034696
0.2102273
0.43564442
0.34761238
0.17280643
0.32796645
0.2521288
-0.14413434
-0.3489427
-0.2146734
-0.3565775
-0.6412847
-0.4659725
-0.22717002
-0.48484775
-0.31465387
0.11669625
0.1825852
0.12894799
0.19661704
0.3762456
0.2408158
0.15777634
0.2875215
0.20835832
-0.83429116
-0.601731
0.873139
-0.9312993
0.21755292
1.1535858
0.8858017
0.9980299
1.1366998
0.12501942
0.29681772
0.24234723
0.36371437
0.7306757
0.5768576
0.30580145
0.592941
0.42437786
0.16037638
0.27332005
0.25100872
0.2472321
0.5262742
0.46482524
0.16231161
0.44715887
0.39178154
0.13093612
0.23411891
0.17379096
0.19106056
0.42111322
0.35420954
0.16369
0.3177616
0.2701983
0.17039655
0.20628043
0.16066532
0.19185595
0.32655907
0.27679572
0.15909103
0.27221343
0.2221106
0.18406744
0.48761752
0.46868944
0.45986912
0.7446002
0.53281075
0.351096
0.40275308
0.11447383
-0.3917774
-1.0713619
-0.8697786
-0.55430096
-1.4323299
-1.1713029
-0.13897291
-0.83585215
-0.5856771
0.118946545
0.17578177
0.10361667
0.20300114
0.3646764
0.24875222
0.13472545
0.28078538
0.22024672
-0.07170137
-0.13455203
-0.12804607
-0.14789736
-0.35472786
-0.2821067
-0.14033267
-0.29678005
-0.27671838
0.14496073
0.21440813
0.1738734
0.17781506
0.34652308
0.2602588
0.12943016
0.23782372
0.18369056
-0.18797891
-0.41552964
-0.34877437
-0.2663448
-0.61502045
-0.49714038
-0.22978745
-0.40894252
-0.35164043
0.16235328
0.28895736
0.19941728
0.23649392
0.5075993
0.32972232
0.16244014
0.3405633
0.22568183
0.09352992
0.20860453
0.1488849
0.20444953
0.43919054
0.3392146
0.17115527
0.34784836
0.2811744
-0.11437668
-0.27201158
-0.19163992
-0.28323266
-0.59430325
-0.3616159
-0.18014602
-0.39572358
-0.2272243
-0.14375697
-0.34427115
-0.27486444
-0.3420982
-0.7799216
-0.5924949
-0.29037288
-0.5982729
-0.46116805
-0.087281585
-0.1757787
-0.13572279
-0.22032581
-0.59535795
-0.40497398
-0.1340873
-0.424746
-0.31856304
0.21170571
-0.26064435
-0.20582423
0.18436109
-1.2565646
-0.81055254
0.19196887
-0.38939995
-0.40160045
0.08190361
0.1631397
0.11292236
0.18185891
0.33608496
0.25195125
0.14425062
0.24952301
0.19010065
0.121499
0.22323568
0.15712851
0.22258857
0.41824895
0.3019807
0.17123592
0.28389275
0.19637778
-0.12538452
-0.23145479
-0.21022746
-0.26854968
-0.5383064
-0.4889311
-0.23562117
-0.46600068
-0.39639816
0.21138941
0.358085
0.22473612
0.32426134
0.63165456
0.4549433
0.2218524
0.4349661
0.3273562
-0.27162924
-0.4122568
-0.33415416
-0.36782667
-0.6897304
-0.54151636
-0.19031763
-0.42804632
-0.37876564
-0.3148858
-0.50914526
-0.27555555
-0.52698815
-0.8407192
-0.572095
-0.41575325
-0.6150479
-0.41860622
0.07564258
0.11613432
0.08621972
0.12002852
0.2735663
0.19241251
0.09784198
0.19389439
0.14237174
-0.11884369
-0.19821654
-0.17062637
-0.1943585
-0.4471483
-0.31030878
-0.17670609
-0.31316793
-0.26897502
-0.19844659
-0.36015052
-0.30387425
-0.32962343
-0.5560963
-0.4984755
-0.26696044
-0.47640267
-0.4147511
0.09575569
0.16086681
0.1437801
0.15349093
0.31879622
0.25905758
0.14177276
0.276019
0.21082447
0.0826843
0.18946831
0.1616257
0.14000706
0.43822628
0.34931695
0.12590183
0.34221432
0.3108523
0.25386575
0.5125021
0.34291214
0.5139456
1.0159135
0.8039857
0.38366398
0.75722474
0.607812
0.25939336
0.8142774
0.71469074
0.6897075
1.8435631
1.6995198
0.5357009
1.5641352
1.3446101
-0.59133434
-0.46276373
-0.03165818
-0.5931513
-0.7823109
-0.6123777
-0.16220096
-0.50347906
-0.61601037
-0.32375804
-0.4439808
-0.25652748
-0.6540598
-1.0103856
-0.7238872
-0.5156837
-0.70944124
-0.51716334
0.31219926
0.37675238
0.074937694
0.48131958
0.7951957
0.5505951
0.30342293
0.67533594
0.62332773
0.08421835
0.1424204
0.13623434
0.13042347
0.27170202
0.2422621
0.16231543
0.3510117
0.32386056
0.61095965
0.7470064
0.62313807
0.12819003
0.171947
0.26520923
-0.8794613
-1.457564
-0.94005847
0.10478039
0.1991361
0.18511009
0.22884068
0.3925681
0.28761128
0.21994695
0.2971103
0.19779314
0.2669984
0.3665603
0.13770162
0.46078014
0.7412513
0.48081118
0.25020573
0.5567637
0.43906674
0.25191608
0.35082573
0.28444657
0.35505357
0.6343254
0.5290785
0.24870746
0.51361287
0.40670773
-0.13143326
-0.35123256
-0.2982456
-0.3602793
-0.6479557
-0.6185732
-0.2845685
-0.5613496
-0.5243045
-0.10332114
-0.24872465
-0.20272803
-0.2559658
-0.4924353
-0.41685396
-0.16552627
-0.36155573
-0.2942725
0.20884861
0.38996512
0.30934665
0.3434551
0.69044554
0.5167807
0.25309426
0.5389515
0.40621266
-0.14187431
-0.3741005
-0.34655935
-0.40293998
-0.6731506
-0.4588583
-0.3549266
-0.48170328
-0.18945651
0.14324595
0.285971
0.21690322
0.26799145
0.5372199
0.40418372
0.17882891
0.34954897
0.28266427
-0.18131278
-0.45925424
-0.38880777
-0.48043793
-0.7673699
-0.57153195
-0.35318017
-0.6471751
-0.41262358
-0.06736854
-0.50275546
-0.32320538
-0.46441334
-1.0756415
-0.87954146
-0.3051579
-0.9827074
-0.65930253
-0.09171562
-0.35492408
-0.24376023
-0.3982354
-0.8037103
-0.6750392
-0.24655841
-0.6581993
-0.52606195
0.12703325
0.29877648
0.23050965
0.31278238
0.65615076
0.5134808
0.2984546
0.5544437
0.3852757
-0.11799966
-0.41205925
-0.2590092
-0.41278097
-0.88343954
-0.6551779
-0.2510079
-0.64994925
-0.5065919
-0.37315366
-0.71057177
-0.54244035
-0.6550016
-1.0283556
-0.9190768
-0.38976094
-0.88825583
-0.63868403
-0.23362175
-0.5008457
-0.3863132
-0.38500267
-0.9186716
-0.7099765
-0.28146026
-0.79127103
-0.5926336
0.16873749
0.3202177
0.2370141
0.3196209
0.68050426
0.5450701
0.26777104
0.58513796
0.4657819
0.1511678
0.31068143
0.27327767
0.3214141
0.6634459
0.62994856
0.29130954
0.61747944
0.5263255
0.12220454
0.20254453
0.15409844
0.19160938
0.330107
0.27563155
0.14433505
0.27506587
0.22667886
0.49962077
1.0936961
0.7429152
1.1945695
2.0011566
1.6145636
0.9456136
1.7197201
1.313371
0.06430845
0.32775745
0.37825653
0.2914587
0.70955837
0.5826278
0.2879886
0.54522425
0.37701565
-0.078922756
-0.27011654
-0.35674345
-0.26369524
-0.49062282
-0.35595593
-0.3493195
-0.36731908
-0.053481285
0.046877775
0.33988547
0.3863555
0.2762317
0.6713248
0.55317074
0.2939644
0.49840915
0.2684762
0.1933063
0.6430362
0.4431202
0.19400054
0.6821194
0.54116213
-0.08513907
-0.23528405
-0.0867759
-0.20247388
-0.41923985
-0.53233165
-0.55333436
-0.7376678
-0.65094304
-0.5410742
-0.5983762
-0.45240003
-0.11662068
-0.20645876
-0.13256496
-0.24666636
-0.46314192
-0.3588656
-0.18087684
-0.33721295
-0.23057172
0.19930041
0.50032043
0.39598975
0.41254595
1.0000901
0.7795716
0.43475235
0.8130142
0.59405863
0.15259163
0.33107463
0.22954361
0.29275307
0.76060057
0.5977361
0.23549464
0.5826693
0.4271468
-0.10602381
-0.20424642
-0.13481262
-0.18491258
-0.43171057
-0.303486
-0.14124496
-0.31765333
-0.2263741
0.20689435
0.39825282
0.33486637
0.3254611
0.7321137
0.5879254
0.22052424
0.534768
0.41604108
0.082657285
0.14858459
0.115437716
0.17026825
0.32430336
0.25238946
0.12300873
0.24179962
0.18244395
0.2035443
0.43737113
0.26647902
0.4258998
0.9016509
0.6928575
0.31046462
0.60695523
0.54682595
-0.07196675
-0.14862981
-0.1123708
-0.15922542
-0.3620755
-0.25244632
-0.09350154
-0.2238738
-0.16138916
-0.1340263
-0.3385234
-0.27035004
-0.35703915
-0.7068833
-0.5698916
-0.26578602
-0.56862134
-0.45251006
-0.05904336
-0.31696686
-0.28852546
-0.3362049
-0.63420045
-0.52250504
-0.30439728
-0.46794942
-0.4157063
0.11578387
0.28112325
0.1856936
0.33382013
0.6658292
0.4380331
0.2562495
0.5335142
0.3597885
0.22236045
0.4743409
0.3687077
0.24616027
0.5712675
0.47347683
0.2259232
0.46877125
0.32309243
0.24363467
0.52807677
0.43945035
0.54304785
1.0368102
0.8558646
0.4517297
0.8264888
0.6132658
-0.09093645
-0.1343439
-0.13969576
-0.14389955
-0.33770895
-0.26299027
-0.12822881
-0.24925813
-0.18786553
0.10638532
0.24365291
0.18175685
0.16491504
0.47511047
0.34029505
0.16747236
0.38164493
0.29838428
0.10086775
0.20232043
0.14652336
0.18800703
0.41036442
0.31451407
0.1301693
0.2909566
0.2125158
-0.17168988
-0.4168992
-0.34962618
-0.37388563
-0.7177454
-0.5939338
-0.31979138
-0.5530165
-0.3886785
0.15171336
0.4312324
0.35167095
0.32697567
1.0097394
0.76928747
0.23893477
0.78616476
0.5953627
0.16190329
0.22874232
0.1528965
0.19774282
0.40817365
0.2610483
0.11950318
0.2542004
0.17792167
-0.16921464
-0.36779326
-0.22857729
-0.3402271
-0.49685606
-0.43561602
-0.23311463
-0.4215211
-0.36353543
0.21051988
0.39116034
0.22649334
0.46633035
0.8913467
0.596312
0.37163314
0.72982955
0.52535635
-0.10882877
-0.29181913
-0.24623637
-0.2558256
-0.59388244
-0.4735377
-0.18508515
-0.42579353
-0.32986802
0.18096553
0.32910985
0.24627067
0.25514445
0.5429357
0.3858551
0.16366796
0.35693377
0.24396083
0.1271583
0.20126393
0.1465195
0.20781764
0.43579316
0.3210263
0.13898706
0.31127012
0.22092755
0.11307342
0.21470566
0.19044106
0.20899546
0.36699426
0.31862053
0.11772308
0.26862088
0.23856156
-0.13292262
-0.2652585
-0.16087142
-0.29752803
-0.4541894
-0.34254384
-0.24560885
-0.39593497
-0.2907202
-0.28487182
-0.52516055
-0.35674116
-0.46033108
-0.9472152
-0.6371456
-0.23208432
-0.6704262
-0.4918681
0.18244062
0.3005563
0.28984788
0.29759386
0.7174088
0.58816063
0.22698583
0.5736827
0.4667786
-0.21572801
-0.4828841
-0.3781211
-0.43043882
-0.84834063
-0.6003345
-0.2756456
-0.5517821
-0.29866123
0.11559399
0.21336345
0.18353476
0.20688277
0.3911839
0.3111337
0.19465852
0.30736017
0.22025411
0.10282748
0.2087974
0.18842207
0.20286891
0.561289
0.46247932
0.19075859
0.44301358
0.36893943
0.06464168
0.43159136
0.5411997
0.37185585
0.69251055
0.6393332
0.44549102
0.5770502
0.27755252
-0.13665393
-0.29780507
-0.22787607
-0.30436182
-0.5944247
-0.4745833
-0.22280836
-0.46457848
-0.37580562
0.27133554
0.9185033
0.7879474
1.0364859
2.0600114
1.5689545
0.8563322
1.5746721
1.2373754
0.3474959
0.5285335
0.2595338
0.40415457
0.81476605
0.57483405
0.11767674
0.46444437
0.424642
0.26539895
0.4346059
0.3285598
0.4254774
0.79444486
0.5993671
0.30138844
0.6325499
0.45067945
0.16325384
0.3224845
0.22005339
0.3032317
0.5488429
0.3956754
0.23767081
0.41213894
0.27188146
0.09294761
0.18151808
0.15265329
0.20088868
0.3888874
0.28212005
0.14836118
0.28142157
0.20715186
-0.07100175
-0.16246146
-0.12708049
-0.1358439
-0.47015736
-0.26872078
-0.12655549
-0.32406855
-0.19423796
0.083949246
0.32266086
0.3561875
0.44426647
0.7849151
0.5554965
0.4654893
0.6717865
0.42183247
0.21811216
0.38194615
0.34344015
0.44268334
0.8472377
0.7249627
0.3227077
0.70889896
0.58143
-0.072887205
-0.20412514
-0.17337823
-0.16536535
-0.41936743
-0.3563239
-0.12713175
-0.31828853
-0.2594894
0.13871145
0.26913923
0.18446802
0.2513458
0.54610133
0.44004616
0.19604586
0.43041065
0.34960622
-0.20241566
-0.25881752
-0.08146867
-0.33027828
-0.50266474
-0.2268124
-0.190662
-0.29713434
-0.14914161
-0.06299215
-0.17941374
-0.15900257
-0.1816328
-0.46902093
-0.3989323
-0.14864913
-0.39475235
-0.30133563
0.40674287
0.20567451
-0.81330335
0.7501174
0.26370874
-1.1198723
0.807899
0.012219209
-1.0465246
0.3733599
0.24160326
-0.22772247
0.5943668
0.6724403
-0.09652271
0.5410878
0.70333356
0.08403755
-0.17544422
-0.2676575
-0.19431274
-0.27106392
-0.35988197
-0.38439184
-0.21118292
-0.35532796
-0.33462644
0.13307758
0.27843663
0.29427832
0.3396288
0.7155385
0.6585994
0.29482815
0.6297729
0.54477304
-0.1767416
-0.21845932
-0.15605181
-0.24215356
-0.40759116
-0.28313598
-0.19524117
-0.3297897
-0.24417755
-0.17720452
-0.34419224
-0.22999895
-0.2888202
-0.6773291
-0.54753774
-0.16786821
-0.4924922
-0.42493132
0.2725998
0.43236166
0.3284191
0.44182453
0.70008373
0.49100262
0.32747173
0.5299201
0.37532756
-0.21876262
-0.37884328
-0.34613496
-0.35198098
-0.57381654
-0.5193748
-0.30740422
-0.56371176
-0.44000682
-0.15902308
-0.3990238
-0.31393102
-0.35723516
-0.82032686
-0.65345955
-0.20324966
-0.601477
-0.49051756
0.09285477
0.19606435
0.15873687
0.27406314
0.5620088
0.40492824
0.21051788
0.4374649
0.2940238
-0.15932466
-0.30926636
-0.21577479
-0.26567137
-0.7023829
-0.49677292
-0.20772892
-0.49115294
-0.38413984
-0.23466182
-0.4811407
-0.3490066
-0.2965012
-0.62838817
-0.46713224
-0.15554625
-0.23388414
-0.20986159
-0.14358905
-0.2813156
-0.17490324
-0.26577428
-0.6129746
-0.4235748
-0.18998946
-0.4144189
-0.30064502
-0.14418842
-0.30612642
-0.24358208
-0.2838392
-0.6772872
-0.48631084
-0.2899871
-0.6527719
-0.5506326
-0.30306447
-0.64001375
-0.4654717
-0.75722295
-0.8855801
-0.70446825
1.0914989
1.9210458
1.4970207
-0.12249224
-0.42267126
-0.22333415
-0.30100885
-0.7713393
-0.5700932
-0.20081367
-0.59061825
-0.4347041
0.20195514
0.3476682
0.24325699
0.29911333
0.6329242
0.4587074
0.29200205
0.5382854
0.40493745
0.26187846
0.45700714
0.3305022
0.4464865
0.8019451
0.6291071
0.31123585
0.6170605
0.488182
-0.22236483
-0.33412737
-0.23932274
-0.46992803
-0.79624736
-0.55760777
-0.37505394
-0.5998967
-0.42339435
0.098543055
0.23491392
0.17209616
0.24449049
0.52775633
0.405281
0.20566739
0.39379412
0.30076173
0.13519695
0.3571503
0.2762466
0.37296405
0.7561129
0.5973552
0.3137364
0.6327679
0.4664649
0.20560592
0.37676734
0.28611803
0.43531883
0.6958793
0.6121461
0.34139413
0.5711116
0.48726627
-0.16938868
-0.40970904
-0.26479438
-0.34236687
-0.752756
-0.5437281
-0.27775905
-0.6315043
-0.4686432
-0.023693696
-0.08404128
-0.061659243
-0.13286482
-0.34472647
-0.23585519
-0.21493047
-0.46233246
-0.32891092
0.5366553
0.641054
-0.5154593
0.7149945
1.0011609
0.77122295
0.17306416
0.6991222
0.78901505
-0.38084763
-0.15042867
-0.47348708
-1.0522287
-0.7850443
-1.1185309
-0.81685627
-0.69008183
-0.88903016
0.15870206
0.3315067
0.27924344
0.3460162
0.686008
0.6750783
0.24528888
0.62686807
0.63974416
-0.35681874
0.26072475
0.5045536
-0.4738638
0.26831746
1.238408
-0.7986519
-0.3334303
0.99221677
-0.3576487
-0.72756326
-0.60153794
-0.5542738
-1.09866
-0.92644423
-0.4808662
-0.827292
-0.65088135
-0.056116097
-0.14102907
-0.138678
-0.13591069
-0.39333823
-0.34532073
-0.1551243
-0.32379115
-0.29255918
0.09672892
0.20905048
0.15617496
0.21871203
0.48740515
0.3865911
0.18421076
0.4042045
0.31289932
-0.18168615
-0.32245368
-0.29831067
-0.29032475
-0.6479578
-0.5629876
-0.23771916
-0.5196491
-0.431552
0.17768723
0.2986422
0.24306558
0.31143183
0.58862597
0.47702697
0.21540883
0.42642552
0.33497798
