0.022173405
12.583429
0.048246622
9.44957
6.10995
0.3268586
-0.03806138
0.13751888
0.6287315
0.3279194
10.370609
8.047961
0.1266315
6.233434
7.6747465
7.232575
-3.0903065
7.3219233
0.5791104
-0.15527332
5.769866
-0.0054163337
-0.79582524
0.108219504
5.7925553
6.559702
-5.473723
-2.4916263
5.5221343
0.40584219
0.1484307
-0.08558154
-0.007695794
1.6505985
3.3440278
7.299889
5.6865907
-0.22333866
-3.7802572
-0.029571772
5.985216
8.89957
0.026448727
4.8938274
0.0069389343
-0.040610194
-0.3742597
0.38569838
8.058405
-0.25402904
4.0806646
8.195648
0.35396862
4.6579165
-0.015346646
-0.71325207
0.05526948
0.079453886
-0.09126699
0.16712749
0.04488933
16.746517
-0.2771355
8.340895
0.3439989
6.3105593
0.1411854
-0.19159079
6.7355595
12.59694
8.491333
5.503178
0.110324025
0.09255028
10.897272
-0.5521982
10.391232
15.047244
0.008440137
11.034852
8.72849
0.35750127
-0.15326595
-0.24779207
0.032195985
5.282478
11.865307
0.009772062
0.61500347
1.227163
-0.3756789
-0.017532706
0.40488482
5.3349724
4.877793
0.08594978
14.257103
-0.058309555
4.333837
12.352881
5.059491
-0.08640933
5.2239294
5.614335
10.419225
0.01685834
-0.042549014
0.17811024
-1.8371512
-0.0068354607
6.8432446
0.14184201
0.017490864
6.1130834
6.134997
0.29020905
-0.012728691
9.364964
-1.587749
0.43817675
-0.017496586
10.092726
8.656016
9.549608
-0.057796955
0.03755474
-1.4268835
5.6659126
0.43910813
0.18939161
11.019292
0.46652782
-0.000115036964
3.7213936
-0.012272477
8.547398
0.06346905
-0.015330434
0.21754658
4.197518
17.48175
0.2720768
10.399496
-0.0025564432
-4.844623
-6.2356715
9.236843
-0.021943212
0.047543764
-0.000890851
-0.2556517
-0.024371624
7.284321
-0.5722741
-0.06226015
5.791752
0.0550555
9.83134
7.446757
0.2895496
-1.012133
4.5331717
-0.012607634
5.4028625
11.502954
-3.9344122
4.250971
4.751858
0.11313748
13.800403
8.823385
7.4457703
11.413719
-3.7905593
5.463396
-0.16149426
0.008549571
5.871501
0.023464799
-0.0040779114
0.2056961
8.137732
8.026524
0.001938045
14.557667
0.11647999
-1.5206263
12.907555
9.615246
0.0557642
10.338118
0.03044355
