3.300364
7.535946
1.6849902
1.6299263
0.31562674
6.57139
-0.7500404
3.2930267
2.007194
5.4134216
1.954985
-0.46831727
-3.1891932
3.99843
0.32393962
0.9173616
-0.06516278
4.4685745
6.269834
1.7624949
3.0263681
2.1767256
3.6043239
2.8135653
2.2911363
2.3341627
1.3755682
2.2050462
2.0803084
-0.9244033
2.1190033
6.0634584
3.602935
-1.75963
3.6847568
0.24090743
0.682602
3.061376
1.3054507
0.7637892
2.1809819
0.63411915
-0.293311
3.3130558
-0.0944736
2.7997608
-3.269877
10.872613
1.2136827
1.2373338
3.7950087
-3.6125002
1.043268
3.8338284
1.2099762
0.43566036
3.3780615
3.381987
2.598902
2.1317952
-5.952232
-1.2210969
-1.5666436
3.9825945
3.924618
0.056023836
2.6867259
1.6158969
0.69120777
5.1057897
1.9849309
3.2018442
0.095801115
3.0704637
1.9474494
2.864767
4.6946454
2.0699077
1.957728
5.0479555
3.4894383
3.6792877
-5.9296513
1.4288403
-1.3911451
2.6561596
1.130882
-2.6407008
1.7837663
-4.0784955
3.4666476
-1.4348187
-2.7103615
1.5972061
0.48580122
1.1853371
-2.4869356
3.3605528
1.9272668
-0.6748291
4.068321
2.3058844
0.41740048
3.9089372
1.4633888
2.1415708
5.1050596
3.1803243
0.038366377
2.5858116
2.4278278
2.8768764
1.4069074
-1.6900295
0.9219227
2.9956415
1.6479664
2.5279737
-1.8336482
4.5276384
0.9730638
4.745535
0.3761798
0.23448539
1.035481
1.8640685
0.4660154
2.6964011
-3.6410956
2.0117898
3.824192
1.8803732
4.0893564
1.98345
1.9210385
0.4211226
0.8938527
7.692865
1.7987971
-0.6457974
-2.1064548
2.4790626
2.1979837
-4.075217
1.9294791
0.542958
2.153744
-6.8738112
1.6475773
3.1205971
4.430049
1.8372754
-0.01209116
9.472958
-4.0646815
4.7237763
1.6060879
0.57382655
6.215229
1.5285362
1.8583492
4.326434
2.7522435
-0.7173846
2.24795
1.5818282
2.3721943
1.9126517
3.519885
0.71825045
2.9494095
3.4489658
4.012623
4.433962
-0.7630879
2.9900613
5.838289
3.496874
2.5423393
3.4345074
3.7714207
4.4180427
-0.23565221
2.5224938
-0.97750306
5.432258
-1.1476517
1.7043464
3.8565881
3.1726875
4.879625
3.735456
0.23672211
3.5367966
-4.377399
-1.9120297
1.9728935
2.448853
2.891369
3.0858202
3.0337837
-3.0881953
-0.20371819
2.5869663
2.2636676
0.8015658
3.4458823
0.9084991
3.6473513
2.946298
0.44068956
2.935773
3.9764285
-0.10224998
2.6504464
-0.10547173
0.8801191
2.1221478
6.594182
-1.1133345
0.18308511
2.826081
-0.8482506
3.2466745
1.8678287
1.5636351
1.8926973
2.2131422
0.59893763
-0.59949803
-2.9315093
2.450475
1.3731762
-0.81989884
4.633469
3.588408
0.36484957
2.4585743
3.8494139
3.1443028
5.9490795
6.5852265
2.5727453
-0.80004114
3.7784264
-0.43564057
-0.13935673
2.008507
3.4281216
1.3206376
-0.19467175
-0.25894535
1.5757072
-3.1486049
3.1494174
-5.2677693
-3.0154805
0.43184218
2.1029353
2.1715696
2.4221668
1.4173775
0.24446651
0.82418036
-0.16611576
3.4496765
1.4753383
4.027293
2.792968
3.4811387
-1.4378117
1.8864222
-2.1021838
4.6403837
0.42373264
-2.3561015
1.5437206
0.17658177
5.674603
3.4190657
2.8215094
0.04149443
1.8045055
0.30433166
1.2949529
-1.3986228
-2.328239
2.8834543
1.5629419
3.5120206
1.6468875
7.6251564
2.353522
3.185823
3.6329417
0.9079915
-0.39486814
0.49370277
2.6608846
3.0848043
1.6008452
-0.0494242
-1.847868
4.499279
0.4407498
2.3620348
0.19429538
3.5046766
2.5616379
3.995216
4.6719275
2.6792874
2.7872496
0.058371544
4.7144537
3.704706
0.7158357
6.5211883
1.5572721
5.544063
0.20615125
5.6460285
7.5461845
5.234523
1.916409
2.3290148
0.7220736
2.1485076
0.6199332
1.0433351
-0.9024033
-2.3186834
1.557503
2.2249732
1.1058019
1.5541509
-2.1581368
1.3145374
0.7781011
3.801775
2.465242
4.568575
3.7852585
3.0083535
-2.0144296
2.4847245
0.6094723
-3.130824
0.8449254
1.3523419
3.291286
-0.3633697
5.029784
5.877211
2.926625
-0.29903233
2.620287
6.115461
1.5887736
-1.6412102
2.9531918
-1.6040783
2.131713
2.2519827
0.83809566
1.8549207
2.7676609
3.224698
3.8759818
3.208626
2.9935899
0.40944922
-1.8258059
3.4715848
-4.5826864
5.202047
6.025219
2.876312
-0.24786079
2.3450313
-7.5789943
1.1724919
3.04047
-3.936995
