0.70120347
2.744639
0.8597169
-0.9661211
-1.04025
-0.9299551
0.07422904
-1.5877726
0.06470824
-0.24217755
0.08464902
-0.26857877
0.063720234
1.1812737
0.22063428
-0.082427785
0.41457313
-0.11795207
0.19094461
-0.28505123
-0.0046825707
-0.50637573
-0.6856741
-0.5862866
0.021265911
-0.27809736
0.08796954
0.34519193
-1.0171398
0.3028721
-0.3326362
-4.150934
-0.14884415
0.74385726
-1.0657243
0.27320874
-0.20193146
-1.1521225
0.29565752
-1.3506668
-0.7500782
1.0762196
0.007542754
0.42286322
1.432563
-0.31017876
-0.26697722
-0.3150978
-0.18767422
-0.20326984
-0.29922032
-0.32610932
-0.3611443
-0.38807938
1.3215834
0.60923684
0.22380255
0.88666487
-0.57063216
-1.1310838
0.28943604
-1.0093008
-0.63478476
0.5070481
1.8825072
0.6988033
-0.43437114
-0.8432152
-0.5603801
-0.19647892
-0.9424883
-0.16098662
-0.93128264
-0.47048202
1.0687155
0.8039131
0.6214232
-1.1167842
0.524001
0.33609205
-0.92013407
-0.17516524
0.2943325
-0.06561465
-1.4492391
2.65844
-1.5930787
-0.32983828
0.7223815
-0.22103873
0.1232525
1.9906154
0.13881652
-0.28291586
-0.6082062
-0.18827587
0.10404199
-1.2344942
-0.035620727
-0.019119417
-0.17546377
-0.10640227
-0.13379218
1.5079439
-0.09025514
-0.12912102
-0.049296748
-0.14152573
0.021974841
-0.23636468
-0.019607082
-0.038963407
1.6735026
0.1363743
0.022109874
0.04563291
-0.08106894
-0.5047345
-1.064372
-0.36097673
-1.1054186
3.8810246
-1.1766721
-0.71983004
-1.0917038
-0.56641465
0.13619284
1.1737219
0.17177138
-0.032590635
-0.43323734
-0.08795337
0.03984962
-0.77733725
-0.052657247
0.5553969
0.66575223
-0.11540216
-0.28782484
2.328863
-0.47150806
-0.41675174
-0.9187159
-0.62327343
-0.05322009
-0.7119782
-0.15625729
-0.4881101
1.7405688
-0.03650103
-0.18743007
0.15249236
0.04028154
0.48181924
1.5160819
0.50397956
-0.28508037
-0.23601499
-0.39294553
-0.20071717
-1.1979684
-0.12994823
0.03812617
-0.14404003
0.054709524
0.004580217
2.0675514
0.19821514
-0.059408013
0.0240375
-0.10104878
-0.45794898
-0.104399204
-0.47463158
-0.021805841
0.4689567
-0.092697866
-0.58918554
-0.05471819
-0.5560199
-0.4575295
-0.7575097
-0.32878354
-0.48787007
2.8990743
-1.0878085
-0.28703514
-1.1458198
-0.24185388
0.8015503
-1.2052124
-0.07150038
3.2145927
-1.5074707
-1.4571875
0.5884031
-0.8276946
0.21452586
0.24669015
-1.6401291
0.26317334
-0.553745
-1.193628
-0.7419386
0.22052002
2.8163245
0.29674634
-0.16466358
-0.21284355
-0.16482085
-0.22297084
2.0149739
-0.33023712
-0.21679688
-0.26318786
-0.21525818
-0.015186224
0.45034927
0.8779404
-1.1867329
-0.14413036
1.1275413
-0.52004695
-1.0395783
0.18043303
-0.08036523
-0.049629036
-0.098596655
0.0017263389
1.0674993
0.14153099
-0.12481711
0.1412214
-0.09702755
-0.039498433
-0.00089584995
0.0863346
-0.15985745
-2.1744678
-0.403464
0.08842341
-0.45332527
0.091062926
0.0050348016
-0.102987245
-0.03232099
1.7229369
0.21373302
-1.6719428
0.024319833
-0.059110533
-0.28471163
-0.2257841
-0.0290803
-0.34468362
0.1578756
2.8369615
0.2651269
-0.3213765
0.2684992
-0.3634914
-0.14887446
-0.37055016
-0.19937623
-0.22751273
-0.31659544
-0.28114423
-0.21671385
-0.28431994
-0.21546546
0.04334285
-0.07998547
0.03188459
0.028607083
2.4347415
0.17492741
0.054823887
0.18003353
0.062356804
-0.23158759
-0.45681587
0.53087914
-0.4204449
0.17963453
0.51563555
0.509523
0.6135415
-0.4893072
-0.12202357
-0.081713356
-0.13434683
-0.11181768
1.5965962
-0.043178733
-0.15551487
-0.04555843
-0.14887366
-0.23082666
-0.23987378
-0.17138521
-0.81180155
-0.0043442785
0.5641819
-0.17912008
0.022957673
1.0014666
0.28018448
0.84849185
-2.3654106
-1.0827365
3.1828997
1.0679293
-0.12172422
-1.7650229
0.87323195
0.16126162
-0.14001037
-0.17815204
1.2968273
-0.56452084
-0.63405573
0.38755003
-0.08110423
-0.25253493
-0.029162468
-0.01955978
0.007720439
0.14692229
1.4079162
0.26669917
-0.13956489
0.47111842
-0.11955127
-0.17416443
-0.13127881
-0.062797695
-0.3087071
-1.5733626
-0.54425424
-0.0754025
-0.5290684
-0.07543192
-0.45437998
-0.16457279
-0.10656491
-0.36172286
2.1458132
-0.25553223
-0.21939805
-0.077801324
-0.1884978
-0.35185638
0.206249
-0.4038628
-0.17279819
3.4889228
-0.09087633
-0.31490207
0.38909966
-0.27643365
-0.030659994
-0.07228834
0.010435887
0.21518926
-1.1664886
0.15063174
0.034510814
0.39623427
0.017443031
-0.29573298
-0.041778866
-0.25842413
-0.11342271
-0.20709744
-0.14799806
-0.3063378
-0.19711047
-0.32693887
-0.283259
-0.19839591
0.6300003
2.4705846
-0.2623925
-2.1391258
-0.6049826
-0.23232123
0.870018
-0.46327713
-0.7116294
0.86019915
-0.21308498
-1.9797593
2.6841085
-0.4919753
-0.8270306
1.1914642
-0.04782191
-0.10164861
-0.13664803
-0.18322723
-0.64323336
-0.23881596
-0.025156489
-0.2843919
-0.10342726
0.40378118
-0.11874508
-0.14895459
1.7434332
-0.32779592
-1.5081688
0.3969997
-0.30089366
-0.16566932
-0.31392488
-0.18865006
-0.27133515
-0.134783
-0.065425605
-0.16548048
-0.23779356
-0.1841765
-0.28404838
-0.6024748
-0.4412246
-0.677482
-0.46571732
-0.43623096
-0.51501614
-0.6853212
-0.3906746
-0.7618292
-0.28973553
-0.41151968
-0.29635242
-0.4485869
-1.0749773
-0.47688603
0.23705631
1.8192084
0.26566377
-0.4321844
-0.44057316
-0.45281819
-0.21766706
2.2084036
-0.28119314
-0.38641688
-0.25401178
-0.3231459
0.48047855
2.3677983
0.57361984
-0.98048943
-1.0590123
-1.0261836
-0.0922092
-0.36252856
0.0195043
-0.15618752
0.21418995
-0.18030961
0.2579692
1.5392234
0.44097275
-0.098086
0.40235528
-0.11845836
-0.2539577
-0.5411933
0.82043976
-1.0450834
-0.8455899
1.9647865
-0.05237329
-0.5964767
0.62394404
-0.010168512
-0.049894664
0.013632017
0.2641077
-1.3255073
0.19580874
-0.02180109
-0.045984294
-0.010143073
-0.23001567
-1.2704186
-0.33175734
-0.17854737
-0.3126148
-0.3343907
0.4468718
1.6135949
0.60969526
0.034591008
-0.41782033
0.31215584
-1.4050498
-0.8994508
2.249969
0.058419444
-0.5091629
0.42070886
0.6201062
-0.31258404
-0.34890395
1.8025928
-0.24366148
-1.3086579
0.53804916
-0.26926202
-0.3713108
-0.02907078
-0.2261683
-0.008746827
-0.18032637
-0.7892642
-0.17827775
0.027518285
-0.16170269
0.029057084
0.23258634
0.47604322
0.34927726
-1.1859165
-1.1430787
-1.3474686
0.28578413
-0.06456739
0.40053418
-0.14146233
-0.110069886
-0.10208973
-0.10622718
-0.40780568
-0.16891398
-0.08666817
-0.14097509
-0.08669581
0.088727415
0.3135327
0.13280936
0.32805037
-1.9728334
0.27337372
0.2285224
0.21652272
0.2240937
0.27919987
-1.0424335
-0.51832485
0.86980075
-0.24489745
-1.1754452
0.92357844
0.39206746
0.30953386
-0.39206505
-0.72006047
-0.65945923
-0.6042418
2.8301184
-0.3872286
-0.4073385
-0.1345979
-0.5289671
-0.32865733
-0.1424091
-0.40634826
0.04460727
1.8563925
0.27534977
-0.1515972
-0.70448077
-0.21803416
-0.37008017
-0.2702709
0.5910219
-1.5306681
-0.30840242
1.9590281
-0.26691878
-0.346845
0.535241
-0.20063522
-0.66114897
-0.16387965
-0.6300031
-0.18286061
-0.56498206
-0.19534256
-0.5302895
-0.19156693
-0.44710463
-0.24040096
-0.47940233
-0.20957164
0.09485111
-0.11035987
-0.5507062
-0.15601194
-0.52778023
-0.17672154
-1.1209309
-0.20912023
-0.40303576
-0.45315132
-0.30497864
0.44439623
1.5100027
0.5245454
-0.32422417
-0.46108687
-0.3288617
-0.19295007
-0.29621464
-0.2887171
-0.2895728
-0.20003274
-0.33520678
-0.013952313
0.08241646
0.026268959
0.034315493
1.1316612
0.06821207
0.014400744
0.065568164
0.06608577
-0.5109659
-0.057932865
0.35037702
-0.4668756
-0.97337574
-0.30633593
0.3589664
-0.64895
-0.68264997
-0.22490914
-1.1163706
0.23149376
-1.0564768
-1.508812
0.8506606
0.29152033
0.5946993
1.9699249
0.20233457
0.1018438
0.18737456
0.03033933
-1.4628624
0.09969702
0.24120688
0.09714687
0.25343367
0.3941192
0.7267657
-0.2379319
0.24101724
-0.90194523
-1.0171999
-0.39418298
-1.124633
0.16950023
-0.6025402
-0.06374221
-0.42267624
-0.10772848
0.123460844
-0.17536992
-0.6729876
0.035990335
-0.6356761
0.48003036
0.04465506
-0.047088504
0.75669664
0.31606585
-0.8599177
-0.040057812
-0.109191045
-0.36626303
-0.06278053
0.11445535
-0.020970412
0.09938031
1.2133232
0.16563155
-0.13653862
0.23358794
-0.08086423
-0.13217773
-0.5074695
-0.08484422
-0.0017297535
2.7214491
-0.073279776
-0.31828624
0.04507722
-0.2499464
-0.16179228
-0.30163443
0.631969
-1.020367
-0.76491374
1.7747277
-0.51231873
-0.5317116
0.570444
0.59527946
-0.7887625
0.060571004
2.614829
-1.8690181
-0.54072326
0.87785083
-0.9737133
-0.003287531
-0.21359672
-1.7599156
-0.24242584
-0.24952294
3.3313208
-0.21177474
-0.11097245
-1.3739239
-0.15421976
-0.1883304
-0.86282927
-0.14440985
-0.17098664
-0.11966891
-0.2349713
0.382607
0.99221045
0.4104236
-0.19440062
-0.09509626
-0.21032453
-0.27515563
-0.19692889
-0.31391552
-0.2756358
-0.34879357
-0.27918282
0.11105977
-0.89126563
0.24040534
-1.9047503
-2.039339
4.235278
0.022123808
-0.85455
0.80563194
-0.5846845
0.015459294
-0.5259848
-0.14616886
2.6918547
-0.046771646
-0.5299284
0.5211148
-0.42586944
-0.07252531
-1.2887528
0.069421016
-0.6166024
-0.76038426
-0.76317984
0.34329185
2.2127852
0.28415585
0.4290544
-0.23451191
-0.23803256
1.5658101
-0.107197925
-1.4926876
0.4113514
-0.23341648
-0.30571535
-0.013774694
-0.17704044
-0.38592988
0.48250648
0.5704403
-0.8820792
0.37274098
0.12356693
-0.103439406
0.0016031986
-0.531942
0.03158006
-0.34307873
3.3048089
-0.19057971
-0.18778005
-0.12926814
-0.066318445
-0.52478784
-0.25567275
-0.41299638
0.024313428
-0.81646544
-0.1783387
-0.8766278
-0.2689402
-0.6188005
0.19683339
1.6416574
0.3195296
-0.30048138
-0.7468329
-0.32517755
-0.26103064
-0.54115945
-0.27584133
-0.45021275
-0.31124878
-0.58190036
-0.115194686
-0.023390397
-0.22023183
-0.4242334
-0.30731642
-0.559997
-0.014227232
-0.4166065
-0.26543733
-0.30628592
-0.60025
0.23580031
-0.011366516
-0.10382351
1.3799925
-0.17417033
-0.037840173
-0.119765624
-0.23852557
-0.30997017
-0.343931
-0.15432915
-0.22994623
-0.24380194
0.45767143
-0.31209767
-0.18597746
1.4471831
-0.2898159
-1.101108
0.46485278
-0.25133714
-0.20487191
-0.9783703
-0.50866276
-0.7436136
-0.66905046
-0.06600198
-0.6038934
-1.2994355
-0.6255455
-0.7817464
-0.00781795
-0.005426194
-0.0169056
0.023445524
1.1751881
0.09262685
0.03228621
0.19017562
0.02145604
0.16271164
-0.20014894
-0.028316403
2.7362626
-1.7629815
-0.9467774
0.42840514
-0.6505457
0.28489473
-0.64677936
-0.57097834
-0.54752177
-0.42021385
-0.46412358
-0.3759517
-0.29131922
-0.17980443
-0.6088526
0.0024824883
-0.050195087
0.08832467
1.3079218
-2.621746
1.3195362
0.09320666
-0.045373205
0.14318173
-0.3205063
-0.51030016
-0.40076095
-0.5542655
-0.3383553
-0.5739696
-0.37898365
-0.20160878
-0.408544
-0.27284762
0.08189911
-0.3866234
0.32038084
2.14119
0.34370494
-0.24073023
0.5917332
-0.29907858
0.05410424
-0.8619546
-0.13443245
-0.1759031
-1.4523985
-0.2717311
0.17727973
2.1800437
0.5037642
0.18106975
0.39708248
0.10876242
-0.005120867
-1.8540666
0.34799668
0.032082487
0.0035227465
0.24703234
1.214295
0.14902817
-0.09753708
0.38728896
-0.33537173
-0.5289242
-0.160567
-0.46314096
-0.21127917
0.22469708
-1.3202276
0.14917654
0.050070222
-1.0958633
-0.23346612
-0.0727275
2.2870631
0.1013345
-0.19894968
-0.19062477
-0.25283557
-0.27080873
-0.44606087
-0.33822587
-0.38771185
-0.30817875
-0.39176193
-0.08854047
0.29073817
0.2744845
0.43178293
1.255945
0.39775553
0.1737533
0.57618296
-0.06748518
-0.041497163
0.014036122
-0.094175786
-0.5231589
1.5832658
-0.41469076
-0.093480505
0.15249681
-0.085401595
0.06266733
-0.90386987
0.8403766
-0.8219344
-1.905399
2.741785
-0.19485232
-0.96087676
0.9926723
-0.069808096
-0.5458331
-0.18161505
-0.5932728
-0.37098795
-0.6173858
-0.26757956
-0.5921703
-0.3847707
-0.28238356
-0.25581813
0.35517022
-1.2054152
-0.27196836
1.6364158
-0.360413
-0.1547954
0.4724823
-0.21681814
-0.32465908
-0.24308233
-0.28607413
2.1986444
-0.1298011
-0.2484057
-0.1769461
-0.30930737
-0.3095436
0.070566416
-0.36414492
0.020830043
0.5027274
0.05650215
-0.39320847
0.0126269385
-0.37828106
-0.30003262
-0.11619595
-0.3385567
-0.17703176
1.968329
-0.1384617
-0.1700887
-0.07714739
-0.25371823
-0.1257229
-0.59168863
-0.31362936
-0.19126074
-0.76750034
-0.40851185
0.40918812
1.311436
0.548463
-0.42878672
-0.41336352
-0.39694032
-0.545432
-0.2979363
-0.5398009
-0.3878432
-0.35986385
-0.5028962
0.00014327865
-1.0418046
0.10505096
-0.37770313
-0.99179804
-0.39272106
0.2316875
2.053141
0.21929571
-0.17182678
-0.116657756
-0.18331343
-0.21796906
1.5624074
-0.17069657
-0.16441178
-0.086169094
-0.1772093
-0.5183758
-1.6026596
-0.62656975
-1.3857781
4.939984
-1.2117584
-0.66563743
-1.0930924
-0.5771279
0.112224415
0.6639483
1.539233
-1.1021441
-0.684556
0.8916973
-0.6715157
-1.1061943
0.39043787
-0.18686333
-0.23754612
-0.28768852
0.032718394
-1.8202807
0.032128617
0.06317851
3.1560655
0.26625732
-0.15422538
-1.2982726
-0.08427952
-0.25936496
-0.101547584
-0.44142357
0.44991225
1.4641887
0.4809355
0.6685587
1.7351661
0.78683984
-1.0510572
-0.037390564
-1.0199637
0.2700722
-1.2476078
0.08708221
0.023509264
-0.33852693
0.006688508
-0.3682685
-0.40964097
-0.4615228
-0.019774275
-0.2913868
-0.037602834
0.20024236
0.4290884
-0.3389325
0.20287058
1.114402
0.41514048
-0.112940036
0.50024444
0.3205493
-0.5547682
-1.1146184
-0.5153018
0.4045872
0.8630575
-1.2815222
0.34779
0.2505249
-0.6197823
-0.3320923
-0.10834818
-0.4299217
-0.14500917
2.8396528
0.08404354
-0.43363667
-0.09957154
-0.4081025
0.07772494
0.24860191
0.20079555
-0.038161334
1.5375329
-0.71880674
0.3547679
0.2959703
-0.41770342
0.1134111
0.35472387
0.0633258
0.4021552
-2.8451915
0.35207307
0.1751354
0.38693503
0.1032124
0.1832676
-0.31541225
0.1791413
-0.3654426
-0.55354553
-0.4563214
0.13400863
-0.32609668
0.11942225
0.062323567
-0.034639854
0.0044397996
-0.025806267
-1.1088638
-0.07934445
0.021620786
-0.08929855
-0.024393838
-0.1544357
-0.7841213
-0.0118794795
-0.2836427
-1.3586677
-0.4876367
0.4838866
2.140845
0.5389915
0.19408287
-0.5791169
0.4428467
-1.4353137
-0.5239521
1.9244603
0.020733913
-0.63408136
0.34763497
0.17635408
1.5487212
0.2477822
-0.28855604
-0.22540054
-0.23001999
0.094711706
-1.3695463
-0.014954861
-0.02745865
-0.18761306
-0.002549353
0.042000562
2.1727898
0.16481183
0.11243271
0.07349481
0.21970956
-0.2282941
-0.02946685
0.33883208
-1.2032063
-0.20419388
1.2918468
-0.3563283
-0.29219028
0.41263804
0.21020669
0.022986878
0.22200194
0.11123651
-1.661694
-0.080122806
0.16959473
-0.08742822
0.16968314
-0.38239285
-0.11123475
0.45615965
-1.3739449
0.08753257
1.2513808
-0.38869244
-0.08987862
0.49908203
-0.12385306
-0.23191452
-0.11462404
-0.29167062
1.7386258
-0.24560355
-0.14536303
-0.2141202
-0.16446148
-0.21088816
-0.063527495
-0.23593315
-0.1531738
-1.2143497
-0.030522857
-0.13462073
-0.51684856
-0.25901264
-0.4195756
-0.6512574
-0.43014234
-0.72701275
2.8738666
-0.5844709
-0.31082666
-0.31571236
-0.2552419
-0.10606819
-0.44082215
-0.025219787
-0.6906279
2.8524435
-0.5828317
-0.043016214
-0.8564451
-0.03387088
-0.28464526
-0.14517549
-0.29476964
-0.26502645
-0.18493292
-0.29038578
-0.23781578
-0.22564389
-0.2676841
0.033532854
1.7594409
0.084126
-0.15043686
-0.44057602
-0.10461725
0.0777449
-1.3442557
0.016841438
-0.040381335
0.2518544
-0.04489036
-0.49087146
-0.5099678
-0.47356626
-0.19005312
-0.053630397
-0.23986931
-0.24688677
-0.8763488
-0.21078436
-0.40461624
-0.6421559
-0.5289333
0.65907073
1.7749848
0.6900654
-0.18703705
-0.047671042
-0.24787961
-0.11414769
2.0703588
-0.17267722
-0.22048116
-0.18487029
-0.25409865
-0.06034942
-1.1723439
-0.012121675
-0.44295177
-0.5646943
-0.5054896
0.35930339
2.0200632
0.41808593
0.31698453
0.003973904
0.52991974
0.21279018
0.69928026
0.059051547
0.25200015
0.26216915
0.4352243
-0.021489907
0.6419772
0.6362176
-0.19096649
0.15585579
-0.0006712975
-0.3326773
-0.69083476
-0.0606128
-0.1466489
-0.09496429
0.25230035
-1.4377707
-0.21782978
1.7410403
-0.314663
-0.10645704
0.4012165
0.4856212
1.2378829
0.4770383
-0.12479306
-0.7154355
-0.10815084
-0.41922858
-0.3970116
-0.39321592
0.14575908
-0.044943493
-0.18823063
-0.47243637
-0.81045735
-0.7104508
-0.35006613
-0.20609637
0.22065149
-0.59774745
-0.37194255
-0.6975419
-0.31448767
-0.39776918
-0.32027248
-0.64250165
-0.45033938
-0.7335678
0.14151986
-1.5676715
-0.46069998
0.4365482
2.6151009
0.71554285
0.0034760921
-0.94782376
0.19386466
-0.5590481
-0.8625261
-0.60803056
-0.35179052
3.487608
-0.38024718
-0.41851193
-0.20391877
-0.48862883
0.5695486
-0.27797607
-0.2478045
1.2228265
-0.27535743
-0.9313785
0.49947593
-0.3928681
-0.48942882
-0.24110547
-0.11869566
-0.3066481
-0.07279477
0.047673326
-0.13693103
-0.34670818
-0.11430369
-0.35683775
-0.21475933
-0.40941477
-0.17733996
-0.37172112
2.3544166
-0.40172917
-0.14284082
-0.66187936
-0.12806222
-0.036306694
-0.24691062
-0.07091613
-1.2487303
-0.20450808
1.8927659
-0.20059326
-0.11167104
0.19918923
-0.28336236
-0.17654242
0.40182388
-1.1857225
-0.28448567
1.2519313
-0.47938472
-0.25251696
0.45680553
0.104304045
-0.38090512
0.10492352
-0.52211773
-1.3774747
-0.5013885
0.031190075
-0.59085304
0.060393844
-0.12576982
0.40683642
-0.04489032
-0.8952239
1.4375083
-1.0076286
-0.17989407
0.46968222
-0.059644002
0.6086066
2.8680139
0.9501523
-0.78016216
-1.3612512
-0.93468297
-0.12521285
-0.9182866
-0.2395897
0.1417416
-0.3209453
-0.42774358
0.62560034
-2.2383714
0.24262401
-0.41787395
-0.54532665
0.49669653
-0.15233585
-0.4072423
-0.06549919
-0.36629638
-0.11396908
-0.45978367
-0.03007415
-0.48050222
0.024719113
-0.029576084
0.28015697
-0.25610343
-0.37083298
1.6220034
0.29378927
0.0007156479
-0.4882489
-0.29790923
0.15456131
0.23062667
0.13673247
0.28881574
-1.8083429
0.30270654
0.107420355
0.25517103
0.161288
-0.023372954
0.021238428
-0.03456399
-0.038009487
-0.6303597
-0.14723116
-0.026039632
-0.06600004
-0.02965898
-0.044637445
-0.014217834
-0.07237457
0.016204404
-1.7374724
0.010702243
0.012729672
-0.066419534
-0.120870605
-0.031959396
0.18020299
0.10355228
-0.8696798
1.2037537
0.4004628
-0.60924137
-0.0135750845
-0.18950562
-0.09131927
-0.9174814
-0.08378509
-0.4020594
-1.4649782
-0.5168937
0.29246855
2.492127
0.32490617
0.2689953
-0.12670206
-0.1686428
1.2489132
-0.016601458
-1.1604402
0.44239065
-0.24172595
-0.3042902
-0.22236402
-0.10320658
-0.26485598
-0.16605084
1.7672455
-0.12986664
-0.23447251
-0.1510843
-0.2174644
0.50464004
2.1607919
0.4774921
-0.6522353
-0.5204634
-0.5905373
-0.119898446
-1.5648088
-0.10112328
0.0067676255
-1.2330295
-0.1942607
-0.6236192
-1.451489
-0.9569542
0.45187694
2.8417153
0.95830786
0.38186094
1.8796642
0.42969954
-0.40957975
-0.75320697
-0.34707624
-0.08168995
-1.0815856
-0.071756184
0.5471959
-0.7102783
0.0016845334
2.210614
-0.8239441
-1.3582267
0.5875206
-0.6298088
-0.06917338
-0.26419896
-1.0921377
-0.26547053
-0.2784127
-0.19395955
-0.35743845
0.42169383
1.5119226
0.33471173
0.5723181
-1.1809134
-0.010150534
2.0236945
-1.0534749
-1.1866511
1.1309913
-0.41148457
-0.44363895
0.31576577
-0.41687763
0.42433217
-1.2344971
-3.4900508
-1.7730469
0.36670634
-0.62232
0.13480681
0.11122451
-1.3676482
0.011236121
1.3572071
-0.7979059
-1.4022198
0.76567733
0.9317988
0.28654364
-0.6764194
-1.1509447
0.31828547
-1.3113756
-0.3590294
1.2975304
-0.07691333
0.3549444
1.149667
-0.119101
-0.29651523
-0.09284166
-0.15060998
-0.46839395
-0.1312756
-0.114682354
-0.32911095
-0.19212474
-0.093641706
-0.62695175
-0.24100742
-0.96215224
-0.8370903
-1.1487384
-0.2902463
-0.7868305
-0.35754618
-0.45793235
-0.066112235
-0.45405868
-0.027423732
-0.5470041
-0.10207797
-0.20203845
-0.23558164
-0.33408597
0.051665723
-0.7841291
-0.022408474
-0.42947498
-0.91930246
-0.47169214
0.41646338
1.8170304
0.3156467
-0.018718729
-0.14015208
-0.13918902
1.3454967
0.28552455
-1.2217481
0.22899508
-0.20471393
-0.0970973
-0.16401489
-0.22677775
0.5077823
-1.0653547
-0.6710288
1.579046
-0.097775236
-0.53942776
0.6109799
-0.35182303
-0.45354703
-0.33452618
-0.13386609
1.8567597
-5.886186e-05
-0.22086689
-0.040984727
-0.24867375
-0.39613828
-0.3926443
0.25654614
-1.3341513
-0.21829575
1.4994146
-0.35090795
-0.37497544
-0.19698358
-0.59523666
0.12262981
-0.6701982
-0.64803946
2.3721347
-0.54777414
-0.49789014
0.013592442
-0.41934252
0.17768128
-0.24043974
-0.07521781
-1.2020344
-0.9595025
2.534473
0.15395571
-0.2328677
-0.083189756
-0.18835358
-0.5480985
-0.14055233
0.14540246
-0.9004206
-0.39190626
1.7809892
0.27593532
-0.098798014
-0.11225693
-0.2805009
-0.11353251
-0.25903976
1.9920418
-0.17588663
-0.17440957
-0.124445505
-0.16863106
-0.38208154
-1.4626757
0.20219336
0.3926681
2.6705692
0.42905474
0.32157388
-0.8313991
-0.5848699
-0.12700929
-0.48500565
-0.02681473
-0.55880743
3.627436
-0.6104377
-0.30120543
-0.1842922
-0.20952705
-0.0062473905
-0.8787436
0.4138232
-0.3503455
-1.6965749
2.9058366
-0.12508827
-1.233467
0.89948183
0.4079717
1.3730197
0.42445847
-0.21370031
-0.5756764
-0.23981193
-0.16151388
-0.847536
-0.17299818
0.6645708
3.0701137
0.7982642
-0.9101705
-1.4788731
-0.86604637
-0.015241441
-1.2401829
-0.09647549
-0.26649696
-0.16167916
-0.24151404
-0.46343526
-0.10443871
-0.5096731
-0.31034625
-0.41113254
-0.33659527
0.077570505
0.14675151
0.098638125
0.16923973
-2.8195202
-0.074265644
0.026898416
-0.083703056
0.07096178
0.24651161
0.56136286
0.12866178
0.17499249
-1.8084774
0.22196576
-0.08935467
-0.18454355
-0.06726045
0.28858206
0.22378913
0.3820428
0.49808124
1.2978482
0.4459407
0.031050313
0.71298194
0.19736598
-0.11693276
-0.096429236
-0.12490886
-0.08776246
-0.33761123
-0.10216152
-0.06448018
-0.23668233
-0.1710463
-0.08380541
-0.50113136
0.5917877
-1.5969951
-0.38617602
2.1854124
-0.3260115
-0.47924292
0.53765506
-0.56641805
-0.3775508
-0.6512964
-0.4719144
0.17871359
-0.44048998
-0.39159626
-0.44002655
-0.6756136
0.1685751
0.14350605
0.13158521
0.29563206
-2.0558634
0.4006531
0.14244236
0.21202312
0.16825664
0.17249848
0.19088691
0.20736396
0.040700104
-1.7757951
-0.11001666
0.17907389
-0.06457121
0.1456438
0.4741996
1.1795338
0.5081433
-0.20339905
-0.13808762
-0.11576805
-0.21416336
-1.0768214
-0.27970162
-0.025593879
-1.5723698
-0.12369409
-0.36351746
-0.23864782
-0.27666917
0.39871073
1.7006848
0.47926125
-0.12024572
0.793072
-0.49215168
1.1354773
0.08986006
-0.43559745
0.8730609
-1.2404116
-0.45596525
0.5235211
-1.1135367
0.35170144
-0.7769989
-4.969216
-0.7087584
0.15359317
-0.29514048
-0.005367708
-0.08800507
-0.35434622
-0.13830274
-0.2572438
2.3513954
-0.26643607
-0.16301858
-0.23330742
-0.16129619
0.34236208
0.16757977
0.11719554
0.5425533
-0.69791764
-0.25120056
0.2644091
-0.13132498
0.012673862
0.34063065
0.85467845
0.007913366
-0.059335142
0.45902923
-0.18955445
-0.008256474
-0.86122024
-0.45199525
-0.13020296
-0.24570577
-0.14832383
-0.2091361
1.730091
-0.18457031
-0.14671028
-0.14426848
-0.16855507
0.3110169
0.90944946
0.3834431
-1.0240897
-2.4290793
-1.549674
0.083977
0.7648502
0.5702334
0.73483
0.55743665
-0.07590938
1.1379427
-0.46059892
-1.0926934
0.12331676
-0.9131098
-0.22278826
-0.138762
-0.32616544
-0.1868231
-0.2702001
1.5572338
-0.16240156
-0.17751065
-0.14546174
-0.21135564
-0.09455007
-1.2178923
-0.17778268
-0.2141696
-0.29807636
-0.27226153
0.39690474
1.4042734
0.45168814
-0.09361138
-0.2516434
-0.13169466
-0.32091406
1.7329066
-0.1682868
-0.017770479
-0.27902737
-0.12300648
-0.3390329
-0.53616136
0.056759648
0.1511166
1.6592844
-0.21582359
-0.08059177
0.32543215
-0.30712983
-0.17186616
-1.0701691
-0.14760113
-0.18547717
1.0364316
-0.039601292
0.016382664
0.8101511
0.051629923
0.060658634
0.082062304
0.045218106
0.17673701
-1.4161226
0.10519749
0.12008703
0.11382926
0.10333114
-0.16223086
-0.12115958
0.22604246
-1.2987726
-0.18498611
1.3862665
-0.22393309
-0.15317382
0.27498996
-0.16183776
-0.15075232
0.47941878
-1.2351874
-0.13952963
1.4268528
-0.28763604
-0.35833684
0.31441668
-0.15941782
-0.1291197
-0.1491799
0.03375886
-0.41411698
-0.3817511
-0.12304153
-0.13349621
-0.234427
-0.28505772
-0.16054961
0.41108093
-1.3558098
-0.30276284
1.5279208
-0.15128483
-0.2498544
0.35341874
0.0482628
-0.0028057895
0.052373115
-0.05655191
-0.9804532
-0.16511844
0.052624162
-0.172809
0.058000673
0.19937564
-0.14809075
0.12059444
0.33120605
0.8262879
0.44299245
-0.24917416
-1.4499158
-0.36607528
0.1443754
-0.0880979
0.16053884
-0.08674924
-2.7267206
-0.13246046
0.074602336
-0.34136721
0.0038527946
-0.012814692
0.5666667
-0.039825246
-0.08228353
-2.9013214
-0.22430111
0.23658581
2.0473936
0.2674597
0.047693722
0.098419234
0.12822416
0.3781493
1.6824028
-0.33730242
0.048454277
0.14369595
-0.026173476
0.47702995
1.6055657
0.29316553
-0.34535915
-0.27224523
-0.43317503
-0.3096693
-1.2344968
-0.32100266
-0.18437885
-0.86362344
-0.07765634
-0.75372046
3.0752501
-0.70359993
-0.19392948
-0.55814195
-0.10070059
-0.14590916
-0.22419506
-0.17361216
-0.16543753
1.6980808
-0.10784975
-0.22332346
-0.10500738
-0.2474202
-0.46514633
-0.52678347
0.5352361
-0.76860833
3.519559
-0.98294085
0.5556374
-0.8458482
-0.37204033
-0.34549552
-0.6275831
-0.39660552
-0.6447139
-0.78655714
-0.58579254
1.0297165
1.8269098
0.9975259
-0.14459862
-0.07929374
-0.17830686
-0.14886104
1.4039971
0.027983576
-0.13570487
0.071218394
-0.15334567
0.34851754
-0.12661275
-0.3555838
0.21705319
1.0227017
-1.0093713
-0.63698715
0.65818995
0.92971313
-0.46908993
0.20617571
-0.47807896
0.21398716
2.289548
0.3398931
-0.52310777
0.1692122
-0.5308699
-0.44319442
-1.0404656
-0.129106
-0.059541583
0.39032707
0.08132904
-0.14138588
0.83568907
0.3314706
0.29090655
-0.1537164
-0.12318245
1.3330281
-0.0909165
-1.1784847
0.25379366
-0.13098878
-0.21208991
0.4226284
-0.1892272
-0.0787338
-1.8770342
-0.73570824
2.5723844
0.30571458
-0.15695965
-0.20270397
-0.007967317
-0.15794007
-0.018189915
-0.02952216
-0.7352382
-0.09961991
-0.05769862
-0.20280534
-0.07697534
0.46023417
-0.29945713
-0.14073843
1.4829758
-0.29526138
-1.2480853
0.47539818
-0.31801468
-0.23567419
-0.0091418605
0.10563814
-0.035003044
0.09232232
1.2067151
0.19793238
0.015623369
0.25919548
0.028598506
-0.07143075
-1.022735
-0.15451542
-0.3352282
-0.08325543
-0.30896682
0.31162435
1.4158533
0.31546602
0.0014053881
0.17380065
1.0609132
-0.56088203
-0.4480022
0.47032797
-0.1907752
-0.344034
-0.18279146
0.04863504
-0.04510061
0.036011152
0.29866275
1.0267233
0.3510248
0.13089728
0.2180903
0.09485081
-0.28515616
-0.20503563
-0.31953913
-0.16718183
-0.20474191
-0.22599381
-0.32517514
-0.23859799
-0.2679495
-0.15343818
-0.17546915
-0.17465754
-0.11261619
1.5649533
-0.028946858
-0.12992866
-0.06603897
-0.15895975
-0.29054245
-1.0866661
-0.20439056
0.055973463
3.1158948
-0.041692384
0.3543403
-2.1816094
0.4242428
-0.042067524
-0.16959877
-0.10876109
-0.17310038
1.3869431
-0.07040396
-0.080743216
-0.09972286
-0.11545041
-0.20520432
-0.56641114
-0.2454506
-0.38304314
-0.0108893225
-0.408533
-0.18914638
-0.35216868
-0.22735369
-0.015647545
0.16186209
-0.040434945
0.15292874
-1.261425
0.18615587
0.005891183
0.07965743
0.029811203
-0.25408015
-0.46053433
-0.32852265
-0.58178306
-0.44641617
-0.33331892
-0.5044886
-0.5153965
-0.391701
-0.5923805
-0.34610447
-0.47876316
-0.47660953
2.9855423
-0.848486
-0.8265774
-1.2585416
-0.47228295
-0.047922894
-1.0873476
-0.09694572
-0.19782798
-0.35069385
-0.21044166
0.21311577
1.5196297
0.26122236
-0.21529883
-0.22255272
0.558482
-0.691053
-1.072659
1.6448659
-0.37138766
-0.5399798
0.738084
-0.048765577
-0.1901122
-0.022516377
-0.9515721
-0.24250107
1.4056745
0.038617972
-0.10894701
0.13708933
0.5967296
2.0664575
0.6383417
-0.6486284
-0.693438
-0.7365927
0.09724699
-1.1435765
0.11438178
0.4884366
0.029746473
-0.12212985
1.2307909
-0.07605787
-1.4576824
0.46163726
-0.3987171
-0.23535554
-0.036713228
-1.1393464
-0.46215597
0.11029537
0.5313904
-0.12165254
0.15673454
0.9011195
-0.04738052
-0.059388883
-0.78400916
-0.04706148
-0.43188983
-0.9171119
-0.49079683
0.16981022
2.0826676
0.34015256
0.36738688
-0.3244362
-0.06733943
2.077904
-0.6178763
-1.3365041
0.488864
-0.35330367
-0.09757891
-0.16586456
-1.1146789
-0.2054955
-0.92334116
-1.424536
-1.1764721
0.85969293
2.277561
1.0419722
-0.25728607
-0.3752849
-0.17555162
-0.072711565
1.9359298
-0.25577337
-0.20925815
-0.18169683
-0.23281433
-0.23922049
-0.080489926
-0.21872249
-0.079037555
0.02330814
-0.06622419
-0.23450059
-0.23808973
-0.25455132
-0.18252373
-0.920991
0.030703567
-0.6944622
3.2051072
-0.7406202
-0.16830957
-0.51150286
-0.062492672
-0.19580092
-0.1942474
-0.21893391
0.06587745
-0.52391666
0.036049206
-0.23660533
-0.35227942
-0.28339672
-0.038579058
-0.38913092
-0.20487444
1.7279453
-1.605384
-0.14175947
0.30400738
-0.40894794
-0.6846663
-0.28451887
0.23907958
-0.4789007
0.16254117
3.4888449
0.23002052
-0.42299452
0.6591043
-0.5609196
0.4099795
1.3159617
0.41199502
-0.26048958
-0.26293647
-0.2629803
-0.17011523
-1.0943835
-0.19622962
0.15878473
0.55334455
0.19447315
-1.0817004
1.4407202
-0.6670773
-0.5132934
0.6663362
0.6249072
-0.02585884
0.016086107
-0.08031833
0.065174915
1.0077927
0.21885338
-0.11750485
0.22923444
-0.100981735
0.13674022
0.15329595
0.19421978
0.09989439
-1.6847701
0.016525581
0.19110551
-0.004080375
0.17150441
0.57048696
-0.21482092
-0.1127269
1.5986974
-0.60663223
-1.1387681
0.3339183
-0.45746523
-0.10427972
0.24522412
-0.3364614
0.2005736
-0.32852197
-2.278672
-0.3860717
0.018222997
-0.31045836
0.07756497
-0.17049888
-0.21589538
-0.16533868
-0.23675948
-0.17213602
-0.25468448
-0.23123091
-0.18117738
-0.15309192
-0.13173598
-1.2751608
-0.18735461
-0.20940922
-0.19756798
-0.23928475
0.3244703
1.441247
0.42799264
0.4885211
0.75504935
0.3641241
0.53288454
-4.4151692
0.63320524
0.52485865
0.42715126
0.4631991
-0.07352357
-0.69994444
-0.055688366
-0.6121443
-1.9845619
-0.7814962
0.47931078
3.2012925
0.5190638
-0.1524081
-0.57142717
-0.21346661
-0.32777852
1.9029531
-0.26076767
-0.20112297
-0.32200184
-0.24770755
-0.29583523
-0.057799608
0.24854726
-0.5562903
-0.7854866
-0.60601085
0.20661643
-0.15865551
-0.39751676
-0.07796794
-0.3512603
0.19028002
-1.6117342
-0.7549398
2.4109652
-0.13358127
-0.4371772
0.18089902
-0.09328321
-0.49597326
-0.11430372
-0.76120967
-0.8274561
-0.75066864
0.066636786
-0.6905308
0.17908947
-0.22400373
-1.1936972
-0.11083028
-1.4213346
4.983798
-1.3240317
-0.050656427
-1.3937885
-0.17174043
-0.17516164
0.09302758
-0.2190172
-0.41935217
2.729427
-0.3391366
-0.03717132
-0.030945795
-0.07941712
-0.4309908
-0.71330595
-0.5140697
-0.62268025
1.438573
-0.57415617
-0.5058334
-0.49369225
-0.5209105
0.30148712
0.04261856
0.20644133
0.44945538
-2.4199178
0.29942456
0.29063937
0.11034385
0.24862498
-0.41402367
-1.0717262
-0.51679355
-1.3071401
4.0696683
-0.72442627
-0.5228042
-0.7034093
-0.28061685
-0.45646927
-0.13999784
-0.5503415
-0.2044417
0.009136138
-0.18089001
-0.39565954
-0.07552385
-0.32426497
-0.012477582
-1.0066622
0.022562878
-0.4491612
-1.1426867
-0.4763978
0.44370243
2.0724304
0.48148718
-0.12271387
-0.6612949
-0.1593808
-0.083669245
2.8770719
0.28075
-0.022055557
-1.2653645
0.034744263
-0.5718186
-0.49094623
-0.6439688
-0.47962534
-0.3447682
-0.37749788
-0.53736734
-0.2641088
-0.47910884
-0.21625628
-0.22590151
0.31318486
-1.1412991
-0.11865777
1.3520261
-0.21611474
-0.09204296
0.34084052
1.0656027
-0.80294806
-0.5049571
2.4986079
-1.6557233
-0.60060453
1.1916428
-0.8259287
-0.40926263
0.1160424
0.23624833
0.08820789
-0.0038843607
-1.3012551
-0.12068546
0.04467427
0.037548795
0.07589673
-0.11690136
-0.037807275
-0.13800444
-0.052850433
-0.3129276
-0.096811324
-0.1456462
-0.0845868
-0.16644152
0.05157832
-0.6169008
-0.3492562
-0.55978644
1.8249154
0.3318189
-0.4132215
0.3096434
-0.17862304
0.65641284
1.5975068
0.8138529
-0.35338458
-0.17582667
-0.45846444
-0.37264094
-1.2534325
-0.44572124
-0.43635976
0.45753863
-0.3938369
0.34689
1.318756
0.408475
0.0061166426
0.57709825
-0.056505915
-0.22470124
-0.6002907
0.19834009
-0.05336811
-0.9953542
1.7728279
-0.1474463
-0.79438174
0.6829675
0.13947031
0.014818918
0.09307034
0.058540758
0.92870355
0.19990689
0.055841267
0.1592514
0.025344715
0.036945265
-0.0032782217
0.04393108
-0.07233508
-0.97637236
-0.14824435
0.032165673
-0.115748666
0.019240947
-0.14807042
-0.46528208
-0.18121621
-0.41540974
-0.3967796
-0.37032685
-0.3525507
-0.61214375
-0.28819168
-0.2469202
-0.12971437
0.31213155
-1.3881432
-0.163757
1.5762101
-0.2763584
-0.14981121
0.36399642
-0.15829495
-1.012003
-0.1428646
-0.34272727
-0.43957335
-0.41947007
0.46084222
1.6148573
0.46107668
-0.3118304
-0.006645843
-0.43168896
0.45595968
2.8129315
0.8721339
-0.091872655
0.1253919
-0.23098095
-0.025522692
-0.05222993
-0.021595791
-0.94427264
-0.8626769
2.0107367
0.01198377
-0.27119902
0.1332009
0.076700404
0.80688494
0.08467641
-0.26135397
-2.596129
-0.28741345
0.27619475
1.306501
0.22525615
-0.07701752
0.32537723
-0.25628975
0.33657345
1.6928675
-0.75771075
-0.39336085
-0.7880958
0.3636592
-0.3430053
-0.040508356
-0.33833888
0.28333843
2.2089293
0.37028646
-0.31529036
0.3567566
-0.30259472
-0.2901144
-1.2485212
-0.32178187
-0.15611415
-0.032092404
-0.18663986
0.3825481
1.20529
0.36731717
-0.16416158
-0.18937273
-0.259588
-0.31473243
1.9575667
-0.19752496
-0.18253043
-0.07571335
-0.22329889
-0.12848915
-0.4448874
-0.08440935
-0.42550886
2.9685028
-0.4752643
-0.15253203
-0.4418386
-0.1520603
-0.28563032
-0.30628052
-0.42495432
-0.38616586
-0.25235918
-0.36566493
-0.46112642
-0.11479686
-0.47507063
-0.0867024
-0.12012205
-0.02090782
0.041505486
1.4122404
0.10354071
-0.0098297885
-0.036334265
-0.044922635
-0.12962171
-0.6229776
-0.16586722
-0.7233796
0.049131416
-0.86895335
-0.23392291
-0.5114178
-0.35350332
-0.29502386
-0.34366456
-0.3603321
-0.29158542
-0.4440789
-0.4095082
-0.3911865
-0.5630981
-0.4791151
-0.22719535
-0.82679963
0.28266037
-0.47276235
-0.43623754
1.0948251
-0.43087113
0.40181547
0.36788616
0.4212176
-0.77592766
0.43368277
2.0168371
-0.28070605
-1.5413516
0.5946109
-0.9309634
0.047219947
-0.38297272
-0.34844595
-0.53075176
-0.4369989
-0.62069386
-0.4742959
-0.50953865
-0.6042881
-0.55610645
0.21708015
0.28689143
0.19775213
0.24527425
-2.2908947
0.25261605
0.31477714
0.16614978
0.28875276
-0.03569465
0.031675234
-0.11132829
0.008393454
1.4002585
0.11350386
-0.14151224
0.4775599
-0.13980663
-0.28087586
-0.57454026
-0.083811834
0.44738337
-0.5677859
-0.8002638
1.0328234
0.109237425
-0.1865845
0.37268615
-0.97933173
-0.33311352
0.9555258
-0.31167832
-0.36585307
0.16281685
0.83640563
-0.7444538
0.21182635
0.57687676
0.2937158
0.7146463
-2.9827147
0.7138526
0.2505299
0.3607102
0.2068893
-0.21733488
-0.48286304
-0.29308775
-0.6200124
0.12183575
-0.6203767
-0.25327203
-0.63085425
-0.18864453
-0.2013907
-0.25100246
-0.20911506
-0.23179196
-0.3368898
-0.2828116
-0.41751286
-0.37171853
-0.40348023
0.40886736
1.235767
0.3652534
-0.2939273
-0.1724122
-0.12993939
-0.21281661
-1.0948857
-0.2536597
-0.31351024
-1.5185294
0.20463924
-1.5650713
-1.0232222
1.1107662
0.28247344
0.6890131
1.4550116
0.093766645
-0.63029766
-0.024560556
-0.4461852
-3.243015
-0.49841145
0.30679592
-0.6422049
0.27910864
0.3535871
-0.4685576
0.36250985
0.49327022
-2.665344
0.35408032
0.41388828
-0.41281047
0.26664636
0.0005049915
-1.2118689
-0.052803706
-1.5186037
3.6399586
-1.0650718
-0.1129782
-0.7140322
0.022252824
-0.29512507
-0.8841021
-0.45522183
-0.8131594
2.1339421
-0.5245577
-0.32830662
-0.4111566
-0.33651602
-0.28378496
-0.37459737
-0.34315214
-0.43708736
-0.16265154
-0.43971223
-0.30208892
-0.42469415
-0.3983905
0.017200742
-0.5327827
0.16357282
-0.51553184
-0.6087028
-0.47230798
0.1508268
-0.4981966
0.12345891
-0.32698742
-1.3097157
-0.23551023
-0.29927284
-0.45712304
-0.47088152
0.6079647
1.9351627
0.616269
-0.05674586
-0.5674132
-0.2119238
-0.66182137
-1.2716706
-0.75295854
0.003621555
-0.7090377
0.061404567
-0.06347114
-0.6034362
-0.23664616
-0.5769173
-0.3069986
-0.5161167
-0.2059697
-0.5401255
-0.3097264
-0.16629224
-0.34234643
-0.121542156
-0.0443083
1.5933686
-0.29532298
-0.17793153
-0.054169986
-0.1443458
0.0637747
-0.6320457
0.11498212
0.63086563
2.3458977
0.50356823
-0.109296806
-0.8141934
-0.20852874
-0.10637172
-0.2613342
-0.15428546
-0.15921144
-0.5581302
-0.18912835
-0.12031566
-0.23008636
-0.16367958
-0.21344627
-0.19451442
-0.20686746
-0.01707612
2.005246
0.024118917
-0.17712688
0.06092728
-0.19995588
-0.2508965
-1.1270493
-0.25873306
-0.24799578
-0.35259706
-0.15288727
0.45829508
1.3778555
0.5347317
-0.18946189
0.018572716
-0.15960543
-0.18675901
2.4130375
-0.13568296
-0.14356086
-0.6184692
-0.09926503
-0.1038075
0.15392044
0.112322524
0.05750722
-1.6668047
3.5998173
-0.57744354
-0.80810136
0.93939334
-0.20266008
-0.61814964
-0.22228965
-0.51497424
3.5535095
-0.23967677
-0.37516174
-0.25089842
-0.38529947
0.18207036
0.0008059018
0.20103621
-0.07265266
-1.9149303
-0.23353755
0.100231074
-0.15840745
0.08812708
-0.1662499
-0.074368626
0.2785612
-1.5081381
-0.31555504
1.8541923
-0.26000726
-0.2578965
0.45500812
-0.29596874
-0.70234567
-0.44526526
-0.1311057
-1.0045496
-0.45399103
0.5356817
1.6565933
0.6584253
0.31606942
0.13386057
-0.10244784
0.8323484
-1.2535617
-0.40309688
0.38715747
0.05676899
-0.19505097
0.35329235
-0.41939545
0.17110516
0.13085859
-5.313359
0.07938483
-0.027703075
-0.0334233
-0.108384036
-0.18528137
-0.41467646
-0.16600715
-0.37103674
2.1294632
-0.33612627
-0.22897902
-0.23942953
-0.20446807
-0.17238557
-0.12947755
0.16259666
-0.6442083
-0.6669872
1.4860595
-0.23623931
-0.47060725
0.62853247
-0.02366964
-0.97197276
-0.37388903
0.28763932
-0.44174916
-0.8915233
0.8482993
1.1083909
0.24689299
-0.31992358
-0.18481392
0.25680083
-1.09592
-0.32957265
1.4144713
-0.31268924
-0.6862363
-0.11775395
-0.24701776
-0.1450789
-0.2523352
-0.17340997
1.727507
-0.079963386
-0.2547063
-0.04831498
-0.29048434
-0.32513052
-0.7664118
-0.24908672
-0.36501274
-0.41389832
-0.32394686
0.51284224
1.1853302
0.6304759
-0.29377252
-1.1282282
-0.20637785
-0.15390392
-0.3000225
-0.27407345
0.31898388
1.5945386
0.3386657
-0.20502529
-0.056199558
-0.21000026
0.022363447
1.9078261
0.24875607
-0.24089716
0.12325751
-0.22400115
3.7665472
-6.6538606
3.4306607
0.3943335
-2.7512105
1.028243
-4.048905
9.363091
-3.7916772
-0.33105007
-0.7320265
0.79061174
-0.7447652
-1.0071871
1.4316969
-0.17927843
-0.53163
0.9914782
0.26360005
0.27042988
0.27193007
0.33361408
-2.2019348
0.22163627
0.22892453
0.18432674
0.22563371
0.06150923
-0.38071662
0.09603444
-0.42612818
-1.7743633
-0.55369884
-0.066846795
-0.43973762
-0.11143412
0.36661598
1.3872858
0.44389516
-0.06884429
-0.12002869
-0.17006329
-0.23360209
-1.3327276
-0.2749364
0.12271026
0.26395226
-1.3020256
0.3083189
4.030096
0.7654042
-0.9135646
0.38157734
0.4245404
-0.03825523
0.07273631
0.83936024
-1.1556599
-0.4471332
1.320732
-0.20925875
-0.81710255
0.21737424
-0.19417429
-1.0402657
0.08642584
-1.2459887
-0.9929921
1.1237417
0.2115748
1.0646487
0.96121174
0.4369742
-0.34126678
-0.219061
1.3674744
-0.017130446
-1.2333134
0.37508434
-0.19853556
-0.20485066
0.008261926
-0.1012993
0.043470535
0.05567467
1.9456598
0.3300565
0.09477715
0.32234228
0.087359734
-0.17655686
-0.04925582
-0.17776407
-0.06673184
1.3411268
-0.04588999
-0.16500226
0.094040275
-0.1634264
0.54410625
-0.4480621
-0.14920065
1.9639617
-0.4282699
-1.5590358
0.5019699
-0.3302374
-0.17223383
0.57161176
1.048003
0.5872795
-0.31760478
-0.35652247
-0.23135863
-0.36528894
-0.6370582
-0.39720082
-0.08931751
-0.064264335
-0.10180771
-0.19623296
1.6742635
-0.11361729
-0.103077725
-0.039720397
-0.10124292
-0.26870403
-0.14491467
-0.24030457
-0.112843215
-0.19685799
-0.18879072
-0.27573153
-0.07361003
-0.35372788
-0.11500275
-0.32430196
-0.15243408
-0.37734193
0.11478819
-0.36876523
-0.051426604
-0.40579227
-0.10971225
-0.3459489
-0.6672598
-0.37113625
-0.3012316
-0.893838
-0.4793135
0.4799067
1.3753897
0.8318289
-0.14616404
0.6825004
-0.08472906
-0.7912226
1.6385841
-0.7232343
-0.57406163
1.3074343
-0.46864435
-0.22504707
-0.2052418
-0.24556345
-0.17442815
1.6312283
-0.0826004
-0.25175855
-0.038134634
-0.3009604
