0.021469295
-3.3316493
4.1937976
10.685396
0.10661793
2.4483478
-0.5690385
-0.039870083
0.75478303
-1.7542495
0.88742965
1.4917746
-1.1994352
0.20185518
2.535109
-0.6098107
1.3750066
0.33393288
-1.7511685
3.0539963
0.8982985
0.09940708
0.66830146
3.2035294
-0.045898914
1.2130587
6.627383
0.9520422
-4.2278037
2.726337
-4.753175
0.029275507
2.0954728
1.6433734
-2.518931
1.9814153
-2.4747543
7.421439
1.7751667
-5.761792
4.904955
2.973131
-1.0959179
1.9836468
2.969888
-0.13260797
2.4771454
2.4531949
0.27759635
-0.06806063
1.0101475
-4.68549
-0.045792446
4.6414824
-0.11119741
0.21011192
-0.04721836
3.400732
3.4224188
4.5865483
4.6959143
-0.35867327
4.5763288
0.062263966
-0.25765735
6.0817924
2.8759503
0.27995032
3.1460524
-0.9191522
4.2696695
-0.6509606
7.649889
4.0513263
3.5777333
2.4892445
-0.77489805
-2.3026521
0.28846532
1.090885
1.1687866
1.0647789
2.598692
-1.2108021
-1.7677193
0.6407949
0.3165276
4.3083525
-3.000418
1.694746
0.81789017
2.7188928
3.4710882
2.9821384
-0.06402918
2.323572
-0.96539736
1.6289921
1.6742147
0.22764592
3.2458663
-4.482335
-0.261588
7.241993
3.652235
-1.0760527
2.704536
-6.220613
3.4171963
0.7875572
4.34032
-0.45707375
0.14251864
5.100712
0.6472608
-0.06656039
2.9608512
0.4042685
3.6396804
2.7923923
-0.8243396
-3.0943117
0.15128578
-1.2300167
2.7962904
-5.2283564
-0.041758657
-1.2522379
-1.8304912
4.763731
3.4481297
3.593164
1.0267577
-0.24489832
0.35904887
-2.9684548
0.08706173
8.109792
-0.028491579
3.4514802
6.348937
1.8178694
1.7876137
2.2582746
0.03805642
3.0076663
-0.09900742
2.5439522
1.4940159
-1.9563727
1.0055556
-0.22469062
1.2756
6.4251285
2.8745046
-3.2245045
-1.5226735
-0.0141605735
2.4218113
3.8189962
0.34853566
-0.034209132
5.4520226
3.3059907
1.0651008
5.464533
1.9522805
-0.2982124
5.2906055
5.7242613
5.5485835
-0.36055034
-0.022016764
-0.23313498
1.8703113
0.36454934
0.11878806
0.2678947
0.012531519
0.10640943
0.08013189
19.14276
-0.41579115
0.13778758
2.3994448
2.2223554
2.738982
-0.32867175
0.2766753
0.45803636
0.09104204
0.50864136
4.7221437
0.082945384
4.110615
3.091873
-2.7436438
-2.57158
0.43754667
1.0432274
1.0401189
4.4652014
7.8454475
3.4152393
-3.532889
3.2386017
-1.1882923
7.1534886
5.689624
6.758628
-0.41969222
-0.16745001
-1.7552824
10.353041
1.818193
2.1028852
1.030237
3.4942603
1.7452071
0.10153684
2.794045
-0.03366375
3.1738126
-0.4740628
-0.2572087
5.073058
0.381996
-0.01727885
4.961955
0.4247281
5.804673
1.936408
6.3504767
0.6296744
-3.9561143
0.3392514
0.8562323
3.5974243
-1.0074408
-1.5861135
0.8471025
-1.3138908
-2.5406616
0.046612263
0.017745487
-0.67043626
3.3671126
0.24366833
-0.9937458
-0.38876513
4.4314985
-1.774244
3.8982556
2.6115413
1.7486722
3.2992828
3.895526
5.3818226
1.9538689
-0.17670584
0.30492222
0.3861578
2.4783497
-0.49377954
0.09918727
-0.026087016
0.48290437
-0.13961348
1.739847
3.8701138
3.5124092
0.46907315
2.6626153
2.4105954
-5.840537
0.5835954
-2.341249
-0.52513385
7.1644444
0.624001
7.6859827
2.5199318
-0.43806124
1.8712286
-0.03132099
5.335568
6.0801387
0.098176
5.9243217
-0.002865672
-0.96454
4.0271244
3.401719
0.2089138
2.1446235
0.62079215
-1.866748
2.3603535
-0.12896442
2.027252
4.7559695
3.2916503
-0.0032849908
-0.20655878
-3.438036
-0.29500186
-1.6012561
3.4871945
2.324253
0.09672038
0.34899956
-6.4018755
0.7643101
1.4844296
-0.017423213
-2.8192425
0.34340188
1.6209773
2.9806738
3.903135
-0.18056178
4.477632
2.093447
-0.022831023
-0.7116684
2.5337286
6.6440315
-1.6051832
1.1804582
-0.0687682
4.250275
3.8202944
2.577855
0.31479394
0.12664711
6.7795234
2.9726367
-0.008158386
4.855116
2.4458659
2.2758064
-0.040615994
14.262134
6.131462
1.2949479
-3.4842622
4.789669
2.9509742
-0.32241988
-1.1540804
-4.8330297
-1.0059779
5.025604
-0.041547306
-1.0353092
4.294769
11.465182
4.074361
0.94882655
-0.5164132
0.7597624
3.5755768
-0.21171978
0.6197079
-1.1201959
-1.4523008
0.53942263
5.6448474
6.647011
-0.029016215
-8.3795395
0.09925294
-0.3265445
0.1553472
-4.3782244
0.7904415
0.13120523
0.7992723
1.6790172
2.6349378
2.9779649
-0.5615603
-1.8458002
4.7490015
