-2.7197819
2.257159
2.3461635
1.6737165
3.5416903
8.179447
-2.1376896
5.818663
-0.7625319
-2.5409157
2.0209415
1.0793128
-1.0223601
-2.2356274
2.4273963
2.7815566
0.65240973
0.39886558
-1.8095244
-0.6297801
-2.147785
-1.0862637
-1.032514
-4.37046
3.629459
2.5969207
1.6862189
2.9798656
-2.301875
2.1809916
1.5944927
0.028619349
-0.15620655
1.7065163
-1.9455143
2.4726813
0.35044062
-1.0705051
1.1567444
1.0884014
-6.3821144
1.1575975
0.6429746
3.1866832
4.3662615
0.5633504
-0.07097578
4.8538246
2.0219307
2.3814802
0.71729505
2.6818647
-1.3746693
0.6932169
1.6910558
0.051786423
1.4367698
0.4095106
1.6453733
3.5372958
-3.0464363
-3.9660344
3.9119327
4.497592
0.84633225
0.7842009
3.0569792
1.814462
0.562899
-0.009927034
-5.2450285
-0.99706364
0.84192646
2.4089198
0.8240123
-1.7357327
2.9626594
0.9184977
-4.7089806
-2.821506
-1.1873684
3.1755934
-1.9169505
0.52463406
2.064178
1.03888
0.5212263
0.53868544
1.4045742
1.68698
0.2505257
2.42135
2.464754
2.7702694
2.1455674
-0.2606725
-0.6452482
-1.6517729
6.168326
1.7725737
1.8641101
1.7257369
-2.2884297
0.2545694
5.7555346
0.9032308
3.2945218
0.76887584
-2.3091838
-0.91021293
0.48221266
-0.83537567
-2.945589
1.7312081
3.6042023
-4.736892
2.3369493
-0.3577417
0.27757397
0.6354914
-3.3712344
-1.2122914
1.1033581
1.3179754
0.8458254
2.6684597
1.5675366
0.9067442
-0.4426824
0.56317127
1.457904
-3.849557
3.6755292
-1.5181868
1.6964742
1.585905
2.4088922
0.3689478
3.9292722
3.165718
0.24749523
2.4538236
2.2316394
1.3459791
1.1359189
2.9791386
-0.035131216
2.2209382
1.6475687
1.080129
-3.258303
2.4708142
2.3514853
6.521332
0.61715263
3.1433618
5.0402303
-2.2415257
3.000391
4.8622065
4.200361
-0.5196724
2.7808332
3.049316
0.3378029
-2.7812567
-1.9694448
-0.7390816
-0.43006265
2.1356716
1.5700759
1.4804702
-0.5875704
2.6613777
-4.4669137
-0.6725185
1.9247689
-1.8191411
4.030629
0.57263255
-0.68345773
-1.2300841
1.9085361
-0.025421202
-2.0499651
-4.2461267
2.9136186
3.0702887
-1.7698995
4.200496
2.9308276
0.017423332
0.09527701
-1.989914
0.7148843
1.1258271
3.7506747
0.9259411
1.9904658
-0.22832194
0.48190323
0.7548045
1.2653089
1.6152107
3.0454729
2.8807878
4.53879
-1.2292048
1.6632202
-0.39978787
2.2525892
-1.8005993
1.8936747
-0.38039312
1.017092
1.7700208
1.5572764
0.57680327
0.76365614
1.45815
0.4294989
-1.2528766
1.550778
0.6117084
-2.7439318
-1.599093
-1.7516366
0.1984973
1.5240259
-0.6548834
3.3888757
0.7774129
4.831625
0.73672783
3.2178915
4.3483744
2.2847936
4.621414
0.17680001
-0.48222876
2.3224888
2.329614
-2.5678322
-1.5105515
1.266124
5.2109613
1.0880758
1.7771621
-1.6005936
3.1181846
0.08591163
1.1086705
-0.16546199
-0.16162792
0.037165336
0.014744639
0.55564034
-1.9515735
5.350234
2.7624002
-1.8950956
-0.93584263
-1.8443621
-3.5566096
-1.7677344
2.5298917
2.4621797
1.6083955
0.9915895
-0.03852597
-1.0501014
-0.49271587
0.32095736
2.9259386
4.8740745
1.1035511
1.9860303
1.4250947
1.9255909
-1.4586467
6.421093
6.210536
1.7014359
1.3072207
3.3998344
0.3391037
3.881597
2.9690306
1.1654725
0.30558416
0.0040958226
5.112326
0.66142815
1.1020691
-0.6798006
-0.09325325
1.5896907
0.9621228
3.960154
1.629341
0.38502964
0.8589405
2.8811083
2.6003265
-0.119093776
-0.6650684
0.95488787
1.1076566
1.6705695
4.88078
-1.911888
2.0466413
1.2906287
3.0687606
0.7951909
-3.7542634
-2.2621653
-5.655283
0.5313025
-3.5585783
-2.5453563
2.5010118
-1.731122
-0.16827327
-2.7778184
-1.2978472
1.4078894
1.250557
-2.2184086
0.5005151
1.3111867
-1.173692
0.023145795
3.6441374
3.0909367
-0.18317616
2.4268217
0.029565454
0.7860381
-0.007480502
-1.7753797
2.223789
0.8586881
-0.080090225
-1.4669669
0.18313694
2.0826054
0.8113458
-0.8558587
-1.6305984
-1.4045867
2.4421773
0.59949356
0.9547665
0.5215555
2.3969874
-1.8069507
2.5986993
3.8507795
1.1742845
3.125965
-1.77401
2.0640812
2.2380939
2.1912189
3.4665692
1.2012308
1.6260917
1.5413461
3.2226052
-3.091245
4.9824615
1.9912038
3.132342
2.7110415
1.673598
0.2666769
1.1275678
-0.9184807
1.0755186
0.5048495
1.305469
2.0030184
0.64274323
