0.062421177
-0.037469074
-0.27696112
0.28880584
1.4225429
0.47558936
0.18263173
0.16898699
0.3272238
-0.108100146
-0.16354434
-0.11820276
-0.100491874
-0.5560898
-0.13723502
-0.12934473
-0.0915755
-0.19449168
-0.35602632
-0.579377
-0.42574576
-0.20818305
-0.71819186
-0.29855645
-0.26458216
-0.71436995
-0.34170488
0.1353159
0.28991693
-0.13822854
-0.046211403
1.4482802
-0.5393389
-0.20345514
-0.7325627
-0.086672164
0.9057891
-3.0381804
0.9346698
-0.23635486
1.6577228
-0.29070324
-0.02970794
-0.06344531
-0.045847088
-0.064940386
-0.6139259
-0.061555423
-0.13796642
1.4936757
-0.400061
0.10980255
0.18268545
-0.05722841
0.19307414
0.12703289
0.16689345
0.23274961
1.0530238
0.3229942
0.12979695
-0.07718958
0.05644864
0.3278053
-0.04905653
0.3531442
0.27321014
1.9726253
0.33178985
0.28763193
0.40030572
0.2202374
0.370533
0.03647568
0.45120642
-0.007475645
1.9317217
0.03229577
0.23289579
0.52153736
0.28635076
0.10347351
0.4046117
0.16257304
0.28581786
1.0003688
0.3308227
-0.0074906335
0.12869494
0.04594156
0.5969029
1.2666337
0.55260265
0.35092553
1.0694926
0.33426732
1.0047809
0.26440948
1.0146347
0.31836894
0.37446758
0.21385583
0.3812145
0.98516375
-1.7843091
0.5087516
0.5611103
0.5317562
0.19692747
-0.5498835
0.17084563
-0.35191372
2.458922
-0.3389225
0.16566494
-0.21865441
0.11032642
0.35202485
-0.059531953
0.4036798
-0.18195242
0.878452
-0.19724408
0.17599633
0.7225617
0.18288338
-0.34526068
-0.52823573
-0.2387027
0.18654254
-1.3424217
0.14042608
-0.15513843
-0.7716993
-0.15296929
0.042345405
-0.4915384
0.058685664
-0.5697776
3.4788156
-0.47718805
0.08469351
-0.5533364
0.06284612
0.09049665
-0.15013933
0.33276558
0.25850397
1.3875761
0.3190401
0.38600215
0.0058825924
-0.038537513
0.18614356
-0.4277485
0.08810037
-0.58418745
3.1062124
-0.45673203
0.0008079989
-0.41723797
0.022034079
-0.24066375
-0.28275272
-0.28120908
-0.37036133
-0.7545175
-0.32079133
-0.24577954
-0.38105518
-0.2454367
0.11006751
-0.015633915
0.13392584
-0.059293292
1.4072202
-0.008224442
0.09138567
-0.08008456
0.09480441
0.49905455
0.96988636
0.15832536
0.31595188
1.7873333
0.5897053
0.9601022
-0.34001046
0.7790282
0.1468397
0.042818192
-0.91909736
-0.15907292
-0.16149239
-0.21612564
-0.5374566
-0.15186943
-0.10666988
-0.34360743
-0.27609435
-0.37615696
-0.49460867
-0.3106218
-0.57101
-0.43995073
-0.5268424
-0.49078405
0.2695837
0.14324877
0.2636342
0.2458763
1.458494
0.33298564
0.20478058
0.19322906
0.2412717
-0.010985854
1.1132226
0.15848026
-0.6348141
1.0744668
-0.6459753
-0.038950108
-0.47113875
-0.084350936
-0.29368097
0.1061644
-0.19118562
0.02250627
-3.7851517
-0.20568243
-0.18749005
-0.26591122
-0.25503466
0.24482334
-0.52199835
0.15163353
2.4968808
1.9299133
2.9551704
0.4919002
-0.39198437
0.32018763
0.18464248
0.08938298
0.23270841
0.03557416
1.1266811
0.048430182
0.2559154
-0.043644954
0.33767617
0.22820573
0.14901195
0.18318968
0.19694333
1.3107104
0.26131642
0.1732442
0.35936227
0.12672444
0.15794645
-0.28911772
0.2925415
2.168886
1.313993
2.4760172
0.23773114
-0.37507778
0.12661764
0.24379142
1.0878212
0.39581576
-0.1464515
-1.1664722
-0.12574986
-0.05584131
0.19498283
0.0028947452
0.43962973
0.24561009
-0.37278208
1.3962252
-0.51661086
-0.6100929
0.5933917
0.4253598
-0.5770253
0.102928646
0.1518117
-0.16461252
1.024296
-0.84008425
-0.67044467
0.17874901
-0.12262919
-0.34567133
-0.026475733
-0.48323622
-0.027025966
-0.004988188
0.04364811
0.043887295
0.2807455
1.0191082
0.32482544
0.47396883
0.85163355
0.43303004
-0.30343997
-2.8651454
-0.3589682
0.33751667
0.958099
0.24120274
0.89285964
-0.17944013
-0.2200093
0.3295574
-0.14524244
0.01158919
1.1772032
-0.4025363
-0.49658328
-0.49237856
-0.11514391
-0.3711303
-0.5946054
-0.67313296
-0.69159925
-0.5406282
-0.5325258
-0.49986088
-0.44350222
-0.69682366
-0.4342135
-0.21271682
-0.67873037
-0.12978289
-0.13376558
-0.6363939
-0.11397276
0.014937938
-0.01266696
0.0404533
-0.12752862
1.333353
-0.12130912
0.043308727
0.0052743945
0.06619307
-0.05183185
-0.5222891
-0.08631757
-0.18568975
1.7192223
-0.19658402
0.05524442
0.27875504
0.02748923
0.18062775
0.23405708
0.27622214
0.30043173
0.89359975
0.36643052
0.31631464
0.3051581
0.36916637
0.21174043
-0.30527836
0.24751113
-0.14766885
2.4646845
-0.22446859
0.20535386
-0.16163464
0.23693568
-0.13323423
0.28497866
-0.009378873
-0.043876633
0.21224442
-0.08646001
-0.5746275
-0.5609481
-0.4506526
0.114903085
0.453871
-0.016113568
-0.16171704
0.18118386
0.86597896
-0.15586829
-0.22715732
0.283569
0.4170302
1.4684658
0.47611743
-0.4372169
0.172586
-0.49730682
0.20680393
2.2856328
0.33382455
-0.21987087
0.25365195
0.4553754
-1.1141444
-0.9417038
2.053131
-0.21872158
-0.14885055
0.2965155
-0.08628108
-0.03711042
0.1283548
-0.6366
1.7878202
0.12010952
-0.07899275
-0.44322
-0.10487836
-0.2163027
-0.33019075
-0.25708747
-0.31242293
-0.34349725
-0.37917563
-0.37333068
-0.29525384
-0.3337882
-0.24550611
-0.020176338
-0.067768425
-0.7884739
0.45453236
0.82850826
-0.3487675
-0.082480446
-0.0073488955
-0.040785026
-0.5349057
-0.062200956
-0.4053855
-3.2625184
-0.6706112
0.13792221
-0.7119095
0.30158854
-0.2816755
-0.6998093
-0.34004846
-0.16642512
-0.56559247
-0.16558854
-0.33602044
-0.73210555
-0.4378503
0.1866445
-0.0020006043
0.1926765
0.020774743
1.5698516
0.06339345
0.21297559
0.0048769587
0.22588335
-0.20013969
0.17575832
-0.25906977
-0.44533506
-0.48892766
-0.3980114
-0.008391079
-0.2594858
0.033604417
-0.5948977
-0.38267267
-0.5732053
-0.48390785
-0.089917816
-0.4116348
-0.7391901
-0.6066379
-0.62440604
0.2586542
-0.041933756
-0.18033305
0.6739923
-0.5302605
-0.56921226
0.17208034
0.44673982
-0.06439797
-0.09532473
2.3144205
0.07403148
-0.32001582
0.75426745
-0.23610207
0.22925147
0.23753615
0.1658156
0.010692075
0.9555342
0.05733114
-0.09457058
0.24117677
-0.00573473
-0.06323785
-0.7159171
-0.11515111
-0.16770926
-0.46067023
-0.28476328
-0.36568052
-0.80545986
-0.39762977
-0.21501331
-0.4420362
-0.10968284
-0.23430607
-0.7449319
-0.22565065
0.12128089
-0.41115084
0.116439275
0.009923794
0.8420529
0.039038893
0.73256636
0.059763655
0.7435634
0.35566223
0.9311248
0.4850089
-0.34683624
0.4492561
-0.37759772
-0.40295318
0.36904716
0.22667435
-0.32331035
-0.34592664
0.46319222
-0.9178554
-0.34933874
-0.31646207
0.045992516
-0.020429524
-0.009496224
0.03706156
1.242543
0.07795911
0.051797483
-0.035779297
0.06257304
-0.2743913
-0.40160775
-0.29209703
0.64097303
-0.03684724
-0.9924125
-0.05244106
-0.39695942
-0.44592342
-0.6091501
-0.2179194
-0.598617
-0.26526564
-0.27055478
-0.20708343
-0.7590562
-0.27296814
-0.8094252
-0.16212499
-0.23876727
-0.19053479
-0.180797
-0.6540064
-0.21418692
0.025639895
-0.17542721
0.005703615
0.08201477
-0.2848474
0.045539945
-0.570968
0.5959916
-0.5351769
-0.28699878
1.4664447
-0.30479398
-0.92394435
-0.0635362
0.97733235
-0.26318747
-0.22543173
0.30749515
-0.5489395
0.11301695
0.7517285
-0.35574254
0.5133261
-0.3248635
-0.5452905
-0.8211843
-0.61735016
-0.26576078
-0.19893469
-0.33443958
0.20404726
-0.022977829
-0.15389252
0.9251426
-0.37171915
-0.6633232
0.4743504
-0.032180116
-0.41567552
-0.38323
-0.391655
-0.46940333
-0.65252143
-0.52655077
-0.6977907
-0.38165668
-0.5079744
-0.6263852
0.055059027
0.44126087
0.16434063
0.3389768
0.7841513
0.3061343
0.27394038
0.5528702
0.31172436
0.16562949
0.053618085
0.18244985
0.010674735
1.608772
0.03005726
0.22880313
0.005723695
0.23738357
-0.4918632
-0.27584362
-0.455911
-0.49561194
-0.38158724
-0.5738223
1.3744073
0.5555972
1.4081403
0.04135071
-0.38224244
-0.20867552
0.6479054
0.5793861
-0.7198505
0.23485556
0.025973067
-0.32047594
0.14091602
-0.040261123
0.09453361
-0.040195316
1.6753626
0.0070161186
0.06406245
0.11037124
0.11322517
0.2089295
0.21034195
0.23702057
0.015349361
1.4695998
0.08160687
0.19593258
0.07746854
0.26149818
-0.066400185
-0.12160465
-0.08390445
-0.10630418
-1.6240069
-0.114691816
-0.008147597
-0.09052819
-0.06386202
-0.47907114
-0.17057252
-0.60275996
-0.026940027
0.19149502
0.012916195
-0.16427764
0.19403636
-0.20635456
-0.23280184
-0.3058088
-0.21958083
-0.2192338
-0.32069132
-0.2820808
-0.2142457
-0.2153882
-0.2300115
0.20777884
0.38144827
0.3127485
0.27595648
1.4115354
0.39090368
0.17853871
0.37545392
0.20289567
0.97074574
1.1147684
0.5217477
0.53270686
1.1343226
0.98462844
0.861848
0.9763795
0.4933078
0.103662916
-0.560325
0.2916329
0.15762456
2.8235686
-0.1623548
0.22110914
-0.12129396
0.2118007
-0.00747951
0.19161484
0.02164682
0.11225487
1.68688
0.20949437
-0.013318171
0.13459146
-0.12038953
0.29334697
0.5734972
-0.20580854
0.23804432
0.99291915
-0.46811372
-0.4159795
-0.7423973
-0.7488611
-0.92865163
-0.73186326
-0.85256666
-0.5282691
5.713336
-0.35238162
-1.145119
-0.7637386
-1.5435225
0.19728208
-0.4298415
0.16841154
0.21460645
3.3157563
0.32188642
0.1390226
-0.7920509
0.12738855
-0.11655731
-0.2675051
0.17357402
-0.026694767
0.10504033
0.7213323
0.3015355
0.6198118
0.66032404
0.008528881
-0.39741442
-0.6647053
0.13078652
0.020880463
-0.6932497
-0.16923556
0.07618675
0.12949169
0.3422244
0.23210792
0.40125343
0.15980148
1.5007942
0.16946927
0.47756204
0.3274585
0.4848126
-0.2741483
-0.0071297633
0.37283456
-0.6621161
-0.2581686
0.79601836
-0.13026
0.03169588
0.12810127
0.08080418
-0.4560063
-0.3196345
0.46179268
-0.6748608
-0.10686332
1.1778306
0.3862404
0.5593084
0.8978614
0.30876625
-0.50423723
-1.0138001
-5.5675263
-0.8495297
-0.46303686
-0.96949726
0.524606
-0.2827674
0.0024554338
-0.18037853
0.09010866
-3.1400986
-0.09196231
-0.2864645
0.18992735
-0.18541546
-0.5016941
-0.5040888
-0.47944736
-0.48065022
-0.43129396
-0.49117705
-0.39041945
-0.5021406
-0.39444214
0.7762636
1.2364968
0.26616833
1.9122064
-0.32225367
-1.9782501
0.29096365
-1.3328179
-0.18436062
0.28545007
0.14531001
-0.06625977
0.19990896
1.5370194
0.1345759
-0.015652973
0.19058362
0.58759105
0.47018054
-2.557576
0.22834006
0.5052225
2.143925
0.20153543
0.81989604
2.479225
1.0808799
0.27297893
-0.34177768
-0.25511402
-0.35029283
0.44220498
0.3190552
-0.27858093
0.34284022
1.3729856
-0.12552327
-0.3143014
-0.11778932
-0.24416871
-0.656639
-0.3371718
0.08997531
-0.052528005
0.091979146
0.064098634
0.0020715327
0.0086287
-0.15208514
1.4131233
-0.16628824
0.07311603
0.0980459
0.0877038
-0.36948544
-0.49756974
-0.37274358
-0.19932105
-0.5300738
-0.21697418
-0.328396
-0.7738645
-0.3664549
-0.0033178881
-0.32385606
0.015773308
-0.224047
2.404543
-0.08804376
0.08894345
-0.07028345
0.085357025
0.34553596
0.17884229
0.34168354
0.10261348
1.5974958
0.2918136
0.32589158
0.4700353
0.42180294
0.113085754
0.22657257
0.04715513
0.103079446
1.401474
0.15226676
0.060457908
0.22591047
0.15172051
-0.18289106
-0.28156543
-0.21941346
-0.8155886
0.080308735
0.5971492
-0.4377423
-0.3812641
-0.13013211
-0.11094222
-0.38623816
-0.079320386
-0.34441194
1.8691038
-0.28307775
-0.13103716
-0.37722155
-0.13429159
-0.3738087
-0.095636465
-0.24657424
-0.065293215
-3.0696383
-0.39385206
-0.19283044
-0.48613846
-0.13486195
-0.32122466
-0.4938771
-0.33958605
-0.2722465
-0.58824056
-0.33019325
-0.32445508
-0.3669315
-0.32679656
-0.15027949
-0.3805898
0.24339299
0.3360877
0.30477393
-0.30596337
1.252584
0.3260074
-0.18944892
-0.38899645
-0.4828014
-0.3960526
-0.55548257
-1.127608
-0.6425392
-0.5933011
-0.5818266
-0.6669584
-0.3451103
0.39193895
0.2229393
-0.7559331
-1.1294156
2.5028756
-0.7062505
0.68796295
0.03631558
-0.14138673
-0.3433079
0.007851747
0.258216
1.2442871
0.35619286
0.08838108
0.05758914
0.2618683
0.27152655
0.19842628
0.20081829
0.19431132
1.7374307
0.29687554
0.35504532
0.47579145
0.3769551
-0.2653571
0.029273937
0.16997473
-1.0549704
0.19497538
0.47515392
-0.7233605
-0.014728024
0.30021378
0.120166756
0.20848277
0.0054737106
-2.3235354
0.7786807
-2.1037803
-0.09929448
0.4753801
-0.1443077
-0.10977584
-0.18490137
-0.03594696
-0.27871588
-0.5005089
-0.22489275
-0.30630544
-0.26806295
-0.37188128
0.022739097
-0.39267814
-0.5831658
-0.27698025
-0.5760996
-0.7173571
0.002242187
-0.5252312
-0.7340638
0.07547239
0.69704336
0.056563698
0.23724136
1.1200354
0.24436688
-0.10354951
-0.3320134
-0.05227166
0.59454215
0.19605894
0.576104
-0.060147464
1.6662433
0.028470613
0.36069548
-0.061322976
0.4217473
0.41166797
0.08840547
0.40590453
0.39696428
1.2932203
0.4653728
0.36207795
0.29040205
0.39258176
-0.1732963
-0.84323424
-0.1445015
0.17692903
-0.42549315
0.22008324
0.33826876
0.9044761
0.28652406
-0.028091563
-1.7560482
0.21174884
1.8076099
1.6698743
-1.626931
1.5852243
1.5185457
-0.410057
-0.29483473
-0.55568796
-0.35811722
-0.44431296
-0.7081102
-0.54808635
-0.20899796
-0.49747434
-0.17727661
0.20176616
0.2439898
0.14001144
0.0027158821
1.7981647
0.027718786
0.07626503
0.04851649
0.047001485
0.3721396
-0.01618196
-0.2979494
0.87001413
0.0953531
-0.77745575
0.17103639
0.10553423
-0.10388829
-0.45110148
-1.093157
-0.5957841
-0.572262
-0.06467348
-0.623712
-0.57091194
-0.591519
-0.7525396
0.52332366
-0.38419485
-0.13246395
0.91079307
-0.31326398
-0.6194393
0.63426846
-0.09863954
-0.18024635
0.037578125
-0.10029079
0.014947724
-0.1529591
1.4434316
-0.12659144
-0.033110257
-0.05762103
-0.03360066
-0.28756332
-0.9155126
-0.3930087
-1.0653121
1.3701582
-0.9703262
-0.26408035
-1.1071002
-0.364721
-0.16812961
0.0040129256
-0.1357047
0.11156968
-2.8640287
-0.049912028
-0.2001736
0.04424672
-0.20835637
0.013095772
0.32510495
-0.24211417
0.7041297
-0.5021364
-1.1231787
-0.016497351
-0.41928056
-0.3548586
0.13513042
-0.219833
0.110621564
0.22196633
1.5114524
0.26882878
0.030475112
-0.11486819
0.15749325
0.1560163
-0.92025185
0.1525535
-0.94340193
2.8374062
-0.819097
-0.025273649
-0.6343742
0.077238984
0.39501178
1.0822282
0.40193772
0.17371774
0.05011752
0.16680966
0.09320251
-0.41329676
0.049583558
-0.2661302
-0.091219485
0.26370737
-1.163683
-0.100394204
1.4509181
-0.2577882
-0.08024119
0.31194472
0.2660241
-1.2003732
0.31610265
0.03587374
1.522028
0.110200524
0.09192101
0.4045594
0.2617739
-0.2578997
-1.4570557
-0.19028178
0.84780014
1.0883076
0.67961234
0.22967121
-0.20711339
0.2227672
-0.60940456
-0.5913988
-0.44512886
-0.13989007
-0.4418082
-0.0013917786
-0.20286138
0.13122527
-0.12682328
0.2602976
0.1828326
0.21993421
0.21190457
1.7976487
0.21902293
0.25119725
0.09691003
0.27081212
0.07198337
-0.51962066
0.2993217
0.7864514
-0.63852465
0.820272
0.6249512
1.5985051
0.70704883
0.16157727
0.91306466
0.22434746
-0.14800557
1.3794295
0.114016384
0.22855566
-0.29241672
0.19119143
-0.19236588
-0.13081518
-0.26007986
-0.06534737
-2.5918467
-0.09580416
-0.047509737
0.081308626
-0.19724847
-0.13645518
-0.00021027
-0.14663279
0.91654736
0.5098737
-1.2935456
0.030584209
0.15300556
-0.27946514
-0.23302391
-0.23900373
-0.009109001
-0.7280794
0.68611455
0.6332502
-0.21616198
-0.2627893
0.08081337
-0.08547238
-0.13877861
-0.049184002
-0.20285769
-0.6743271
-0.23669967
-0.091137856
-0.11787028
-0.08323826
-0.12406789
0.09969275
0.41938022
-0.81973207
-0.43888652
0.8218829
-0.48646313
0.1654213
0.38844222
-0.35836524
-0.39540818
-0.48628998
-0.4875963
-0.3263441
-0.60087574
-0.36403656
-0.39068282
-0.45100057
0.096117616
-0.3278135
0.027312117
-0.3834583
3.1995518
-0.33271754
-0.04913047
-0.337884
-0.09931835
-0.1906229
-0.50275517
-0.1483822
-0.34807655
-0.7846874
-0.3838207
-0.115493104
-0.45087853
-0.1604542
0.19666551
-0.78386784
0.07051641
-1.5097404
5.6556187
-1.37775
0.20378275
-0.6362377
0.16647176
0.25050744
0.3120857
0.28314942
0.34417853
0.99984324
0.4751348
0.044801258
0.4536711
0.14185245
0.15434368
-0.09857807
0.16932833
0.01430664
1.577169
-0.0642099
0.15073937
0.027367918
0.17389202
-0.09939774
-0.16464151
-0.26513067
-0.4198768
4.0299497
-0.6292107
-0.013371589
-0.8760464
0.21785705
-0.4598626
-0.1955313
-0.52362514
-0.15964183
-0.23886152
-0.18190262
-0.45832124
-0.2460392
-0.49380395
0.4143678
0.06083611
0.36740023
0.13207692
1.1702265
0.09138244
0.34875628
0.28881666
0.36044276
0.11346728
0.94680333
-0.032994285
-0.057733215
-0.045608245
-0.071596034
-0.0545892
-0.8157524
-0.07929546
-0.26269782
-0.4955183
-0.28230652
-0.6092588
-1.4072315
-0.7788413
-0.2225557
-0.7262145
-0.13877307
0.0035514268
0.22109191
0.05099159
0.45057392
1.6011648
0.50299853
0.0054306337
-0.018012805
0.10294353
-0.5383888
-0.39451233
-0.51826847
0.00028004992
0.16343707
0.013523031
-0.21612833
0.057823285
-0.17953801
-0.32585046
-0.16880047
-0.3056583
-0.29314098
-0.17761196
-0.36273822
-0.2649709
-0.13087516
-0.30533195
0.5877475
1.1260498
0.49546173
0.16418687
1.6230325
-0.025248501
0.23981439
-1.4088874
0.3070566
0.049275305
-0.10725734
0.054638524
-0.15895219
1.3073775
-0.108924255
0.032686543
-0.11238386
0.032086723
-0.34633756
-0.89912844
-0.48864394
-0.6379244
-0.60849035
-0.5477616
-0.36329868
-0.6006673
-0.42573166
-0.33916768
-0.23439296
-0.30256447
-0.2823744
-2.4072719
-0.24369352
-0.27342182
-0.15873714
-0.25773662
0.2845805
-0.011401952
0.24650648
0.027764581
1.7367866
-0.05947378
0.19934519
-0.076158874
0.1895159
0.257968
-0.03110314
0.16194738
-0.021434644
1.6025212
0.279699
0.16857016
0.24588725
0.19488217
-0.08349923
-0.1032696
-0.10208538
-0.15676211
-0.549813
-0.2200136
-0.21025886
-0.38318637
-0.29428345
-0.019893263
-0.4929977
-0.0049301134
-0.5578796
1.8663023
-0.52130103
-0.030805606
-0.44416565
-0.011559997
0.1865647
-0.11779165
0.14526081
-0.15404959
1.7495685
-0.08931966
0.16243322
0.050515957
0.16079351
-0.06606337
0.13019365
-0.013637876
0.29622662
-2.4693844
0.23514108
-0.019226266
0.33177325
0.043468248
-0.24984214
-0.74325913
-0.29081526
-0.23076837
-0.5351474
-0.21906964
-0.298093
-0.61479175
-0.32566357
0.039630055
-0.09383415
-0.09988383
1.1644197
0.091487214
-1.2192215
0.047825493
0.022433622
-0.15862904
0.13924518
0.27274194
0.09366747
0.014567436
1.2473428
0.00823455
0.11080132
-0.035126384
0.061184973
-0.09250025
0.4889141
-0.14590745
0.510222
-1.7653621
0.5949607
-0.36168948
1.2227707
-0.3590416
0.1593484
0.16479428
0.18024443
0.1656612
1.4856461
0.15428144
0.08632947
0.1400495
0.10026507
0.12135945
0.0378589
0.2878974
-0.44159177
1.9455539
0.13395925
0.11398817
-0.10424537
0.23731403
0.4420037
-0.3233398
-0.28517088
1.2942665
0.15672873
-0.70600057
0.09480142
-0.49053112
-0.089539975
0.31543505
0.013153476
-0.021099633
0.17151234
1.1870894
0.4262696
0.014166081
-0.12471061
0.40159854
0.15881342
-1.047413
0.17358816
-0.0037659477
-0.98514026
-0.0078938445
-0.008641901
-0.6142615
-0.09566978
-0.091220036
0.07083809
-0.12792525
0.19659498
-2.2548168
0.089530885
-0.061450005
0.26464728
0.016018387
-0.100998014
-0.31700572
-0.23679365
-0.20021491
-0.45893258
-0.15789065
-0.3110852
0.0014012038
-0.4174541
0.56350154
0.650987
0.75027114
0.09584186
-0.5312176
0.0724707
-0.34790322
-0.48965943
-0.50452673
0.11986254
-0.17356244
0.09211926
0.382585
-1.8448604
0.3495945
0.058772523
0.97225773
0.17348106
-0.109384045
-1.0163934
-0.17741603
0.4213506
1.5887582
0.5039512
0.47255212
0.12991491
0.4405142
1.734741
0.4743094
-0.34498316
0.95995957
0.018504502
-0.37795156
0.0099292295
-0.2240263
-0.11311008
0.3864067
0.30347133
0.24842323
0.19322035
2.056551
0.47853756
0.20908852
0.2933141
0.23326375
-0.0053158808
-0.4665258
0.020733532
-0.33675912
1.7323956
-0.19988367
-0.0063033197
0.032790735
0.045598418
-0.030446684
-0.5383879
-0.3796545
0.61213726
0.8110205
-0.56922567
0.36794713
0.45623514
-0.23092496
-0.13937022
-0.30754998
-0.23445614
-0.3638753
-0.66859555
-0.50351447
-0.1540981
-0.28335878
-0.19158705
-0.31432217
-0.30610982
-0.20945849
-0.26313284
-0.4650134
-0.25630334
-0.25659135
-0.3296241
-0.34928977
-0.07007397
0.025227176
-0.056230206
-0.7327506
-0.8448363
-0.9320098
-0.06228957
0.11651377
-0.06979985
-0.88711387
-0.041991763
0.051355265
-0.4816862
-0.27709648
0.12568885
-0.2620611
0.050864864
-0.5347776
-0.025065918
-0.017362585
-0.058293644
-0.1834609
-0.46450895
-0.22056514
-0.16234466
-0.1606572
-0.18917227
0.4094137
0.37152398
-0.92080796
0.4317274
1.285179
-1.8849087
-0.42190692
-1.2441225
-1.3900101
-0.71170324
-0.18524493
0.12215648
-0.66454107
-0.7823277
-0.52871126
0.17823185
-0.4014206
-0.55382293
0.13293478
-0.0058144853
0.1972312
-0.057207536
1.5398256
-0.07480642
0.14763217
-0.10196115
0.15817602
-0.1258623
-0.15143906
-0.14445727
-0.19757728
-0.48078498
-0.19894958
-0.16077493
-0.39620742
-0.30252123
-0.06417541
0.16451693
-0.09706741
0.31142172
-2.8822029
0.21131147
-0.026707346
-0.024211237
-0.026682556
0.007014655
-0.33293915
-0.07700716
-0.19801977
-0.7174198
-0.21489017
-0.076624475
-0.28738838
-0.090190336
-0.056399856
0.3715774
-0.15804185
-0.09710758
0.17521998
-0.03050059
0.008376779
-1.5706758
-0.06925157
-0.31517544
-0.20803405
-0.19441749
1.0601761
-0.17092852
-0.070703
0.07083185
-0.22558078
-0.225405
-0.74064237
-0.19522037
0.39375865
-0.42759034
-0.7992381
0.3880648
0.6974325
0.38633597
-0.49375758
0.052102227
-0.09175885
-0.5794438
1.0241078
0.16571112
-0.7498065
0.24113551
0.09134569
-0.28947383
0.09894774
-0.22961213
0.066879936
1.1131341
0.5725223
-0.27389476
-0.94569075
0.86074376
0.41980374
-0.005593065
-0.23797852
0.4619248
-0.04327158
-1.0878242
0.79895616
-0.23239523
-0.22266154
0.5017543
0.26345882
-2.1019156
0.21152452
-0.04249893
-1.0113224
0.051329922
0.32824463
-1.625155
0.3148594
0.2157066
0.36241993
-0.041290693
-0.040729437
1.5993165
-0.4341699
-0.065499894
-0.7569955
-0.10111721
-0.119170025
0.025110528
0.6740441
-0.13230816
-0.35316992
0.05884509
-0.31172866
-0.20675208
1.4139351
0.07629169
0.20932734
-0.20378181
0.97525746
0.064629555
-0.96635896
0.042163566
0.11730308
-0.2511398
0.83630174
1.3100564
0.76879287
-0.028982451
-0.28394148
-0.5382479
-1.0056567
-0.8221263
-1.1350718
0.14145538
0.08623454
0.14826934
0.15842402
0.77905643
0.21748994
0.11695582
0.22783259
0.18001117
-0.04779165
0.0062125083
-0.038313936
-0.09672238
-0.9782293
-0.15897526
-0.056031022
-0.13302743
-0.05093184
-0.14870013
-0.29723832
-0.21368195
-0.26266858
-0.37664577
-0.28160575
-0.1848102
-0.36674896
-0.23145884
0.6424432
0.7833705
0.6707147
0.12224525
-0.6250435
0.17596823
-0.03539483
-0.8966336
0.111346185
0.22591476
-0.3803488
0.121442996
-0.37842607
3.5330896
-0.40579814
-0.30720547
-0.5968089
-0.32994756
-0.3512635
-0.9800791
-0.25775895
-0.08823257
0.0042917333
-0.0037839282
-0.051159352
0.75030506
-0.068390496
-0.08313036
-0.4813956
-0.07537414
-0.28950968
0.32035673
-0.3462307
0.052593358
1.3683379
0.009119535
0.2892069
0.26385888
-0.2228027
0.83685803
-0.6490987
-0.68907964
0.10760432
-0.04459349
-0.36932757
-0.3888047
-0.25219938
-0.3901374
-0.1168434
-0.6294074
-0.06503973
-0.29123014
-0.5238108
-0.28645793
-0.1834019
0.848815
-0.27869397
-0.12497441
0.29344243
-0.12066396
-0.19368786
-0.9151554
-0.15999988
-0.30687472
-1.3544475
-0.15703702
-0.049535785
-0.16634053
-0.17517518
0.20884816
1.264579
0.13937601
0.23422486
0.10870789
0.28178534
0.6078158
0.9945192
0.50174546
0.1872027
-0.05103614
0.24372676
0.01873681
-0.34897202
0.017661652
-1.1106193
-0.6737757
-1.1384498
-0.08955255
-0.17965665
-0.014632832
-0.23616977
-0.737684
-0.26658565
-0.24087782
-0.16858059
-0.22425853
-0.075599395
-0.19744557
-0.12472812
0.02136488
0.11279071
-0.0011331253
0.1529907
-1.4491813
0.16615751
-0.056156415
0.071441814
-0.065934844
0.22225888
0.3386261
0.24309589
0.16802843
0.7703509
0.17616974
0.33061814
0.27863634
0.32469556
0.07365537
0.49567458
0.5951832
-0.28034678
0.19958107
0.6046631
-0.17055786
-0.10559114
0.13970874
-0.08322337
0.004768472
-0.17471395
0.15131243
-3.1864676
0.07735414
-0.04407201
0.12250404
-0.044833325
-0.45098317
-0.4977523
-0.47084835
-0.52167714
0.3876991
-0.5658435
-0.48611838
-0.3196121
-0.35769576
0.17436162
-0.045866534
0.063995354
-0.11151959
2.142874
-0.05354067
0.060526185
-0.24280415
0.0553362
0.12763046
0.028564613
-0.093061715
0.052204926
1.3954104
-0.60828876
0.008788321
-0.45979664
-0.102957435
-0.2689635
-0.5496705
-0.22668582
-0.5486107
1.615478
-0.515382
-0.30541053
0.42738703
-0.37787038
0.3310162
0.2982337
0.23866478
0.34445953
1.4844342
0.3014995
0.21365069
0.48123345
0.19032906
-0.70434827
-1.3636974
-0.6157556
-1.2854635
0.58225363
0.31379855
-0.3369738
0.5361732
0.19973531
-0.2410811
-0.018698042
-0.3975926
0.31548905
-2.0559943
0.5061913
-0.07520679
3.2681074
0.0012026293
-0.045193832
-0.1971499
-0.023496643
-0.19913027
-0.5034269
-0.27781627
-0.084637284
-0.12354182
-0.11160011
-0.1218593
-0.06597451
-0.17407294
-0.315246
1.0824512
-0.3246888
-0.2102268
-1.0319955
-0.13758016
-0.25425974
-0.24235529
-0.28867018
-0.21792409
-2.4065363
-0.2516466
-0.11309075
-0.57090026
-0.09069179
-0.26262656
-0.84047866
-0.2957424
-0.28457195
-0.29621428
-0.30049223
-0.08956749
0.16880561
-0.04901537
0.287549
0.15454054
0.25965396
0.24695891
2.0956125
0.22691414
0.29273683
0.23820134
0.34208092
0.31366745
0.2668014
0.30201504
0.27022153
0.9245663
0.3935855
0.20060463
0.09583028
0.20481168
-0.34174433
-1.4052472
0.019359488
2.338086
3.870292
1.2859752
-0.035922926
-1.2262853
0.4198692
0.20484665
0.14191517
0.22930112
-0.06850814
1.1659424
-0.00081910007
0.16530101
0.4602223
0.19566032
-0.28836447
-0.5778816
-0.32071614
-0.27358466
-0.4452219
-0.36633927
-0.30304742
-0.4383578
-0.2942011
-0.21644102
-0.29077792
-0.25558454
-0.29178056
-0.8667846
-0.46829885
-0.24221405
-0.62067413
-0.1994384
-0.4234564
-0.5748193
-0.51442045
-0.5389311
0.49011746
-0.5508612
-0.4085571
-0.56744933
-0.42479628
-0.14839724
-0.120137066
-0.15188648
-0.028134525
-1.1813289
-0.0009632112
-0.06947353
0.13461202
-0.2811742
0.5914882
-0.15246193
-0.3185411
0.7834056
1.6228633
-0.26005316
0.38193184
0.6809488
0.67706096
0.18717538
0.0100915255
0.1957985
0.16712488
1.4280273
0.21777861
0.12589301
0.15155295
0.20596911
0.13515447
1.1903557
0.07672321
1.1503277
-2.7695653
1.0954281
-0.23563258
-0.1159147
-0.2419836
0.0016182536
-0.11186724
-0.029057074
0.17043492
1.18425
0.24546497
0.13591973
0.012453778
0.16691227
0.3197329
0.065767944
-0.16580087
0.59238553
-0.017251842
-0.657638
0.2818614
0.009423157
-0.28028798
0.002005927
-0.0839574
-0.0450219
0.5271572
0.9822749
0.44316924
0.22589445
-0.12271284
0.15490411
-0.3888137
0.9287584
-0.4361194
-0.10508581
-0.19387165
-0.037213594
-0.48794332
-0.46221378
-0.5311817
-0.39161718
-0.39528129
-0.4222557
-0.40117544
0.011077547
-0.37446982
-0.37434486
-0.22371216
-0.43867683
0.54861176
0.50010306
0.2661021
-1.5036484
1.1083577
0.14785765
0.6798404
0.49320212
0.25902227
-0.27102736
-0.250403
-0.15638909
-0.20753744
-2.0756474
-0.32710072
-0.15265313
-0.2787654
-0.12778108
0.28746116
0.39266706
0.2572742
0.119548194
1.3600562
0.4176968
0.26916042
0.17422876
0.24800052
-0.14197925
0.13404006
0.15653259
-0.6077257
1.0895745
0.2215815
-0.10641262
-0.40498424
-0.062040597
-0.91585904
-1.541179
-0.87784725
-1.7619646
1.5431308
0.7238048
-0.8621897
0.30693772
0.26074645
0.238072
-0.38020393
0.23832497
0.28988323
0.31448323
0.36164987
0.1702792
1.1112981
0.15601611
-0.15190172
-0.07339218
-0.1668194
-0.13990039
-0.8299453
-0.07217292
-0.1098502
-0.091176696
-0.088121235
0.19248559
-0.16751356
0.22364034
0.030664712
0.51591474
0.29481524
0.103391595
2.017471
0.041954838
-0.22671211
-0.42820638
-0.3172748
-0.21802613
-0.50169295
-0.25916916
-0.08980665
-0.17727107
-0.025986688
0.19832018
0.32502738
0.21651581
-0.14286469
1.2616794
0.0049754037
0.21873681
0.5035897
0.25143093
0.20564191
1.1292019
0.2636759
0.11102803
-1.1569188
0.067731634
-0.15694892
-0.28309786
-0.22735508
0.14092319
-0.11225713
0.1390018
-0.05640909
1.8868749
0.041246276
0.1789013
0.04102726
0.11870301
-0.31259054
-0.21429035
-0.29282746
-0.068579994
-0.20670013
-0.073197275
-0.21308118
-0.34656224
-0.26234004
-0.16142118
0.8936258
-0.04385579
-0.5783305
1.2493241
-0.53202623
0.04481578
-0.4034059
0.021816187
0.120606944
0.00066189165
0.1459065
0.00040779205
1.212904
-0.0054622875
0.12880962
-0.028274003
0.1541201
0.109061316
0.26817754
1.6270924
-0.3476758
1.2136054
0.9497081
1.1817979
0.7148482
-0.15740626
-0.66876125
-0.4876095
-0.039682493
-0.55320305
-0.32738185
0.13137917
-0.00091472047
0.027649296
0.022592083
0.30424562
0.2668104
-0.03485697
0.93451077
-0.7444439
-0.62774724
0.4917665
0.35269442
-0.12978803
-0.7499406
-0.29742908
0.47433063
-0.4764906
3.1086695
0.060408305
0.6722376
-0.039156683
-1.60489
0.15240803
0.7047401
0.110986136
0.4794772
0.7734479
0.31121153
0.27170128
0.24223907
0.26659974
0.13318835
-0.123834476
0.13071151
0.1117833
1.1604398
0.18981434
0.08459309
0.3482701
0.117353044
-1.5667135
0.9922806
0.2794983
1.6342236
1.228296
-0.47349897
-0.10397657
-0.5897145
0.10780797
-0.06545794
0.71023226
0.04306417
0.31298807
0.92519844
0.3680166
0.0015076492
-0.1073148
0.14965464
-0.2658644
-0.82052535
-0.13709815
0.06248407
0.08944935
-0.16312252
0.11986076
1.0386351
0.18395874
-0.026797494
-0.013068231
0.32398978
0.32645127
1.3947854
0.22684698
0.07581
-0.025120312
0.019509584
-0.062293675
-0.41795382
-0.12633288
-0.18422464
-0.4901938
-0.18896961
-0.072455935
-0.43477783
-0.09110867
-0.00027608738
-0.6356302
0.009423684
-0.74125636
3.0812156
-0.79180616
-0.057340644
-0.6204989
0.008857267
0.040245898
-0.050966542
0.025537664
-0.19147168
2.0189562
-0.06073442
0.07455874
-0.1290777
0.085898995
0.061962273
0.008041672
0.025419878
0.14861171
1.6890644
0.18449545
0.09520973
-0.3499593
0.11865869
-0.4139732
-0.6394497
-0.41403848
-0.8429197
-0.9079715
-0.77933663
-0.42757154
-0.55124444
-0.46378526
-0.39887875
0.47781155
0.2182758
-1.6242504
1.2745508
0.41202953
-1.537532
-1.4046909
-0.49236453
-0.08049915
0.06442234
-0.03759814
0.13206479
-2.80654
0.05652976
-0.06699474
0.12424639
-0.05722089
0.17292942
-0.3070304
0.19552498
-0.09357723
-4.3024955
-0.5287438
0.20182653
-0.5704663
0.08321686
0.1660662
0.20706148
0.19539401
-0.12127085
1.5025277
-0.090088
0.12628452
-0.097414374
0.11475084
0.14456135
0.09952519
0.15589301
0.0002555377
1.3547438
0.045072
0.22546302
0.15320064
0.19454727
0.47131005
-0.40471143
0.48087165
0.11846498
1.3647566
0.17977646
0.34899175
1.0418032
0.42461488
0.008201228
-0.1714372
0.016558096
-0.3849187
2.5390666
-0.39729777
0.059403278
-0.025380569
0.06780668
0.31920338
1.0729222
0.30797604
-0.010697773
-0.49630234
-0.08309422
-0.3858873
-1.0800483
-0.18080841
-0.28787133
0.072035216
0.2805144
-0.6209919
-0.7644016
0.84589905
-0.33871537
0.067686714
0.50010973
-0.28275746
0.1204862
1.1567106
-0.30116758
0.09034136
0.69157046
0.16931441
-0.31401056
-0.3472704
0.015201898
0.02598267
0.16893762
-0.59788287
-0.541216
0.61712897
-0.0555745
0.032439966
0.1473859
-0.3805167
0.560551
0.157366
-0.86896825
-0.47877616
1.4792446
0.25001708
0.82250756
0.5900073
0.113547154
0.36548924
0.093030185
0.17765394
1.7890409
0.2520648
0.23647356
0.5090972
0.34452623
0.3778998
-2.6339076
0.42390785
0.10080904
-0.06662359
0.1609177
0.0630092
-0.13177583
0.09300843
0.056075707
0.12162866
0.058403015
-0.020282047
1.7834069
-0.03482696
0.0006907238
0.028840112
-0.011682626
0.19105393
0.08171767
0.1870415
0.051085927
1.0030309
0.06287883
0.32942593
0.18131778
0.3084918
0.62807524
1.3296295
0.5657857
0.78707194
0.25402328
0.87829256
0.6166587
-1.2152535
0.5340805
0.20518145
-0.17079881
-0.23456936
1.2530315
-1.1454934
-0.36231914
0.35081348
-0.25646168
-0.28254482
0.40430224
0.24520503
-0.07170602
0.7252918
-0.4440646
-1.0033338
0.35031688
0.2841284
-0.21620789
-0.5577588
-0.5809848
-0.60928416
-0.19851375
-0.4121506
-0.23340693
-0.40307355
-0.9957234
-0.4653164
-0.025019972
0.6665351
0.07588672
0.30570486
-1.5697825
0.15886332
-0.043339532
-0.2960368
-0.07804829
0.09824942
-0.4329538
-1.0730035
-0.6131413
0.96105057
1.8284749
0.17164057
-0.48672205
-0.46434858
-0.32490528
-1.2598679
-0.24173991
-0.055018406
-0.13648415
0.0015291757
-0.46400967
0.413889
-0.46218324
-0.34699568
-0.20166282
-0.3199575
-0.3542404
-0.9595533
-0.29849502
-0.21319121
-0.3588285
-0.2532338
-0.122631945
-0.40217254
-0.1316777
0.20407869
-1.1097939
0.10405797
0.05997271
0.5171957
0.07900813
0.34828818
0.034753326
-0.07030809
0.03735394
1.3142586
0.4920761
0.05483209
-0.005590539
0.15332104
0.10431893
0.25857016
0.13977334
0.29978266
0.95111656
0.31516072
0.12752351
0.30414486
0.14549707
-0.15035081
-0.6092931
-0.16363205
0.07001091
0.6725279
0.054049324
0.37089843
0.5178846
0.26217848
-0.048869736
0.80374
-0.04807377
0.20349121
-1.4660739
0.38406038
-0.08991085
0.0039092046
-0.1056069
0.0919757
0.32144538
0.2542171
-0.77425635
-0.35304177
0.5468009
-0.23498443
0.2585533
0.307415
0.44384414
0.3305572
0.43697703
0.16663815
1.782433
0.2098969
0.32652837
0.28847602
0.39570025
0.38788283
0.21065389
0.34595302
0.21882199
1.3302495
0.32038006
0.35912597
0.14767176
0.34182778
0.24248184
0.3600267
0.25336242
0.14135918
1.5503315
0.26869074
0.64672565
0.5032418
0.7114594
0.2006089
-0.2720339
0.27973157
0.09424597
1.5421376
0.07489964
0.18608834
0.3329706
0.20644966
0.07258617
0.06455656
0.07876641
0.2241512
1.3509932
0.2453923
0.13891108
0.36662373
0.19304308
0.43066803
0.2721387
0.44126123
0.103697225
1.322151
0.13143735
0.5204781
0.13363215
0.5616772
0.47671208
-0.24796185
-0.95227593
0.027747778
3.0187612
-0.22886957
-1.0335389
-0.11514529
0.9967413
0.1257869
0.03719167
0.0896025
0.27735466
1.1154319
0.32110932
0.097156
0.18536201
0.09872297
0.70436853
0.5057804
0.82276046
0.34366295
1.9801155
0.63042337
0.74938536
0.22079425
0.8627188
0.5937217
-1.3315203
0.5718939
1.4204851
-2.239472
1.5280496
-0.064717054
0.066248804
-0.11062145
-0.025004396
0.008602505
0.0179348
-0.12808667
1.6792158
-0.100362375
0.020166889
-0.009444776
0.010959782
0.10839393
1.3705218
0.14942914
-0.35713637
0.23006414
-0.28867927
0.18544158
-0.33353835
0.22305791
-0.046732657
1.2779716
0.027182419
0.04798999
-1.1473143
0.07339328
0.057727087
-0.5110496
-0.055623528
0.21948467
0.15252398
0.11835358
0.4292737
0.5986877
0.46083143
0.2782298
0.7856492
0.22921589
0.062464114
-0.27608368
0.3725088
-0.50453645
-0.23130284
1.0067229
-0.018151581
-0.28892642
0.5277212
-0.1470113
-0.07478659
-0.18830311
-0.07548877
-0.35812348
-0.10453927
-0.17351851
-0.22401667
-0.23991933
0.3525958
-0.27553436
0.45513305
0.18632469
1.3652619
0.28680462
0.11262046
0.009629214
0.21944936
-0.04003037
0.0020914949
0.23692814
0.021498255
1.5654366
0.20526008
0.47439897
0.28539297
-0.1047427
0.047027588
-0.06588927
0.0016955661
-0.07602314
2.1594038
0.06823908
0.19014364
-0.008421452
0.18435994
0.23628405
0.13494405
0.23298311
0.13258779
1.1749288
0.111496575
0.19940123
0.3688917
0.2619166
-0.3152967
-0.48410094
-0.29767877
-0.10915732
-0.78051865
-0.11527438
-0.42607874
-0.41217276
-0.40192983
0.2583439
0.7597282
0.29773942
0.29359886
1.9868807
0.44455495
0.42212912
0.7121777
0.5881697
-0.20539027
-0.107362255
-0.18934363
0.0374265
-1.725347
-0.045975007
-0.17415999
0.0029175065
-0.17153327
-0.4542442
-0.72513145
-0.5445701
-0.16604935
-0.5795378
-0.15745743
-0.55393195
-0.86494696
-0.5569759
0.3636816
0.8160784
0.5570274
1.3162181
2.322531
0.9873531
1.4580623
1.0666902
1.4116323
-0.4761971
-0.32914662
-0.47556502
-0.23296201
-0.45727247
-0.29662374
-0.36911508
-0.74639815
-0.4629605
0.13856767
0.042180784
0.15018204
-0.0033714203
1.2654064
0.08319435
0.10240449
0.1564081
0.12725669
-0.4255184
-0.3157614
-0.38059247
-0.31737667
-0.27788988
-0.3718769
-0.3315392
-0.53740853
-0.42744285
-0.19075339
-0.31272003
-0.19293596
-0.22244456
-0.5539971
-0.20210257
-0.26113284
-0.27633163
-0.23992075
-0.39579833
-0.22010793
-0.3955572
-0.24967238
-0.42106786
-0.32889417
-0.48043078
-0.40290093
-0.43332145
-0.28177223
-0.6323175
-0.2369828
-0.23178017
-0.5460918
-0.24850608
-0.46892336
-0.33029512
-0.56305826
0.29842612
-0.84928924
0.37394524
0.20395675
-2.0619621
0.37132537
-0.065033644
0.9278242
-0.14652681
-0.27387607
-0.044075508
0.18329711
-0.48929608
-0.7862543
0.9047728
-0.28118998
-0.17904502
0.09035309
0.16544512
-0.1881109
-0.012176783
1.8447691
-0.8884005
-0.26432854
0.31281403
-0.22883135
-0.03255981
-0.20221435
-0.013855852
-0.33886337
-0.058973618
0.11718436
-0.06386604
-0.4233551
-0.12499327
-0.6339137
0.47682324
0.44938752
0.18375699
-0.33534265
1.4324933
0.27071917
0.5729095
0.42875472
0.11190809
0.68227166
-0.070324376
0.55883855
0.13400558
1.277096
0.42015183
0.23488726
0.5807613
0.3006682
0.21882308
0.032092873
0.2182928
0.139323
1.3113644
0.03743517
0.22367397
0.10102515
0.22571065
0.22885275
-0.31900108
0.27849072
0.40192053
-0.8105944
0.3372952
0.5489815
0.93854755
0.55010843
0.13089204
0.18885277
0.12791827
0.24096923
1.0881083
0.29654357
0.1111688
0.28093284
0.12182393
-0.5589851
-0.4925312
0.034043375
-0.9052378
-0.37522355
0.5311941
-0.08116774
0.19847293
0.16838488
-0.29015175
-0.1890586
-0.30803198
-0.12981984
-0.9492754
-0.19957851
-0.3727103
-0.2632993
-0.33589467
0.16811119
0.15623412
0.07465392
0.22655016
1.4033151
0.34971696
0.10594507
0.30102476
0.02502256
0.45694864
-0.9131425
0.24308808
-0.10642971
1.7442331
0.0371241
0.0059661157
1.0669839
-0.114918716
-0.12749113
-0.012113249
-0.10321071
-0.12205938
-0.5644454
-0.09913403
-0.1941695
-0.36841744
-0.22554533
0.042609382
0.25482237
0.112546876
0.5457092
1.4461591
0.56096685
-0.024326602
0.38025326
0.05204579
-0.30804864
-0.4636437
-0.31966454
-0.20158479
-0.58573765
-0.26725653
-0.060205746
0.27081397
-0.12605454
-0.5553926
-0.98890316
0.43203855
-0.5196719
-1.1322601
3.4824114
-0.75668305
-0.9284386
1.186864
-0.35349843
-0.8406541
-0.40989712
-0.17551939
0.33827618
-0.14123109
-0.05205106
0.26293427
-0.0757498
0.06004314
0.31669027
0.033757363
0.29824516
0.32424533
0.2487038
0.027688036
0.25481123
0.099149555
0.023753114
0.742941
0.09012433
0.32368234
1.2196119
0.3623818
-0.08903822
1.0351832
0.14046805
-0.32479635
-1.0071771
-0.38735554
-0.22670221
-0.4545851
-0.14048861
-0.3340394
-0.8282294
-0.38970345
-0.10315693
0.9193758
-0.18232283
-0.7668165
-2.3533933
-0.7171887
-0.13506879
0.9555339
0.055360682
-0.09668995
0.965088
1.0139945
-1.1935719
-0.92524296
0.9990859
-0.71813196
-1.0575484
0.32044622
0.15605725
0.18448925
0.03088895
0.10279867
0.23412211
0.003932094
-0.00031768135
-0.748057
-0.19401203
-0.1416516
-0.08378651
-0.120791845
-0.20419692
-0.7680243
-0.19065917
-0.18573424
-0.26189387
-0.16295953
0.060626384
-0.11821507
0.010532784
-0.44036475
2.0284429
-0.47920257
0.022135023
-0.48213056
0.017994218
0.2513584
0.028588112
0.18628302
0.08514991
1.1257848
0.09367122
0.2499929
0.13617225
0.24107417
-0.18071768
-0.38752607
-0.1735715
-0.28585052
-0.036413155
-0.33301675
-0.24155156
-0.3094271
-0.26628238
0.19082205
0.2785037
0.20955081
-1.4104894
-1.5599554
-1.6558384
0.1866365
0.38655216
0.41144612
0.5316997
0.41277874
0.53865707
0.36670846
-0.8008068
0.25002617
0.49898037
0.13943154
0.56915456
-0.20754181
-0.5442387
0.58831257
-0.5346315
1.7137341
0.9884095
0.7711315
0.17860353
-0.62018675
-0.011448074
1.0379515
-0.022918217
0.018516216
-0.30890965
0.007827153
-0.09915951
-0.34872228
-0.12860402
-0.59761363
0.1326571
0.5999243
-0.094073445
1.2008035
0.44733158
0.023584414
-0.15397802
-0.39846718
0.13817331
0.4439802
0.58769375
0.30615202
1.5772294
-0.2248088
0.27300644
0.5355297
0.73180336
0.17065458
0.3002533
0.1888739
0.15322822
0.5628957
0.184568
0.143548
0.29761133
0.17207588
-0.28609854
-0.29994643
-0.37939912
-0.21016382
-0.6828942
-0.2486252
-0.21461111
-0.6633358
-0.2923687
-0.13302825
-0.0920838
0.46810663
-0.15032676
1.4477355
0.7681457
0.5672624
0.4009113
0.6840111
0.15265279
0.03320348
0.038654923
-0.040885787
1.3581746
0.13186865
0.17676857
0.042881813
0.13697442
