-2.1488557
4.067954
5.5499187
0.9839128
4.781254
1.8402054
-0.79164493
-5.779651
-3.4355984
-2.8486362
-8.259268
-1.1742179
1.0956988
-0.4660924
4.2317905
0.09708691
-4.1168423
1.543906
3.6411712
-0.8430569
-4.9280195
3.4265118
2.6624746
-3.7657297
2.105713
12.8397255
-15.52913
-2.0756958
-3.3457122
-12.740508
2.9621851
1.1976236
4.1063595
0.1473887
-0.0980261
0.89859235
6.208267
3.758092
1.3538109
-0.3787198
-3.1919425
-1.7238017
5.2384887
-1.4114006
-0.010172844
-0.4866832
1.174526
3.455268
1.0103215
10.354723
5.348864
-3.0248911
5.21893
4.876298
4.449258
-2.71266
2.0852058
6.191781
3.6497617
-2.3183463
4.619692
-1.2642021
4.425452
5.833577
4.0614357
4.351284
4.946116
5.022411
4.0269914
6.439433
-0.19120198
-2.9038925
1.4828264
2.4076471
-1.2464473
-2.5424075
7.417801
4.3287015
3.534486
-3.2202141
-2.7503283
-0.0150773525
-1.4541466
0.73644626
-2.1788783
-4.105587
-1.0204735
4.6373525
-5.7588263
4.834284
2.744443
20.09894
9.334359
3.119651
-3.161984
-2.915103
-1.2444476
1.4666514
4.0470486
-1.1043772
6.684081
-0.21879125
-1.5634484
-2.0374498
4.5354505
4.9519296
10.833472
4.6430335
1.3173069
3.6890113
3.205058
-0.67931956
-4.30315
3.6771188
8.978213
5.1444845
3.05568
-1.3892031
-4.981383
-5.9509354
2.995089
-0.013635874
3.5740664
-2.3604362
1.8236027
7.210864
1.9184498
1.0041527
5.5238647
9.322098
3.4780016
-0.41742402
4.1488714
0.9717137
2.8850725
-1.0730044
-1.6451063
3.8989925
-5.1548204
-0.14195406
-0.95758003
11.011641
1.870867
1.7880774
5.181756
2.3342266
2.5201771
0.78686666
6.435525
-0.088242054
-0.91141915
-1.6491368
-3.0365834
2.7423265
-4.0130577
2.828622
11.14441
-2.92698
6.988495
7.8156924
-0.42103183
1.3282845
9.406773
9.302984
-2.1101499
-2.6599777
5.1126633
4.793361
-2.0254543
8.839901
4.876669
2.6320488
-1.189802
5.2189727
-2.141524
-0.9394636
2.206647
-3.1779807
4.2735734
8.504026
3.780514
3.3586423
4.822388
-0.60585886
0.65805984
-3.2808256
1.3687062
-0.25129506
5.3714504
2.959742
4.4068875
4.958766
4.2351556
-0.014576077
3.9504113
-2.2143404
3.641076
8.638422
5.5209017
6.094305
4.2603407
4.466985
2.8650033
-0.72363555
2.3869736
9.506691
4.5020175
0.31792617
2.3952224
0.00012457371
-0.8084286
6.077436
3.1569247
2.2750475
-3.5483737
4.2610335
2.3011758
3.8662057
5.0482993
3.7314034
1.7597599
-1.1064498
4.5989866
5.2743564
7.694765
-3.8622718
0.6763678
9.473305
5.997108
-1.8944082
1.2980264
4.383094
-3.7053628
1.7435955
-1.2009459
3.7040308
4.3534207
9.406576
3.9344482
-5.361243
-1.1774065
-9.006444
-1.587765
5.831603
3.8774147
4.901466
4.667771
-4.2086806
-1.8369483
0.48507547
-0.12585318
4.2745323
-0.8257968
4.674756
2.4069526
-1.8962812
8.396546
-2.7282362
-0.7553669
-0.2773962
0.54044735
5.7519255
-2.1968591
2.6432168
-1.5933876
2.1373217
-3.1348212
5.6816406
3.2302313
-1.1364295
0.60561585
4.128667
2.9043288
-1.9182917
-4.1416454
-1.0666106
-0.263754
-1.590875
2.7851484
-3.5636384
3.837336
2.0909228
-0.024346828
-1.5556386
10.351015
0.7022891
7.782138
10.26116
-1.5917659
-2.2945218
-2.3165169
-1.5182093
2.6480732
3.1645792
1.6515765
3.9698644
-1.3847617
-4.8682632
6.248257
-0.53282166
-0.82554066
0.005420476
4.2079153
1.8658755
5.764476
6.7299504
0.2911916
4.4776206
6.7551274
4.6507196
-3.19855
-0.540478
2.299017
5.342289
3.2975802
-7.572756
-4.759346
-0.83450705
-1.9372749
-1.9395258
-2.2242131
-3.2662983
-0.12381476
-4.7973785
0.4121976
0.09269333
0.61542404
4.6735754
-2.4979165
2.6602588
3.2723236
-1.7292186
-2.3765683
-1.5826383
-1.5600226
5.333792
-1.8768886
8.17739
5.5497046
-4.441436
2.7975996
-2.192391
2.4100606
3.914223
2.5821364
5.2680516
6.0192785
4.7861776
1.4165347
4.7765026
-1.3067766
-2.965455
-2.364865
0.49216992
-1.4852965
4.3410797
4.417994
-3.122809
-3.1597104
3.8625855
-4.275792
4.5831
0.77181077
5.0478554
-0.9272661
-5.1231327
7.0394287
5.4274354
-0.047490597
4.8936915
5.239009
1.3654665
-2.171568
6.0371413
4.569928
-0.16950208
-2.9597688
3.0134091
0.022328436
-1.4679332
0.018127263
4.242318
-4.188511
-1.8848814
