-2.1474726
1.1012416
0.3269282
0.85184324
3.619321
1.7327995
0.9887619
-2.0706742
-0.41036832
-0.0024255514
-3.0154877
2.5447025
3.123859
0.3989468
1.2648453
-0.55021775
-2.900713
2.8361077
2.0530205
-4.708063
-1.3631657
-6.777115
-0.58206385
-3.617859
-3.1351452
2.0639617
0.4966424
-0.111685514
-0.18633685
2.438974
3.1014433
-1.3081057
0.5203212
0.97001326
-7.9029293
-0.67239195
-1.0943017
0.5830691
0.16895074
4.1637053
-1.5525901
3.2490246
0.72153777
1.2503399
1.7123687
1.6800658
-4.120396
-0.9955426
-1.0677258
4.015744
1.9791037
2.2022924
0.9956248
1.2994833
-0.4823624
-0.768476
1.3007705
-2.2063644
-6.1115627
-0.70432526
1.7069958
-0.28115946
-3.3540342
-3.2994974
-8.977436
2.8562262
1.2167389
-3.5213673
2.5547612
-0.36929584
1.8983034
-3.0896564
-0.48609054
4.194143
-3.2283144
-1.7596126
-4.429599
0.94545937
-1.614456
1.5811632
2.219799
-2.6833904
1.3592687
1.6304035
2.0839405
0.62293315
1.4832835
1.2167112
1.5139306
-2.7234938
2.4550133
2.0962234
-0.9020116
2.4649339
0.72723603
-2.1512892
-0.30718672
0.7395226
2.0298343
4.0239997
0.3903561
-1.0877876
2.7353206
1.8142207
1.7888288
0.4515653
-4.854468
-4.8732367
-2.483764
-1.583925
1.0934676
-3.9738896
2.9342802
3.0685234
-4.847659
0.7980497
1.2237236
-3.8207858
-0.6714741
-1.2910526
1.6538303
0.84542656
-0.13855946
-0.12748802
0.998173
-0.77758765
-1.3007883
-1.2705135
0.40721774
-5.4287505
3.696229
-0.96040237
-0.41294837
-0.83325183
-0.46266004
-1.5596462
1.8613913
-1.5255723
2.164641
-1.5597055
0.89056027
3.4288747
-2.876262
2.1313012
0.45917094
-1.8766568
-2.984655
-4.6865172
-1.0216827
-4.469581
-0.16808248
-4.6217756
0.7393694
3.993987
-7.259068
-0.69729626
1.4213724
-0.5757024
2.4163218
3.206164
0.88852954
2.7450619
1.9828095
-0.18976429
1.4524429
1.0707062
-0.82632554
-4.0464554
-1.2135634
-0.7123647
1.422049
-3.145689
-3.0270731
-0.5702152
-1.8800454
3.391344
2.303766
-0.11996931
2.506301
6.2479453
5.274598
-1.5331028
-7.2774854
1.4103909
-0.24471444
2.8134084
1.0134971
1.6256058
2.9852085
-2.4869301
-3.2906237
3.1980448
-0.066833735
2.9733005
-2.3756313
-0.8794571
-1.9539694
-0.8424106
3.963173
-0.8350703
2.4312687
3.5911953
0.074632645
-1.5847483
-1.3010658
-1.6834675
2.9115047
0.16294265
-4.8083706
0.12548481
2.7802074
-0.28533506
-1.6550661
1.612589
-2.2709036
0.36139637
1.2563019
0.7519835
1.244346
-1.1281949
-0.093461275
-5.6621895
-1.9038775
3.7762516
3.65455
-0.09329498
-1.4612718
-1.7204125
-1.9701886
-8.215768
0.2864583
-0.7890245
2.0793521
-1.8246868
-0.35687888
2.9529326
1.7854463
-5.0209503
-1.6260556
1.3392873
3.2585404
-0.05959861
-1.1136545
0.9950143
1.1731403
-1.5212989
-10.280944
1.0324143
-0.9665822
-1.408832
3.5728054
1.5993686
-2.7547312
0.33318835
2.1764503
-8.6885
-3.4967291
-3.7848883
-0.74584967
-5.3856654
3.5367417
0.64078826
0.71901655
-2.2404375
0.28299206
1.434607
-0.080248594
1.8831313
-4.5629363
-0.42988122
-2.656733
-2.6712842
-5.3927736
-4.3271422
0.08157253
-2.4363422
-1.9202645
1.352706
-5.0723953
-5.897032
-4.9982023
1.8540713
-0.2561254
1.8542768
2.8624725
-3.705486
2.5874116
-1.1539426
0.025214672
1.8363727
0.73755485
-0.1570822
0.4793713
2.0492651
1.6498637
2.397437
0.16539001
-0.0048971176
0.34992683
2.582584
2.639973
2.5991018
-1.3188355
2.5289803
0.5019755
0.07402898
1.850895
1.9942826
0.61170673
-2.0663161
-1.667843
-4.462488
1.6521652
-0.74499774
-3.9316988
-0.7755881
0.40726137
1.7773294
-5.181579
1.3585393
-3.265574
0.73198014
-3.264596
-2.1273155
2.913391
2.972328
-1.3536948
-2.4191723
-8.395438
-0.9130596
2.7503192
0.13240731
1.7684646
-1.4455281
-1.8030136
2.6455767
-0.5053146
0.35459515
0.32702398
0.026720405
-2.6416824
-2.5994177
-2.5466444
-1.3117492
-0.16604713
-3.2723212
0.19105875
-3.683208
0.5040895
1.666033
0.2872702
1.8783917
-4.1824036
-4.806859
-2.5690384
-1.4185512
-5.845155
-3.4991906
2.499785
2.4994304
0.8992432
2.0170877
-0.7648277
-2.6534915
1.4903967
-2.6857376
0.32815686
-4.70658
-3.7555947
1.252955
2.1650321
-0.3829919
-6.110362
-6.832232
-5.5123696
2.3045616
-6.151533
4.6903048
-3.1166532
1.6095675
-0.8787765
-1.1035053
-3.5672455
-4.122588
