0.4494126
0.017059643
0.50926733
0.36179847
1.6703147
0.48324576
0.5942775
0.22769648
0.54447365
-0.101890996
-0.23894127
-0.11415197
-0.46412528
-3.9776258
-0.3895949
-0.16054711
-0.41532606
-0.11990023
0.5328038
0.73314923
0.45984533
0.35685498
1.3828614
0.49664336
0.27026567
-2.9308288
0.26805514
-0.5097832
-0.9318697
-0.6011521
-0.116918206
0.48744458
-0.14295538
0.16673912
0.6845379
0.2995151
0.033990923
-0.19865532
0.029455552
-0.05110397
1.4541869
-0.057268925
0.012914392
-0.0009941885
-0.012791218
-0.3802829
-0.21940741
-0.40218633
-0.18152368
-0.8119259
-0.050400123
-0.25442725
-0.4186049
-0.21243641
1.1050836
0.6786357
0.015462621
1.2543377
1.0886604
-0.17773487
-0.8814161
-0.12536481
0.36769745
-0.04508478
0.50646865
1.0989261
-0.24799806
0.8549247
1.1757747
0.22761403
-0.017207963
-0.7138427
0.16432849
0.006859933
0.19159314
0.098921545
1.3276361
0.15558021
0.6612149
0.65832186
0.6263316
-0.24582647
-0.46429566
-0.21666229
-0.39922944
-0.3142688
-0.42841792
-0.22319388
-0.28989223
-0.25168148
0.64789
0.35689652
0.603793
0.12324341
1.6712042
0.34044063
0.19965164
0.44039866
0.1972245
0.010800161
-0.06317521
-0.025625998
-0.035361636
1.5380517
-0.045635525
-0.08453995
-0.07058941
-0.066822104
0.5255687
1.10502
0.32263118
0.16071402
1.0301585
-0.1443112
-0.23056997
-0.06965502
-0.4091242
-0.0658417
-0.4478004
-0.06949877
-0.22199692
1.7824676
-0.21080756
-0.01519412
-0.016601872
-0.033986896
-0.10354138
0.22078349
-0.06593575
0.08761675
-2.2649188
0.047330957
-0.16210139
0.16127071
-0.12187443
-0.1727373
-0.75670344
-0.21683106
-0.87131435
-0.54153454
-0.91232973
-0.27230412
-0.6621453
-0.3181533
0.470743
-0.09133393
0.45953488
0.8174815
0.57417554
0.79118586
0.6698687
-0.14602196
0.597575
-0.15188915
0.66857517
-0.16092661
-0.34036726
1.5046945
-0.271913
0.2804277
1.0579543
0.31654975
-0.01645108
0.27751067
0.20882
0.2760173
1.3040206
0.054248102
0.22709037
0.036812052
0.36166632
0.31019312
0.59132457
0.28797728
0.1544167
1.6296335
0.18896633
-0.05432842
-0.37201887
-0.051437225
-0.0010728887
0.13323846
0.0036847193
0.27753106
0.961105
0.3132525
0.08748395
0.2817622
0.12942924
0.639985
1.3524828
0.64678514
0.6979598
-0.18748659
0.67203385
-0.14981191
-0.7764192
-0.04079035
0.1494978
0.06029582
0.1515792
0.115900695
1.7754118
0.16954564
0.28042063
-0.73640376
0.16669072
-0.2599301
-0.23012418
-0.33249652
-0.30169994
0.11559303
-0.23866764
-0.45774382
-0.30371988
-0.50766546
-0.31762373
-0.23397234
-0.35265964
-0.19875751
-1.0279032
-0.1961955
-0.26714525
-0.15268219
-0.29555163
0.071470335
0.93193483
0.10358486
-0.834385
-1.4840461
-0.77757394
-0.16896012
-0.26363498
-0.14009438
0.07405951
-0.7182157
0.11136513
0.09761782
-1.7341983
0.14751197
0.6612511
1.0667386
0.58571273
-0.36534646
-1.1252211
-0.49744338
-0.9149153
1.9528865
-0.8964825
-0.4680482
-1.085564
-0.6352942
0.44087386
1.3542554
0.50649756
-0.37500587
0.7758589
-0.31108475
0.8832854
0.1004485
0.88025004
0.015602394
0.20474085
-0.06640888
0.2581152
-4.989801
0.15667877
-0.05097809
0.17817059
-0.06492284
-0.0026488437
-0.6137487
0.049856927
0.19260891
-0.6540589
0.18818976
0.4951192
0.75251293
0.49270546
-0.95269656
-1.0743829
-0.40374908
1.2246637
2.2580988
1.3211151
1.5131732
2.1944256
1.1855644
-0.615268
0.29923913
-0.63930964
-0.5338408
-0.6300805
-0.51088107
-0.6291633
0.15570456
-0.5874695
0.023252642
-0.31382146
0.038206704
-0.28383118
2.1879432
-0.2863292
0.04691012
-0.20620409
0.058126267
1.1164403
-0.6694465
-0.9488816
1.0993066
0.75065315
-2.198234
0.024449112
1.0521076
1.7544185
0.54807717
0.018355489
0.07560319
0.27231196
-0.18552226
-0.114856474
0.79141444
0.1560646
0.02448646
-0.28453207
-0.47161585
-0.2688566
-0.25843188
-0.5051804
-0.27483234
-0.11932335
-0.11694514
-0.14394714
-0.17819338
-0.4714966
-0.22734433
-0.54383504
-1.0404615
-0.610734
-0.34400234
-0.35780007
-0.268694
-0.012008605
-0.057361677
-0.35654578
0.29263455
0.22643961
-1.0292997
-0.054900706
-0.1949209
-0.41316435
-0.0960213
-0.17179002
-0.45423567
0.45953512
0.40125108
-0.6670627
-0.055703964
-0.25029662
-0.24012598
0.100506246
0.13067754
0.16055273
0.11684258
1.159681
0.104329385
0.09855558
0.037520032
0.08193413
-0.42912376
-0.24006565
-0.37476358
-0.19280486
-1.4923038
-0.16473064
-0.34384358
-0.17128615
-0.37063098
0.09038368
0.07851423
0.106110975
0.16610691
2.3574781
0.23757763
0.13154536
0.17258191
0.11782538
0.0014079517
-0.2925573
-0.056622066
-0.18819232
2.2166846
-0.3016248
-0.02628846
-0.22488557
-0.044882644
-0.17101564
0.01319801
0.10065966
-1.1042421
-0.07594721
1.192776
-0.070815675
0.044104047
0.004152672
-0.17566113
-0.5025539
-0.29006982
-0.2518067
-1.8420811
-0.17218775
-0.025155246
-0.7261252
-0.1732459
0.07684974
0.39733875
0.081682436
0.23649004
1.679863
0.16710432
0.16724189
0.05685279
0.08498969
0.07528875
-0.06803057
0.061479393
0.010378088
1.6727574
0.04378368
0.036888458
0.17248529
0.06369837
0.06723361
0.019304723
0.06958419
0.033291828
1.2407504
0.09687533
0.1230339
0.07929367
0.11495336
0.2075836
-1.5748912
0.21316187
1.2081935
1.3965188
1.1638051
0.33685118
-0.34264582
0.28316793
-0.34810463
-0.5550574
-0.38298756
-0.28863847
-0.5231676
-0.43919134
-0.5346629
-0.4050849
-0.50945413
-0.27606112
0.1189646
-0.25255042
-0.6144484
-0.3403869
-0.66066
-0.654847
-0.7100497
-0.6865238
0.27740464
-0.7465903
-0.2043971
2.8053834
-0.3524226
-1.8695885
0.37098467
-0.5839134
-0.41487068
0.1673164
-0.0007809689
0.23532109
-0.1899218
-0.67317295
-0.21060084
1.0276542
1.3911233
0.8260853
0.011901815
-0.2190432
-0.0031872478
-0.18236212
1.6437694
-0.17727825
-0.03797484
-0.3278152
-0.050797027
-0.12761763
-0.2726146
-0.23877989
-0.25225586
-0.45283732
-0.26975343
-0.17396526
-0.41453305
-0.25522992
0.025193658
0.10605577
0.016834792
-0.10899324
-0.5834673
-0.099808015
-0.35701242
-0.28961414
-0.37851214
0.5002991
1.9689192
0.59448117
0.21662629
1.2693622
0.23688462
0.45482454
-0.21905412
0.3894779
1.4369035
0.903318
1.5842285
0.3185492
1.7297227
0.2586477
1.4677482
0.33680663
1.572786
0.0047774618
0.30031475
0.12431318
0.5623906
1.3220223
0.5652343
0.15191746
0.5291356
0.2452628
-0.09375861
-0.33501524
-0.09888927
-0.59306365
2.0266213
-0.51592076
-0.061261017
-0.46886677
-0.062749945
-0.10376149
-0.08629215
-0.09615353
0.2533211
1.878782
0.20698185
-0.06633785
0.38388807
-0.041648664
-0.24771619
-0.3263379
-0.17619567
-0.39230573
-0.64240605
-0.40008545
-0.26150998
-0.42504323
-0.2139744
0.71092635
-0.35280836
0.7251524
0.8749354
1.1545508
0.9074749
0.64290214
-0.25072914
0.5876111
0.22904602
0.7960347
0.22666277
0.47745875
1.3569554
0.46201316
0.15342098
0.38947418
0.104157835
-0.5795266
-0.51326704
-0.5525788
-0.6933785
-0.20529017
0.2538303
-0.6557874
-0.42770913
-0.56403
-0.83750033
-0.40808168
-0.8400559
-0.31416556
-0.10624327
-0.33502552
-0.29854122
0.10680411
-0.3266219
0.38304758
0.49398106
0.3472348
0.088495344
0.56238043
0.10413822
0.14186528
0.32506728
0.1561592
0.13392797
-0.745087
0.16575758
0.27748576
-1.7585492
0.12895474
0.05562398
-0.98516905
0.18130615
-0.8198554
-0.82371414
-0.94141996
0.51945937
1.6581659
0.4441224
0.5266244
-0.39386365
0.4821198
0.09882476
1.0548749
0.0867761
-0.18202715
-1.7572137
-0.20148323
0.16616662
-0.6811069
0.13496901
0.3793935
-0.020003414
0.3577027
0.21273275
1.1177733
0.258721
0.1894955
0.086744376
0.100987226
-0.2360756
-0.16201834
-0.25226042
-0.21475044
-0.79652786
-0.3520991
-0.1923095
-0.2746547
-0.16396528
-0.51375055
-0.4218073
-0.5268402
-0.15407683
-1.2436619
-0.32444853
-0.39985657
-0.35269493
-0.45313972
-0.090517566
-0.08445511
-0.08352643
-0.2943219
-0.52412677
-0.2980972
-0.3030776
-0.36191675
-0.3088802
0.19122995
0.16111974
0.16655049
-0.25212687
0.17319356
-0.19203027
0.84155
0.8586822
0.83125734
0.81796145
0.71000236
0.78075004
0.21370435
0.6211727
0.30513713
-0.06903101
-0.10289536
-0.08748345
0.2115532
0.22152634
0.22871727
0.3440502
1.1649942
0.36746392
0.28673896
0.4246606
0.26827952
-0.025666019
0.08254702
-0.03782586
-0.15058634
-1.3955306
-0.053747866
0.023274155
0.16586627
0.0163233
-0.09908158
-0.59397846
-0.09098819
-0.5911777
-1.0215218
-0.71327966
-0.1439751
-0.5466572
-0.11560752
-0.8546533
-0.7828394
-0.9039276
0.55642104
1.5350715
0.5854185
-0.3929506
1.4343706
-0.39280257
-0.018517796
-0.119873285
-0.006839795
-0.022449316
1.4425782
-0.022146422
0.03617094
-0.02914047
0.03412562
1.3269739
0.587343
-0.2765508
0.3277122
-0.27513227
-0.75447595
-0.20473418
-0.8905003
-0.6247246
0.20036699
0.104155354
0.21865807
0.105925545
1.2821488
0.18103948
0.3054926
0.10097902
0.32563975
-0.15040445
-0.26938656
-0.1329242
-0.25503424
-0.57718945
-0.2984809
-0.13507457
-0.28766954
-0.13422059
0.5038835
-0.26025113
-0.27676755
1.0554215
-0.18931325
-0.52952427
0.61489826
0.09402366
-0.29680622
-0.1248453
-0.39891398
-0.087650925
-0.38563153
-0.22665155
-0.40583405
-0.06576959
-0.45859247
-0.060730748
-0.10462723
-0.23302369
-0.03303066
-0.082176305
2.6518679
-0.08281623
0.02242348
0.037596285
0.109843664
-0.2106328
-0.4630462
-0.22238559
-0.512022
-0.90780073
-0.63128954
-0.26452893
-0.5145797
-0.30969793
-0.25705734
-0.51149505
-0.28626075
-0.77675223
-0.47840792
-0.9293864
-0.2627966
-0.75752336
-0.38130835
-0.036802452
-0.034648582
0.00087171927
-0.004393779
1.9293334
-0.005724656
-0.0026311476
-0.08874301
0.04192324
-1.2669557
0.31523052
0.2740182
1.8214252
1.5313783
-0.5889475
0.8212393
-0.16852562
-0.26520693
-0.0053805364
-0.023018468
-0.045833007
-0.010093136
-1.139099
-0.030661207
-0.05418426
0.052888386
-0.06541918
-0.090956554
0.16459964
-0.09156859
0.023051651
-1.2304417
0.015622339
-0.031526346
-0.021291519
-0.027388314
0.18909077
-0.14653842
0.17445154
0.17129509
1.6988558
0.17916228
0.28414333
0.28491294
0.22413486
-0.1232638
-0.04820787
-0.09363491
-0.04288534
1.4419485
-0.022796316
-0.105840534
-0.002093482
-0.027874062
0.20924276
0.043766864
0.25145736
0.29277256
1.219282
0.33226883
0.2594713
0.26295424
0.23052788
-0.2819804
-0.31088772
-0.30957073
-0.35217538
0.89063156
-0.28859514
-0.2946139
-1.0977832
-0.2959772
-0.40076497
-0.19365056
-0.44668967
-0.17293182
-1.432998
-0.13849722
-0.5279729
-0.041118685
-0.5639134
0.35988694
0.6568047
0.36639023
0.4392727
0.9852411
0.52070016
0.17577039
-0.57530606
0.11494518
-0.3163177
-0.36617774
-0.27336618
-0.39984593
-1.0180002
-0.37815604
-0.25970492
-0.32285324
-0.23019221
-0.50972456
-0.44040346
-0.45346892
0.33332682
-1.627223
0.3860698
0.86080563
0.80963784
0.78077936
-0.08178879
-0.08124896
-0.112744704
-0.1232212
-0.5834537
-0.124310866
-0.07511593
-0.18248865
-0.07571717
-0.051860623
-0.44496217
-0.2368957
-0.56568044
-2.5901606
-0.673406
-0.13303092
-0.48627177
-0.25350147
-0.34795842
-0.15049428
-0.3340464
-0.5065802
-0.25012478
-0.53601164
-0.7289467
-0.5414942
-0.80915225
0.13865623
0.039591067
0.17846946
0.103539675
1.5079095
0.076657124
0.09253657
0.016797815
0.124951966
0.11682851
0.33709255
0.13911435
-0.03649604
1.3873597
0.053566143
0.04661142
0.5523742
0.07015311
0.21947147
0.112567954
0.27113515
0.13373174
1.6530792
0.20765059
0.10660092
0.36364952
0.09899684
0.23424138
0.070901364
0.2355803
-0.076649666
1.5105476
0.01421348
0.26128826
0.09351576
0.3104991
0.12937947
0.06329498
0.073942676
0.119649544
1.3792219
0.15993433
0.14085874
-0.00040833798
0.063857734
0.10644227
1.0268309
1.0596846
0.80837053
0.038993873
-0.9388172
0.87613773
-0.31077996
-0.24297662
-0.26800063
-0.14173517
-0.2358849
-0.21842021
-0.39669216
-0.25460374
-0.30699214
-0.24855049
-0.31219319
0.10514055
-0.9443386
-0.74102175
1.0529809
-0.13367382
-1.6009351
0.27186018
0.2467905
-0.19347066
0.25031644
-0.3728154
0.17994787
0.38637087
0.89682543
0.47927743
0.1327673
1.41619
-0.0022413088
0.5547959
0.55837506
0.6196938
0.72985244
1.5951835
0.55344
0.7866923
0.8465931
0.82419306
-0.20178692
-0.8175898
-0.19081646
-0.67170405
0.765172
-0.6635579
-0.21276213
-0.27685508
-0.22978514
-0.44514912
-0.4832179
-0.40646654
-0.5567191
-0.13242118
-0.5239002
-0.36143243
-0.65575695
-0.49082845
0.5460312
0.8210791
0.5029253
0.8191924
0.057733577
0.83635956
0.7313196
1.056091
0.742501
0.22100808
0.06487424
0.17570706
0.2154686
1.5950348
0.3170093
0.23685858
0.18085413
0.21381254
1.3500763
0.6228218
-0.16456169
0.2705823
-0.20925689
-1.3632339
0.8710827
1.0469337
1.0138416
-0.48502028
-0.7927812
-0.5120113
-0.52916265
-0.30568138
-0.6364352
-0.42324573
-0.67818654
-0.50333977
-0.02320917
0.4422695
0.0818856
-0.3590185
0.34409982
-0.35517794
-0.6318719
-0.8519453
-0.62279224
0.9649738
0.38448787
1.0481262
-0.13098368
-0.12212272
-0.0071149035
-0.36581135
-0.19553785
-0.29945466
0.12682678
0.04586432
-0.3739123
0.6732557
0.25722778
-0.7580452
0.26330066
0.04858186
-0.34492853
-0.09089267
0.0042465185
-0.09394214
-0.022307057
-1.2200801
0.022757243
-0.17775457
-0.041287187
-0.1637667
0.70185465
0.31915376
0.65147847
0.22744618
-1.6404772
0.23684639
0.1491455
-0.39477023
0.19531155
-0.13291492
0.10860232
-0.14305747
0.047143064
-0.36908618
0.036828116
-0.28626472
-0.50470287
-0.25623217
1.3209507
1.8055161
1.3379879
0.6411106
-2.3161156
0.49263242
-0.39042264
-1.2387187
-0.54599285
-0.05522085
0.31878078
-0.08184487
0.23868723
-2.6648207
0.15761201
-0.0822222
0.70599174
0.0109711485
-0.045874715
-0.039198466
-0.06893063
-0.38524666
-0.38458642
-0.41562086
-0.11783389
-0.6832268
-0.14509916
-0.2751983
-0.5405886
-0.2596874
-0.51618016
-0.6010959
-0.60520166
-0.68529564
-0.5829156
-0.64108795
-0.028632194
0.5196923
0.08086646
0.2785588
1.62495
0.29823536
-0.12727988
-0.31979758
-0.0335096
-0.040284883
0.20809968
-0.064481355
-0.2286406
1.8754145
-0.30639243
-0.20156491
-0.6273968
-0.21322054
0.4982823
0.5180307
0.5722265
0.7445118
1.1820958
0.68449306
0.72283125
0.9082772
0.7525254
0.51795715
-0.03398805
0.522526
0.19141288
1.1380404
0.19350016
0.48043752
0.74119717
0.50926757
-0.16013446
-0.14346692
-0.17477131
-0.42012948
-0.40771398
-0.45103255
-0.072079584
0.010238081
-0.16278112
-0.89616007
0.60673004
0.60470456
1.1159708
0.9955955
-0.239651
0.5579899
-0.093424484
-0.17879826
0.09355575
0.511968
0.06135048
0.522281
-0.32746756
0.4885881
-0.079311326
-1.4904354
-0.1379623
-0.3782642
-0.285008
-0.40496555
-0.33695135
-0.05925765
-0.27098784
-0.54219633
-0.34852564
-0.6049735
-0.7676374
-0.7225478
-0.97906524
-0.17152095
1.4648563
-0.14747958
0.36044332
0.91871333
0.4688166
-0.5366567
-0.35034475
-0.5802561
0.035557855
-0.1681915
0.0327971
-0.30985957
-0.14754882
-0.23868732
-0.26115662
-0.7104428
-0.28557545
-0.0069326945
0.30112794
0.009327699
0.1453424
1.1588987
0.16560513
0.1677073
-0.124286
0.07273897
-0.07335194
1.9009597
-0.033984773
0.2697326
0.16158818
0.17732504
-0.10784161
-0.19453272
-0.14767626
-0.85034764
1.7034838
-0.78445774
-0.0068258503
-0.12441223
-0.07280852
-0.27931195
-0.43647662
-0.29165888
-0.22239862
3.608663
-0.2607344
-0.21433747
-0.33848122
-0.1433639
0.4698742
1.0046059
0.4102038
0.22342168
0.7238895
0.28282127
0.26506057
-0.20227319
0.25665978
-0.25648165
-0.18117197
-0.26466197
-0.15336606
-0.79665357
-0.11039163
-0.16053624
-0.15914497
-0.18656474
0.35498694
0.5756116
0.31266457
0.75830555
-0.37682974
0.8010985
0.29460418
0.5245055
0.25306472
0.028947126
0.14101638
0.059974357
0.29828382
1.6004791
0.38553914
0.2517083
0.4102212
0.1649763
-0.101709224
-0.13434966
-0.103435926
-0.4617812
-0.53311795
-0.4715823
-0.1507252
-0.39181423
-0.12918177
-0.23755935
-0.20433106
-0.34036025
-0.299559
-1.1956319
-0.23235765
-0.35289818
-0.26057762
-0.39600945
0.24245952
-0.38142246
0.19896112
0.17611241
-1.2103809
0.20320219
0.57795495
1.3146558
0.6112328
0.6304099
0.3303406
0.77244663
0.11714404
0.26947123
0.07784272
0.4896785
0.65322757
0.63078195
0.0075484393
-0.31481692
0.02843963
-0.34390482
2.4258566
-0.28155708
0.021307137
-0.08881393
0.032220114
0.4912893
1.0855968
0.5779087
-0.16872416
0.9857529
-0.24218988
0.5647454
1.005002
0.72517097
0.124552995
1.4008161
0.038216047
0.118347436
-0.9711802
0.11160631
0.21054113
-0.23607104
0.14594123
-0.011389787
-0.24831471
0.03196055
-0.14163229
3.6388838
-0.22186169
0.068697505
-0.5824034
0.06829982
0.14002287
0.16539219
0.12264682
0.25248608
2.0359578
0.13469173
0.22611281
0.2041656
0.33725178
0.22961286
0.21422973
0.106815636
0.023621548
0.46460992
0.86093974
0.30307898
0.2074801
0.27980962
-0.3144215
-0.20052421
-0.26441252
-0.13630863
-0.5078473
-0.19023998
-0.22154687
-0.07522868
-0.17849149
-0.08060174
-1.1133543
-0.10032998
0.22543691
1.1709388
0.18132503
0.4997486
1.1592194
0.47161674
-0.21212742
0.021194957
-0.19319251
-0.09259769
2.4376369
0.17195472
-0.27630734
0.20633264
-0.3773391
-1.0627128
0.4456001
0.62070054
-0.47998267
0.21810599
1.4262477
0.6749364
1.0556679
0.33893085
0.54067284
1.5305271
0.36766154
1.0162462
0.13163437
0.495018
0.6800265
-1.3883357
-0.45219463
-0.2921324
-0.37047118
-0.2447134
-0.2678713
-0.2837225
-0.36306506
-0.3183827
-0.50268596
-0.33327755
-0.31579998
0.026579846
-0.28847256
0.03515576
-2.8716636
-0.2111958
-0.2929573
-0.2915136
-0.27977264
0.5245092
0.43324697
0.5437862
0.41955373
0.70781237
0.42883894
0.3467617
0.27422383
0.4129673
0.0062631597
0.11812404
0.019458085
-0.092346385
1.2974464
-0.07890375
0.012967856
0.1041666
-0.014571172
-0.11342069
-0.14640835
-0.023296222
-0.6398168
-0.9947796
-0.63525414
-0.5020722
-0.5921886
-0.4865686
0.8344189
-1.6676527
0.90280914
1.230806
-0.006096931
1.2335812
0.20289631
-0.87669754
0.02035165
-0.3117443
-0.36002576
-0.29361895
-0.27275637
-0.5043123
-0.3755019
-0.30775273
-0.36656478
-0.34977198
-0.49710572
-0.25953028
-0.45854732
-0.14508587
-0.091971315
-0.13737544
-0.3658739
-0.029535696
-0.34079328
-0.13193569
-0.21240796
-0.16897453
-0.24194494
-0.57886297
-0.21703942
-0.1394361
-0.21785325
-0.15965289
-0.47948125
0.6122637
-0.50155604
0.09426847
3.6960928
0.22195522
-0.7299362
0.350081
-0.50749207
0.23820505
1.7243276
0.24093783
0.450354
0.43813664
0.4114103
0.02379982
-0.43726566
0.072994396
0.03342249
0.17079848
0.011857823
-0.035827655
-1.6324086
0.029372776
-0.07017392
0.060540933
-0.03499383
-0.25141022
-0.14253475
-0.31285596
0.059338264
-0.19093826
0.071220264
-0.2260499
-0.568647
-0.20653948
0.03511055
0.117551364
0.053530715
0.0654424
1.2466341
0.07450969
0.048585854
-0.08200292
0.0322224
-0.09493394
1.0538765
-0.05675673
-0.81785154
4.4412494
-0.7769261
0.35135016
-0.029625539
0.22739565
0.6767991
0.44444352
-0.17470886
1.2075382
0.39761204
-0.037126765
-0.19123587
1.0807595
0.56964976
0.13563247
-0.04734805
0.1643252
0.2304764
1.4344184
0.17603727
0.20776404
0.20952094
0.26814234
0.23549515
-0.11508906
0.32279792
0.29012632
1.4612589
0.2755464
0.20228313
-0.10262823
0.23819607
0.17571384
0.5432588
0.30148548
0.32603857
2.0259173
0.3602217
0.20113137
0.4536856
0.23253307
0.27389118
-0.39134854
0.007203744
-0.40492684
-4.7970233
-0.3841795
0.039155833
-0.21436669
0.0478125
0.59570676
0.97711265
0.73477507
0.6391945
2.20537
0.16151033
0.612474
0.43786126
0.9695547
-0.16098526
-0.4112481
-0.15927237
-0.47113115
-1.4346015
-0.52081823
-0.19617027
-0.14371903
-0.11939759
0.8882887
0.6486149
0.9585389
-0.07057097
-0.4493829
-0.003649652
0.25587383
-0.39308438
0.18297952
0.9475722
-0.03145284
-0.8339425
0.71428335
0.11500604
-1.0741941
0.94569284
-0.037706457
-0.7807147
-0.32347062
1.426551
-0.44855538
-0.20421277
-3.2022066
-0.102237746
0.22581734
-0.34586513
0.14714931
-0.079030804
-0.10226642
0.001643422
0.103437565
1.474468
0.044065394
0.1092873
0.024957081
0.110009246
0.37817246
0.32868338
-0.8249372
-0.09427506
1.3803067
1.5545927
-0.57472426
0.5244294
1.0948725
-0.27290764
-0.448661
-0.29161507
-0.5175294
-0.90829533
-0.6266244
-0.30741826
-0.43534702
-0.26474681
0.17195992
0.48135853
0.1403807
0.7053945
0.49286482
0.77946985
0.33028394
-0.62523955
0.39200944
0.32831553
0.30650687
0.3806567
0.011323236
1.4147503
0.020563219
0.3107998
0.34298077
0.2837255
0.08922408
0.49152052
0.125445
-0.07609836
1.3653654
-0.09080452
0.17184737
-0.023715274
0.24263336
-0.6481782
-0.071510285
0.014882821
-0.8791565
0.41818804
0.4777455
-0.18387087
-0.078770325
-0.15181686
-0.053290635
-0.16653004
-0.039188948
-0.017997498
1.4474865
0.039477173
-0.05922466
-0.08865902
-0.06889758
0.17782126
0.098536655
0.1348438
0.009773482
1.336198
-0.053537287
-0.03558787
-0.2842341
-0.030510468
0.17219281
-0.072615586
0.25238937
0.4061154
0.2131487
0.79675704
0.6949513
0.036483213
0.49199456
0.20260662
1.1757631
0.209482
0.16693984
0.2715921
0.21099211
0.052666083
-0.3537126
0.02224575
-0.02767076
-0.09242009
-0.01017593
-0.018447472
1.6148785
-0.03731931
0.075634815
0.054159205
0.07472125
-0.08142572
0.07327494
-0.055779006
0.024035119
-1.1997691
-0.010929776
-0.06751582
0.0019314444
-0.05443268
0.90580577
0.3878078
0.36134493
0.5285948
0.65602404
0.42015728
0.10596544
0.382608
1.1339538
-0.09629605
0.69320244
1.0253649
-1.1913508
-0.3238707
0.5132777
0.63747495
0.8557112
0.7243293
-0.39245692
-0.5090452
-0.33625567
-0.4624397
-0.5589869
-0.5230146
-0.5876116
-0.6548992
-0.6042995
-0.57407534
-0.74526304
1.2114857
-2.3588898
0.457738
1.2861942
1.5168538
1.2065151
0.2787678
0.46988845
0.6905921
-0.69817704
0.62621576
0.40337265
-0.8755452
0.91641635
0.6853556
-1.3248936
-0.17498894
-0.46341053
-0.27887017
-0.43776432
-0.28293368
-0.52002233
-0.39992967
-0.42759678
-0.48270917
0.47343627
-0.3197059
0.4352161
0.33338532
1.3754833
0.3973561
0.3143457
0.8577111
0.4075864
-0.51240945
-0.5797224
-0.5576999
-0.45520362
-0.507423
-0.7331157
-0.52182007
-0.61345977
-0.59658056
-0.4205862
-0.5412894
-0.43641698
-0.065675244
0.031436846
-0.03676123
-0.08405509
0.028342845
-0.0641014
0.4747909
0.4776518
0.6605879
0.09339643
0.38795865
1.1159259
0.18744369
0.51438934
1.0518782
-0.021371908
0.29392275
0.08005363
0.2482676
1.3303895
0.3069049
0.12162217
0.2594817
0.13371432
1.3637011
0.8425025
-0.16965865
-0.92865664
0.14886901
0.70545703
-0.3638391
0.006007557
0.93552697
0.046502285
0.009271467
0.062392205
-0.058375616
1.3456794
-0.045974825
0.12468734
-0.19907121
0.10363417
-0.11497937
-0.16710523
-0.12059094
-0.26903814
-0.54856926
-0.28238392
-0.09551758
-0.27932972
-0.15824337
0.13085242
0.38216275
0.08042566
0.09036586
-1.146282
0.04005205
-0.009494393
-0.09194558
-0.03180071
-0.267756
-0.37900713
-0.26880792
-0.32346755
-0.9005762
-0.29744568
-0.15648426
-0.40269825
-0.20293948
0.10308662
1.1795864
-0.014160114
0.10770205
1.3417786
-0.115662545
0.13738681
1.3212953
-0.08442577
-0.25628346
-0.13032524
-0.27741116
-0.10482967
-0.6896793
-0.019675467
-0.36426342
-0.078999735
-0.3659769
0.19183652
0.041831005
0.17226708
0.24713211
2.311817
-0.008840235
0.15593404
0.08704015
0.19373961
-0.31663096
-0.33548245
-0.30995625
-0.48304647
-0.08449827
-0.5333484
-0.36262158
-0.39243916
-0.36875704
0.23509417
0.8824487
0.35616043
-0.25667804
0.74326384
-0.22978
0.53952426
1.0868462
0.52165896
0.16671166
-0.014053925
0.15439574
0.12014378
1.4510324
0.09572354
0.0994737
0.110922374
0.062038165
0.33840495
0.6850736
0.37981877
0.49755836
0.8258921
0.64561754
0.33760932
0.53694147
0.29378653
-0.07785302
0.23965737
-0.050986268
-0.36711562
-0.6413313
-0.3543483
-0.54833174
-0.13346675
-0.5846096
-0.66335773
0.42615914
-0.6729785
0.33176816
-0.58213127
0.13849655
-0.42515078
-0.001804594
-0.39508206
0.045905236
0.84915
0.09479872
0.7805044
0.11894924
0.87193286
0.21789724
1.1262898
0.15491843
-0.0314165
0.123726904
-0.088490985
-0.037107944
0.23438318
-0.077531
-0.45775458
-0.54439354
-0.52298933
0.21834502
0.17761026
0.28346738
0.2123693
1.2595282
0.26924306
0.27808368
0.4653415
0.29529777
-0.38586572
0.47776058
0.2921177
-1.6338788
1.2452928
-0.056912463
-0.48420072
0.36973467
0.34366173
0.9143828
1.8179449
0.8474238
-0.44602954
-1.2791429
-0.41825172
-0.4607224
-0.40303397
-0.41105524
0.22192982
0.3863153
0.18886963
0.35716707
0.86644226
0.38239548
0.20975207
-0.030668544
0.15790588
0.16256876
-0.111963995
0.2298383
0.09515186
1.0485103
0.09665503
0.5127491
0.49932864
0.52357656
0.11445858
0.059371464
0.18244044
0.09896619
1.2692497
0.1654978
0.119897075
0.1567336
0.14088318
0.16958915
-0.13091718
0.17070305
0.08059833
1.477143
0.06511587
0.18699937
0.01258919
0.18584165
-0.01769356
-0.27172214
-0.022683633
-0.400288
-0.6919746
-0.42931414
-0.092021555
-0.27990714
-0.10777652
-0.37974134
0.11597626
-0.40576485
0.84541655
1.5384867
1.0013137
0.5915575
1.0685027
0.57394344
0.5314428
1.1936884
0.581776
0.8796455
-2.2077956
1.0704112
0.82741493
0.8786828
0.8361496
0.41820392
0.27595833
0.38635436
0.32582837
0.6161664
0.501255
0.4697477
0.3638664
0.49235576
-0.06904132
-0.29072627
-0.08603222
-0.3278199
-0.516156
-0.33968142
-0.24721552
-0.19659236
-0.267493
-0.09849507
-0.01567547
0.009348616
0.03786037
1.9302331
0.06117379
-0.033496194
0.11986964
0.024340149
-0.27798
-0.25071582
-0.31782022
-0.30788758
-0.4798078
-0.40563336
-0.19752403
-0.5346845
-0.22788292
-0.0641084
-0.09704561
-0.054919776
-0.08432125
-0.4874869
-0.13671619
-0.07966935
-0.15069085
-0.088387504
-0.2556004
-0.6835256
-0.3754954
-0.26119477
-0.8527061
-0.3346312
-0.27831283
-0.2793271
-0.4237893
0.2732784
0.13325328
0.29864225
0.39043382
1.7134577
0.4552948
0.47054407
0.581103
0.45249668
0.09366401
-0.18345019
0.18767917
0.052276686
0.9888984
-0.14159961
1.0436661
1.2188482
1.0832118
0.28541213
-0.04825662
0.18285474
0.63880295
0.262106
0.4451307
0.51359844
0.08510728
0.7206829
-0.09840511
-0.3493732
-0.11010526
-0.14625862
-1.064631
-0.11988668
-0.1357651
-0.13739026
-0.19560477
0.60131514
0.8636914
0.6466277
-0.113209374
0.70572585
-0.11398863
0.024398226
-0.71387094
-0.014446126
0.31149018
-0.14391571
0.35062766
0.8607577
0.5177877
0.84793305
0.44902852
-0.56997114
0.48139083
-0.019867899
0.077082716
0.3784099
-0.009496901
0.037118953
0.2780301
-0.14719391
0.002239273
1.0900908
-0.25376293
-0.13563299
1.2045329
-0.22387797
0.43542352
1.492407
0.537356
1.0780572
-2.8197916
-0.09537748
-0.9872521
-0.06571653
-0.094767965
-0.33911583
-0.07259529
0.36150354
1.5442518
0.2938651
-0.04430518
0.12146335
-0.030725263
0.12474339
1.2524103
0.14192231
-0.033000488
0.037010543
-0.018442849
0.3898593
0.038573086
0.3568784
0.326468
1.5616127
0.43416265
0.26418746
0.2647991
0.21683484
-0.08440364
-0.08052214
-0.087785095
0.047647208
1.6502832
0.09718663
0.06289401
0.00600792
0.04307702
-0.13982472
0.6470105
-0.12518413
-0.06801525
0.55706924
0.0058588255
-0.581775
-0.9023966
-0.66474926
0.6732413
0.002856972
0.6356333
0.10339179
1.1886537
0.05496186
0.70232415
0.11934868
0.72236156
-0.24371389
-0.41680655
-0.23793441
-0.19137534
-0.39314875
-0.21513236
-0.14753039
-0.16114806
-0.19216928
-0.5017065
-0.038021725
0.82797134
-0.45710114
0.027037675
0.36316106
-0.86738735
-0.06293045
0.34739766
-0.0716684
1.6409273
-0.06411381
-0.39249927
0.19109172
-0.38829973
-0.04789103
-0.13748893
-0.09401626
-0.0050081974
-1.300028
-0.08578152
-0.26998767
7.7763586
-0.31624135
-0.24922177
-0.69092846
0.038050573
0.45122114
0.0590913
0.4627723
0.30222014
1.6009486
0.24624954
0.48905802
0.39381745
0.5096248
-0.37108484
-0.09653381
0.49405456
-0.6104151
-0.26658577
1.0033236
-0.12689409
0.04659495
0.47390717
0.022714052
-0.26293245
-0.016900297
0.10903036
-0.36791676
0.09962801
0.440154
0.7377838
0.4029013
-0.41677862
-0.512344
-0.49575737
-0.31821615
-0.61230415
-0.25755632
-0.6898288
-0.32090765
-0.7575326
-0.78103507
-0.09412686
-0.2716684
-0.27045688
-0.0803763
0.27588803
-0.52186465
-0.019049013
-0.4339587
-0.009387622
0.13554381
0.2980433
-0.4598021
0.022124058
1.2692637
0.34396544
0.98686224
0.5428532
0.01455021
-0.087769635
0.052317962
0.052355472
1.2433628
0.10188687
0.08749847
0.028233077
0.11101037
0.57950395
-0.030818362
-0.06943499
0.85059035
0.09837332
-0.37491927
0.3797747
-0.16888373
0.060330156
-0.2812461
-0.54224646
-0.38395846
0.16136925
-0.77636105
0.13179587
0.54340756
1.8523058
0.6382647
0.37152725
-0.091494195
0.34516093
0.46996993
-0.1776462
0.41606665
0.67258877
0.70307815
0.4725161
0.51340175
0.48659247
0.5523489
0.5448684
1.0661458
0.5944722
0.19518581
-0.83314806
0.2275707
0.8371917
0.22899312
0.87615997
-0.01729768
-0.39801863
0.05538772
-0.13673913
-0.25022125
-0.14166963
-0.48559085
-0.24147171
-0.4979977
-0.19976507
-0.36030158
-0.1673405
-0.46148732
-0.27774593
-0.4806783
-0.06157158
0.558911
-0.004808287
-0.01999954
1.298835
0.06966401
-0.45031664
-0.6665985
-0.47951892
0.38858417
-1.0122751
0.6504054
-1.5425165
-4.7812357
-1.9134074
0.4487365
-0.6021172
0.46942183
0.11177556
0.21971022
0.19896007
0.25488055
1.3268661
0.28028122
0.32650122
0.09931777
0.31806922
0.007975416
0.1506216
0.046204578
0.16578871
1.1263465
0.1505534
0.15433277
0.2853347
0.12109345
-0.7495624
-0.81513345
-0.6525275
1.3716962
1.3033419
1.2775244
1.8349411
2.0277991
1.7941284
0.17209624
-0.59175557
0.18946709
0.5311588
0.39247552
0.6125592
0.46205515
0.75367963
0.48524672
-0.027461728
0.11140213
0.03807034
-0.0025317052
1.486238
-0.029485343
0.021189023
-0.022670643
-0.017357472
-0.39398244
-0.374001
-0.3321823
-0.42799857
-0.36930722
-0.45877454
-0.43258503
-0.5818893
-0.4814634
-0.025398616
-0.060098648
0.010695201
-0.01912579
1.5693288
-0.0105467485
0.027448606
-0.1007917
0.014152323
-0.12550968
-0.28428885
-0.13685188
-0.3932386
-0.55838567
-0.4529798
-0.20583226
-0.3422111
-0.19894382
0.56083435
1.0203892
0.5347282
-0.07966619
0.26788548
-0.038651835
-0.5579052
-1.0200037
-0.5160383
-0.29741612
-0.5127081
-0.3541752
-0.0030415275
-0.07023897
0.010250726
0.027989956
0.07272601
-0.043649778
0.6782321
0.4711948
0.7132986
0.56561416
1.8695767
0.5593416
0.16909924
0.47071236
0.16721313
0.5046178
0.5488995
1.3844267
-1.0086808
0.29639262
0.8863032
-0.7922379
-1.0338144
-0.3605888
-0.24768582
-0.22204837
-0.2454252
-0.117044225
-0.38555458
-0.17245908
-0.13821027
-0.31951547
-0.13961154
-0.38897625
-0.4071397
-0.39920425
-0.48742315
-0.11458327
-0.37606636
-0.32807016
-0.514779
-0.41517782
-0.13498682
-0.121511914
-0.12681893
-0.19199619
-1.1800663
-0.24988912
-0.24344574
-0.19224428
-0.2030157
0.019869352
-0.691732
0.040127322
-0.22204185
-1.5212657
-0.13891779
0.026143292
-1.1022382
-0.007912925
-0.48974833
-0.8922865
-0.51729214
-0.6593533
-0.8299945
-0.7850389
-0.632744
-0.8341734
-0.7256653
0.26759198
-0.39097354
0.21913894
-1.3411077
-5.0601373
-1.226816
0.00849966
-0.40211627
0.09355982
0.013259094
0.11056564
0.06862214
0.11652528
2.1039498
0.2348692
0.115797125
0.2226494
0.12590578
-0.391939
-0.5383538
-0.4643851
0.014511452
-0.9769285
-0.045030713
0.29649505
0.5115241
0.27585545
-0.008106137
-0.24390258
0.026211917
-0.03616387
1.0117003
-0.08807227
0.15509047
0.38482907
0.10553946
0.36539406
0.2684432
1.0061089
0.4237483
0.54944783
0.46163347
1.0756147
0.3730959
0.30304578
-0.20775731
-0.33602116
-0.1607258
-0.33743063
-2.0650063
-0.30145434
-0.22237596
-0.106458396
-0.20266712
0.095397666
0.010416003
0.07800254
0.070687324
1.4560517
0.06152888
0.10494371
0.11147018
0.08759494
0.8843443
0.7981649
0.9746727
-0.77445287
-0.8990377
-0.81186885
-0.980732
-0.28834376
-0.95139223
-0.0014981051
-0.039872926
-0.052135687
-0.011103265
0.2034179
-0.04947046
-0.46906957
-0.42245558
-0.3748391
-0.34893036
0.081148855
0.06081756
-0.5581112
-0.008198756
0.69323874
-0.29484028
-0.04494707
0.37989888
0.37648848
0.3128947
0.330455
0.14724949
1.10491
0.21709973
0.29316002
0.06083399
0.29868066
0.28967473
0.27324927
0.33035448
0.13529885
1.0608271
0.21828517
0.3958787
0.2777417
0.42743012
0.1673942
-0.15826452
0.113525756
-0.6332878
0.7853542
-0.66094756
0.091407545
1.3291334
0.026322884
-0.24469787
-0.38036126
-0.16280629
-0.29519406
-0.56333345
-0.36857966
-0.32549873
-0.34350163
-0.2195894
-0.17783508
-0.42554575
-0.20118588
-0.3023742
-0.19609945
-0.35020918
-0.25133526
-0.33270252
-0.20591201
0.20051886
0.001344677
0.25734875
0.06884356
1.5286516
0.11026975
0.18409866
0.15201394
0.15705727
0.19839083
0.95931745
0.3203322
0.22320288
1.18639
0.4327282
-0.027120749
-0.37534958
-0.29365778
-0.14646533
-0.03414047
-0.09491534
-0.014544471
-3.0875485
-0.10225737
-0.019939406
0.21658616
0.016346605
0.16501674
0.16638853
0.19645765
0.19554928
1.782431
0.16725782
0.2568249
0.091574155
0.20919427
0.45833126
0.5170041
0.4106915
0.3690329
1.4591398
0.46339807
0.44044477
0.44196135
0.35352144
0.05316229
-0.016466113
0.034912556
-0.023533959
1.3425486
-0.0438025
-0.0014053823
0.21638037
0.05383658
0.26983058
0.31049308
0.2908915
0.4598328
1.9208945
0.45983252
0.05892409
-0.32799745
0.012928727
-0.07146992
-0.14742193
-0.055228114
-0.115080416
2.9034994
-0.13526048
0.053901892
-0.2078246
0.06744224
0.23521914
0.26665854
0.3378876
0.28932208
1.3427676
0.37011838
0.31422204
0.34330326
0.46318167
1.1776795
1.4196522
1.4119462
0.8715695
1.0519817
-0.049579754
0.9698182
-0.40848106
1.3660975
-0.04342152
-0.4528399
-0.021690423
0.18630162
0.42124104
0.1804581
0.17309456
0.992721
0.18433972
-0.6193966
-0.29727116
-0.6830777
-0.36698562
-0.474675
-0.35147834
-0.74509686
-0.6790516
-0.82669663
0.38152707
0.39304847
0.35478282
0.35672122
0.8138828
0.36296555
0.35067448
0.37197408
0.3606569
0.22008823
0.5077684
0.22646047
0.60534596
1.290551
0.5815175
0.19582433
0.71307534
0.1783918
0.27924034
0.105122745
0.24059843
0.0271103
-1.9349271
0.011731486
0.28023452
-0.18276948
0.29852718
-0.79126793
-0.93288237
-0.77674717
-0.0037398757
0.37110803
0.030461572
0.2871999
0.5047864
0.27120888
0.25614843
0.10175018
-0.034606397
1.0514783
0.21299013
-0.48937577
0.5228327
0.69624114
0.19479698
0.047727965
0.4385111
-0.08388038
-0.40962842
1.9694846
-0.5280638
-1.1177498
-1.3593119
-1.4200876
0.2728598
0.7933306
0.27267614
0.7328784
1.5530579
0.7695926
-0.116498
0.038288973
0.0614136
-0.08496458
-0.05755161
-0.08507653
-0.07671189
1.3784707
-0.060377922
-0.0040201386
-0.24555717
-0.060627334
-0.19449566
-0.15835896
-0.24833249
-0.22691531
-0.69345015
-0.1940035
-0.26417652
-0.32544276
-0.28854862
0.15589064
0.13273664
0.20587508
0.12623666
0.95779634
0.14595914
0.15680145
0.32494593
0.17391166
-0.07401137
-0.110049
-0.0830828
-0.067896746
2.2768006
-0.046951946
-0.045647707
-0.29480508
-0.0649805
0.4800527
1.585956
0.4576043
-0.88020706
0.28227875
-0.9567735
-0.06823945
-0.3070222
0.03916952
0.09747176
-0.008972107
0.16802227
0.0401137
1.3257577
0.13854848
0.05079572
0.27475473
0.08960375
0.15013501
-0.94253933
0.1819277
-0.76271665
-3.557593
-1.0490905
0.25863224
-0.5891684
0.29817665
0.54519534
0.7277903
-1.4811723
-0.24481104
1.061917
1.3598872
-0.040079452
-0.09339454
0.50456595
0.18243179
0.05279923
0.22520836
0.23340663
1.3004155
0.24676697
0.3150886
0.092903495
0.3419633
-0.6836878
-0.6861764
-0.7361661
0.5433082
-0.90089804
0.50142324
0.819082
1.3363332
0.8030251
-0.42236078
-0.20782092
0.010627386
-0.913053
-0.6220911
0.44598347
-0.5424789
-0.31535643
0.063473225
0.1832646
0.43172935
0.20684572
0.2790191
1.550656
0.35485741
0.30498576
0.3366237
0.2261609
0.10058934
-0.12548226
0.15462433
0.05405669
1.5716331
0.15450147
0.14699315
0.19112866
0.15454389
0.12956733
-0.0143133495
0.16362424
0.024944732
1.1945934
-0.014393619
0.0933005
0.0081926985
0.08810771
0.06413861
0.0641477
0.09631392
0.21453567
1.3851309
0.24042839
0.08776727
0.1077661
0.06072317
-0.2720164
-0.5039014
-0.319205
-0.5402127
-0.5296584
-0.46237352
-0.37064493
-0.6088715
-0.3932158
0.083394915
0.21201023
0.07934624
0.20482668
1.6637831
0.18616818
0.23261026
0.068837985
0.23806535
-0.22003126
-0.04671095
-0.22632131
-0.08161315
-0.34530887
-0.12651308
-0.32489067
-0.23346189
-0.36008075
0.43281886
1.0098963
-0.23919742
0.8717046
0.2039069
0.6359096
0.4757238
1.3478614
-0.037899215
0.4861501
1.5834832
0.459971
-0.14223418
-0.80062836
-0.18508133
0.19169581
-0.38816896
0.21933304
-0.10349908
-0.08351176
-0.118149325
-0.06505993
-0.63721937
-0.018718278
-0.15311919
-0.0666319
-0.15625225
-0.13998061
0.15978454
-0.020459412
-1.1542537
-0.37253496
-1.1810477
-0.25533283
-0.019546958
-0.37132597
0.45395315
0.67061216
0.4972199
0.2531234
0.808927
0.2297847
0.5108992
-0.48062468
0.5024305
-0.19514413
-0.21932356
-0.22981772
-0.27084768
0.0151669355
-0.34310374
-0.21074137
-0.3383576
-0.23522338
-0.49248248
0.018349836
0.14626178
-0.564356
0.11257192
0.28019226
-0.6317091
0.018728424
0.109088585
0.40322042
0.6197941
0.40749633
0.59040546
2.1041658
0.71719116
0.29147634
0.6698042
-0.100160204
0.18013664
0.033461917
0.24677409
0.08233476
1.5094408
0.05948216
0.25983208
0.139001
0.3372362
0.13934
0.061211046
0.16023844
0.20503627
1.26152
0.1739354
0.10731995
0.13143611
0.1572168
0.11559187
-0.3780494
0.066754945
0.15897182
-1.1074717
0.16902563
0.797828
1.2426637
0.6889987
-0.12539019
-0.21884957
-0.20020825
-0.2578702
-0.9084545
-0.31487828
-0.11490914
-0.41436726
-0.22729637
0.009420734
0.1391194
-0.0068048607
0.08789895
-1.6389952
0.10790454
0.0024423597
0.08448443
0.018411083
0.28908554
0.059453025
-0.36565238
2.5058427
0.8184381
-1.119375
-0.055166103
-0.3910038
-0.26556316
0.20193361
-0.20049968
0.12367381
-1.5980153
-1.001554
-1.5858722
-0.4706797
0.6429295
-0.4422119
0.36278802
0.031058578
0.34290934
-0.19977313
1.1435909
-0.1917946
0.116863266
1.0458435
0.1408643
-0.12746808
-0.25129232
-0.085780516
-0.15328106
1.616564
-0.035617217
-0.09262751
-0.11357963
-0.0771287
-0.43897092
0.69250757
-0.16330875
0.53092325
2.5776765
0.45523754
-0.048689105
0.060395923
-0.09794896
0.23091277
0.22614537
0.24166834
-0.053306337
0.3649172
-0.07392536
0.33193043
0.74012893
0.2873389
0.4651917
0.5966616
0.50259405
0.04120771
0.16872118
0.067954406
0.4462561
0.22018261
0.39766714
0.33058012
-0.33859843
0.38477805
0.5693167
0.93421143
0.5517754
0.4550111
0.47630537
0.44153693
-0.012396157
-0.07318876
-0.5885617
0.17654014
-0.10078335
-0.6556272
-0.014363006
0.06581742
-0.33662054
0.38779244
0.8407177
0.37343985
0.047343783
0.41369283
0.113522336
-0.51579255
-1.0682876
-0.49335402
-0.017622992
-0.10780073
0.015722442
-0.09444772
1.3867614
-0.098113544
0.06833399
-0.020877529
0.04672076
0.38575456
0.34431916
0.3701085
0.55158055
1.6688231
0.6164336
0.1775723
0.8086821
0.19501857
0.2879121
0.10081268
0.33767164
0.39206654
1.5624872
0.46187124
0.24216267
0.19060843
0.31475568
-0.31001845
-0.5370784
-0.40481052
-0.56845903
-1.1532652
-0.631122
-0.114502065
-0.5768515
-0.24148802
0.42194763
-0.035730135
0.37736127
1.2824074
1.5232157
1.368774
0.2492144
0.21846384
0.24235399
0.5609144
0.00497065
-0.47477204
0.48407048
0.15123914
-0.9188637
0.3045915
-0.11068026
-0.8427961
0.72516227
0.2733724
0.6699345
1.6769829
0.47048816
1.7594516
0.43599412
0.6480859
0.28822958
0.19354413
2.184161
0.2139312
0.63136584
-1.2476751
0.5554088
-0.017685948
-0.30171454
0.06337703
0.07108828
0.2547399
0.06612998
0.31676805
1.0253164
0.3034353
0.3152341
0.3022739
0.3075659
-0.16030467
0.06381991
-0.15060991
-0.11637666
-2.9683764
-0.26069027
-0.31711438
-0.13287745
-0.21242297
-0.27797216
-1.1909034
-0.35452458
-0.15111966
-1.1198018
-0.19672866
0.4245837
1.7853525
0.6086047
0.4716737
0.8810254
0.47022825
0.9699689
0.11522894
0.9894792
0.52937305
1.1368562
0.48683378
0.5132299
0.32517678
0.46343228
0.4044336
0.7548045
0.40435335
0.5410979
0.16510236
0.5721884
0.5781061
-0.2297697
0.60146207
0.0057243975
0.3296358
-0.119992614
0.46746185
0.71737814
0.60465825
