-5.5808134
11.254041
-0.4817149
4.683478
-0.0069303513
4.37095
-2.021359
-1.9664853
-2.1652012
3.8848593
-0.7655334
-0.19912446
-1.3732481
3.4658568
9.351287
3.7653387
-2.5043359
-3.3930516
-4.095378
-0.45196605
-1.1261587
-0.88681734
-1.5019712
3.8475037
4.1445746
3.9491658
2.8724186
7.521842
-4.6602473
12.068888
2.090583
-3.0198686
5.052625
1.9384422
-1.5224365
0.42058468
4.085616
4.370636
5.5372763
4.133104
-0.5720505
7.2549477
-5.568767
1.6205084
4.589276
8.556493
-2.5087109
-2.3974936
-1.3246064
-5.0883293
7.2417345
3.4490113
-0.20725513
-2.426712
2.609718
3.178207
5.277688
-1.4746557
-3.427873
-3.4115593
4.9408565
-2.4871197
4.6846437
-7.0333633
-2.2429395
5.50618
3.503141
-0.013690412
6.7535167
-1.7598913
6.584464
-0.99236965
4.2329736
9.088591
5.400816
-1.6623845
-0.016590774
-0.6749505
5.651254
6.027321
-0.9810739
1.1075149
-0.05884427
-2.394897
3.7213016
3.28549
4.008734
-0.36557198
4.5436645
4.5841784
0.31137562
-2.4674177
5.2493362
6.7324076
-2.7950218
1.746602
-2.7146795
6.7143564
5.90476
-0.17754054
3.638133
3.280487
4.555626
10.80477
4.4316525
-1.6805223
-3.3306475
-3.3470314
-2.4567676
-1.6182921
-1.2730939
5.963452
2.2821393
-1.1821806
-5.419898
3.5278764
9.404088
-2.8065267
-2.0063977
-1.5865935
4.117569
5.6992326
0.4727013
6.034005
6.0775013
4.0676923
4.5510674
1.8098025
9.65029
3.9492939
3.315292
-1.596081
3.0706
-0.03025487
-1.972045
4.2456207
-2.5211325
4.418926
3.0858727
-1.3401113
6.13667
3.2368782
-1.9606645
3.034197
-0.5438118
-1.3939692
3.8624516
-1.1933517
-2.340405
3.751209
6.893038
3.5543656
-1.7134519
1.407052
-6.4575815
3.3711982
-2.2738647
-2.0289662
-2.2635434
5.4135013
-0.09023476
-0.77149135
-2.3348422
-2.2302885
6.185817
9.115474
-3.7380407
1.072885
4.0990644
-0.052966565
4.8442874
3.0474505
3.6611366
-3.1298604
-0.012229413
7.4559774
4.2179537
-0.12474179
-6.976601
-2.5981443
-2.9556315
-2.662384
-1.0540997
11.686376
-4.8795447
7.888045
-1.4170802
4.441572
10.924379
-0.8584229
-1.8910394
5.011009
0.06442672
-4.534068
-1.8690324
5.323752
1.3692025
0.37656486
-4.4669757
0.23404062
-0.3630103
6.3768573
-9.413857
-1.8513293
2.778626
-1.5908628
-2.0111246
5.8789215
-0.26012513
3.5172558
5.1281147
-1.4711248
-2.4900029
-1.240444
-0.54073584
6.018073
5.3558745
4.892442
-5.4475155
3.9538336
-5.426775
7.5204477
-3.0857973
-1.6847788
-1.5888724
5.8124433
3.4285398
-6.787547
4.345282
-4.4296465
-0.19473888
0.0030844212
0.01533401
-0.96061736
-2.4035947
-1.1360028
4.099036
-0.25254577
-1.8916354
-3.3801904
4.2365646
-1.2532254
5.3992987
4.2208023
5.2250643
-3.3058534
-1.0971422
-4.654255
5.1208067
0.94039667
-4.5688057
0.29081094
-0.92399204
4.488416
-0.9295718
-2.6552222
-1.7071204
4.919105
-5.7127953
6.096628
2.979469
2.352755
-8.97235
-5.567618
4.9752297
2.2822876
4.5295196
3.8186965
-1.4744437
-0.6664797
1.4368553
2.6009784
-1.8580985
-1.339293
0.68867904
3.6778555
3.2326524
17.751043
-1.7068694
0.0139145255
-0.09897706
-0.817666
-0.5562252
2.8599248
0.20075178
3.233089
4.3363857
4.1819687
-6.124668
-0.43744257
4.6439133
3.2767122
5.54215
9.323465
3.518323
19.334507
-4.7394614
2.6692972
0.6263796
-9.108954
7.834873
-1.1976372
2.0646403
6.273371
5.112321
-2.5395215
-0.8719322
2.0572596
4.0262227
5.4815927
-2.8399496
-0.46737733
8.324577
-1.4175693
-3.9827938
-0.34254193
-2.5029163
0.80513525
-0.91360235
-5.256722
0.9711642
2.999517
-0.9096359
-0.0069312155
4.719229
2.795919
-1.0780079
-0.0061047077
-4.6778154
1.722691
4.683559
-1.4058388
0.72680783
2.7978792
-1.1801941
15.252723
-1.9634011
-3.2132845
0.10974446
4.335773
-2.696249
-1.528515
-1.2474279
-1.391332
3.1766295
-1.7181301
5.4668407
-4.900172
3.6177654
5.3841677
5.4675426
-1.3766936
4.135565
4.7500925
-1.2712028
-2.656301
-3.2611659
3.085018
4.096548
6.533378
-3.4335485
7.101564
-1.6258487
1.5518618
-2.7902749
-1.488013
-1.638677
-0.81758523
6.7077723
5.101787
0.26095533
-3.5736914
-1.2538277
4.2801
-1.919108
3.2589934
-5.361271
-2.5792327
-2.2412925
9.733243
1.2143424
-0.04477787
-6.976884
-1.3487036
