1.4371458
-1.3216485
-2.4591217
1.0743848
-0.7684941
-1.646342
1.1837076
1.8671129
-3.1543345
-4.9198956
2.3081846
-3.8802035
-6.537376
-1.0341301
2.626084
-0.93032914
-0.57648355
2.4283345
1.6335642
5.1156807
2.3337405
1.8340113
-0.5466482
-0.93601906
-5.3428783
3.680238
0.9986086
2.0986362
2.1360202
-1.928888
-5.679561
3.5788014
-4.249543
3.4827914
-1.9333295
-0.4381379
-2.8482218
-2.253901
0.64292043
-0.07577153
-8.470711
2.803813
-0.36690295
1.971953
0.6870241
-1.643391
-6.6949253
1.0816652
-1.7474042
-1.4492362
0.5832221
-2.8191638
2.7570398
0.058906436
2.5929873
4.784769
-1.5014497
3.3378255
2.2053661
-1.0278175
3.260873
2.333077
0.859959
-1.0473859
0.33529174
-4.2625117
1.786783
-3.0458012
3.1108105
-0.3985642
3.8797765
-0.7110945
-4.215809
2.3578496
3.5685475
-0.4130771
-5.218631
0.1479268
2.7580247
1.3224416
-4.213394
-1.2458085
5.3138027
2.8418312
1.7584043
2.5041673
2.9720414
-2.1535604
-3.812305
0.19615042
1.1615651
-1.036339
-0.48311883
-4.647131
-2.7187266
-2.8677356
1.5577288
0.1828779
0.5165956
1.5087185
-1.3002912
0.5085188
2.0760498
2.1934595
-0.6171075
2.1284192
-3.9621906
1.5795624
-1.2292827
-0.85865295
-7.5122232
-1.681806
1.7718663
2.1074061
1.4804766
-1.6645738
1.7665493
4.76505
2.1766303
-2.7951536
-2.4573166
0.81482244
-3.2078352
0.8324108
2.2705371
2.255283
-2.9518719
0.4821583
2.9832554
-4.015276
-0.8575746
-2.27665
-1.9572098
2.061883
-0.7690118
-1.0183089
-0.5832801
0.17395878
-0.9092541
2.912371
-1.2437769
0.71111226
-1.5333965
-0.50214386
3.7841318
-3.169259
4.635562
-2.40022
4.457146
-2.2697597
-1.0801659
-1.2162154
-0.727146
4.8510346
-1.5104035
2.79574
-0.8957217
-0.6142264
-1.6867403
1.6534214
1.318399
2.180906
-0.38579178
-0.5856022
2.7235034
-2.6796875
-4.821745
-3.6067734
-5.349702
-0.4384468
-0.51232946
-0.61819434
-3.5236614
3.2282016
2.1960864
2.9122233
-0.90583175
-5.871378
0.2964178
-0.23110712
-2.690916
-2.2361982
1.4889137
-0.7168118
0.3324929
3.7764096
-4.2647343
-2.2286592
-0.4598312
1.4997195
-1.013383
-0.6538588
-3.2326753
-4.009139
-2.587373
1.2614886
-0.9704609
-2.8639016
3.6790066
2.941774
2.442842
-0.80791396
-0.47624958
0.06128496
1.9820609
-2.340524
-3.000259
-2.4760911
2.3313482
2.1479635
-1.5904434
1.5203834
-1.9126936
-2.9625044
1.5182518
0.5798178
-0.6172614
3.6825602
-4.978823
2.1038744
1.0915183
-1.2852271
0.6663902
-1.3265314
-0.5537081
3.809874
0.48567766
-0.07572782
1.5907884
-6.9438124
-2.331772
1.9439883
0.5777477
1.1011415
-0.11335611
-1.015228
1.1676074
0.19364454
2.4252992
0.2756952
0.41243184
0.0836463
-3.4662168
-2.0361655
0.27777988
-1.0115135
1.2874764
-3.6773314
2.2423742
-4.5416007
2.8126452
1.8307776
1.5332625
2.2807846
0.28706735
-4.919939
0.43690372
-4.316417
-1.1013676
-3.8886173
-0.09195395
1.5972843
-3.1889381
-1.2632533
-2.0335736
2.6301987
-0.14631641
-3.0914822
3.0009317
-0.07225466
-2.7470036
0.38927233
-3.3594494
1.8801142
-2.199105
-3.8029976
-0.65224785
-1.521026
-0.49024713
1.0684913
-0.073477864
2.8558004
-2.3663824
0.41424215
0.15436316
2.364338
-1.7659394
-1.3240584
-1.2456996
-1.0997518
-4.791566
-3.7920642
-0.5475518
0.24436456
3.518928
3.3731785
0.56363225
4.9732184
0.46981293
-0.08741069
2.2339478
0.7493037
1.8394952
2.5656195
2.776315
-3.2424116
2.817761
-0.6080834
2.6513762
-4.989262
2.146141
-6.079117
-1.5344554
1.1355001
0.01886034
0.65881073
1.5137553
0.2477777
-3.3785493
0.82899433
-0.78157747
3.047338
0.66660213
2.612764
0.25716186
-3.2296538
-5.0469446
-2.1456552
1.5729294
0.8515396
-1.4411074
1.2761819
2.4541342
4.073819
-7.6554594
3.8844283
-2.2657957
-2.644354
-0.9039309
-1.082732
-5.537695
-1.4463027
-0.3117138
0.5590298
3.178493
-0.2804649
-2.0776122
-2.742587
2.529318
-1.6769084
1.659668
1.0569773
-3.6721342
-0.012332499
3.3390265
-1.3422227
-0.101281404
1.8423811
0.33476424
-0.786574
-4.012724
-1.7961792
3.5705185
2.2048378
1.3925967
-1.4422567
-3.7905638
5.0737724
0.16197884
-2.6489606
-0.65150946
-0.6423533
-0.8979857
1.1461225
0.18236142
3.8210292
4.624268
1.6307555
0.056763053
-0.4364124
-1.9546258
-0.24142909
1.4740379
2.0670233
