-0.07028373
0.18817139
-0.10603996
-0.094302334
2.1686695
-0.008916183
-0.18652916
-0.13242726
-0.1636403
0.22712195
0.43295592
0.31920645
0.19825594
0.2931399
0.24746642
-0.58487636
-0.8912152
-0.6833558
-0.07649511
-0.019768668
-0.07381024
-0.12844753
1.4064931
-0.086962685
0.025539484
0.017685143
0.0036799505
-0.14371464
-0.38016906
-0.11696928
-0.22568598
0.30109778
-0.21525894
0.14758275
1.0467424
0.11960982
-0.24625376
-0.28180936
-0.3143892
-0.20104109
-0.1571129
-0.26117185
-0.2517572
-0.13669623
-0.2113692
0.12880652
0.41871947
0.15450089
-0.022656308
-0.69572717
-0.02796403
-0.09636129
-0.5274614
-0.114988506
-0.39852107
-0.86153466
-0.39621928
-0.33585808
1.1085734
-0.36856672
-0.15367746
0.40642285
-0.18444851
0.33824956
-0.068946734
-0.19726229
0.64323175
-0.39769602
-0.40070203
0.18740511
0.07239287
-0.036483884
-0.01759519
0.122475885
0.1424766
0.11602963
1.5585003
-0.01931346
-0.0072956122
-0.016669111
0.08736152
0.2894037
1.063985
0.35170868
0.8380124
0.7137474
0.876124
0.26789096
0.8868089
0.4572775
0.3743643
0.85310465
0.35683563
0.56968075
-0.14586008
0.6131718
-0.04638934
-0.41716447
-0.1360464
-0.33808792
-0.15673696
-0.44801313
-0.2598153
-0.25525412
-0.23651682
-0.29749018
-0.29588312
-0.2948332
1.1319276
1.0343137
0.9564628
-0.02345109
1.2189575
0.42907012
-0.6758963
-0.46940953
-0.43953624
-0.010569203
-0.15140739
0.012778623
-0.15431188
-0.4372578
-0.16063887
0.039017763
-0.21930504
0.045287628
-0.888675
-0.1327011
0.13658164
-0.9393074
0.12613286
0.6799876
-0.62202185
-0.28678727
0.13020328
-0.30390742
-0.4207078
-0.28781855
-0.15505779
0.022886844
-0.21893485
0.6828702
1.4283321
0.62834567
0.5175184
-1.7557462
0.6136282
0.25009918
1.801755
0.30083627
0.5521785
0.72341615
0.61873186
-0.035241976
-0.7543024
-0.10579198
-0.3991369
-0.8175372
-0.32494158
0.015480008
-0.84670216
-0.01846239
0.5201152
0.7657032
0.5679553
0.07794423
-0.972284
0.049843017
-0.059904013
-0.5340449
-0.036916856
-0.63754874
-0.5413123
-0.79770386
-0.5296905
-0.21419983
-0.540407
-0.3994412
0.178523
-0.41921064
-0.7476854
-0.6875192
-0.72965014
-0.029019112
0.5301421
-0.04943205
0.28401804
0.587476
0.27767274
0.3943639
-0.84719944
0.34067202
-0.42716968
-0.57722664
-0.39349106
-0.2786787
-0.117567405
-0.34240034
-0.39493388
-0.35885358
-0.33213046
0.0021961369
-0.18004212
0.042184405
-0.08991614
-0.22368954
-0.07273415
0.0022327139
0.6808181
0.0075855698
-0.065887794
1.3806226
-0.08064758
-0.36588368
-0.7955236
-0.3325565
-0.014066533
-0.24339789
-0.014267995
-0.26631147
-0.6756141
-0.3593783
0.0332842
-0.29975328
0.02187384
-0.011265468
0.052057296
-0.025389995
-0.014956002
1.2598075
0.012978006
0.09006149
-0.03242409
0.063746035
-0.06561225
-0.00048648042
-0.056679435
0.011008791
1.5201304
-0.01791732
-0.08296324
-0.020991419
-0.05520302
-0.10148149
0.6333713
-0.12752385
0.21624094
-0.59414566
0.24140349
0.15961035
-1.4089484
0.15546072
0.13849725
-0.25596935
-0.7731435
0.90581155
0.19783199
-0.99889386
0.027470082
-0.42805994
-0.7098115
-0.17485915
0.23475824
-0.2582505
0.106352046
1.4429458
0.15646577
-0.4613972
0.16431192
-0.5181249
-0.13293593
-0.47675565
-0.28115967
-0.4306081
-0.080508634
-0.4679747
-0.17861079
-0.8608283
-0.27549568
-0.11395452
-0.18023145
-0.054456726
-0.13802297
-0.6442648
-0.1494296
-0.10564181
-0.20465378
-0.10373963
-0.18735279
-0.20152456
-0.22596782
-0.30573753
-0.20844677
-0.3368963
-0.2328029
-0.19265278
-0.277317
-0.4077647
-0.3863407
-0.3379515
-0.22736476
-0.58429205
-0.3200467
-0.22522472
-0.35166177
-0.08038
0.42395788
0.60761863
0.4394282
-0.043014392
-0.6445733
-0.11531912
0.059718207
-0.67406297
0.028087443
-0.13057399
-0.8793329
-0.13568687
-0.2724307
1.1348932
-0.2963118
0.121041894
0.23320198
0.15773644
-0.4039984
-0.84657896
-0.43778706
-0.59537596
0.20542988
-0.5974221
-0.38753062
0.31613085
-0.3907153
-0.11707771
-0.70489264
-0.18065658
0.33038485
-0.8451082
0.3307766
0.18124901
0.82558316
0.18109392
0.74589425
-0.5182817
0.6383638
0.76618606
0.45690587
0.790664
0.736277
-0.51246053
0.715372
-0.08939282
0.75641996
-0.03356952
-0.37054446
1.1132442
-0.42979726
-0.36157447
-0.7886778
-0.2926579
-0.38012365
-0.7773427
-0.37261793
0.62839186
0.15380563
0.52222383
0.38222536
0.88158834
0.5608007
-0.29251483
-0.24179688
-0.3263147
-0.4556441
-0.109051585
-0.4706791
-0.10878123
-0.4023001
-0.15747331
-0.26465046
0.06892795
-0.2897831
-0.17017914
1.7684805
-0.13826616
-0.32448885
-0.07026632
-0.32918686
-0.20099497
-0.32401866
-0.23081909
0.14687395
1.1193049
0.17289864
-0.50553435
-0.6357656
-0.62443846
-0.38496682
-0.23053208
-0.33139804
-0.2875326
0.07621044
-0.28517872
-0.116375804
0.063386545
-0.06447887
-0.15943217
-0.30437756
-0.16009296
-0.0013106411
-0.079194404
-0.019400189
0.27107754
1.0100526
0.24482028
-0.08657051
0.6535297
-0.078420214
0.21072538
0.77459353
0.2694967
-0.34739915
0.36517975
-0.37038156
-0.12192778
-0.49277136
-0.02254169
-0.37659755
-2.1829205
-0.24975084
-0.12890491
-0.30377054
-0.08911345
-0.16029258
-0.7744314
-0.12212849
0.26152098
1.0124943
0.15999193
0.17906769
1.0038846
0.15945649
0.046799306
0.28493354
0.10743328
0.23332743
2.12985
0.16787761
0.0056259013
0.042066447
0.0014870566
-0.33739272
-0.10675773
-0.3055333
-0.08047466
-0.70554423
-0.18125029
0.07677666
-0.36616898
0.13673761
-0.1208076
0.16490676
-0.16850421
0.17207411
1.3680685
0.19151033
0.09425057
0.20315023
0.02974558
-0.039838318
0.10813151
-0.06891735
0.029919486
1.2267102
0.020212464
-0.01827144
0.035087354
-0.0045880694
-0.16428947
-0.079924196
0.5455412
-0.22736217
-0.26697716
0.51197004
-0.116293326
-0.10747542
0.55558866
-0.12763557
-0.04428203
-0.12987222
-0.16536847
1.5742046
-0.14453977
-0.09089531
-0.18205577
-0.07730562
-0.27816623
-0.1109703
-0.27360147
-0.15226258
2.0760384
-0.1627278
-0.26739722
-0.13517685
-0.26532504
0.1410023
0.3776138
0.18515742
0.2910238
0.9321057
0.4209301
0.1334045
0.42093936
0.13718568
-0.39751935
-0.47752467
-0.44901475
-0.49412555
0.102007285
-0.3718634
-0.41014138
-0.3312621
-0.55959696
-0.5348618
-0.18643546
-0.56282014
-0.20535548
-0.18037853
-0.19751182
-0.3432069
-0.17950992
-0.31175858
-0.19031307
-0.3383609
-0.22900064
-0.24242432
-0.2193923
-0.2258465
-0.19636934
-0.13933802
-0.24006781
0.033103
-0.28621528
0.055899616
-0.32426775
2.8315153
-0.25079653
0.02903536
-0.4316792
0.050470922
0.0358832
-0.12392631
0.02194323
-0.17331617
2.5004914
-0.21166787
0.04569877
-0.17536472
0.009232662
0.12778178
0.17734262
0.06958804
-0.05279433
-0.30955705
0.03946848
0.7650919
0.43382066
0.74650764
0.06456134
0.25004625
0.09215294
0.09152966
1.2500793
0.1309578
0.09443682
0.035666145
0.091296874
0.07835071
0.44730115
0.107166216
0.15398149
0.9859319
0.20041041
0.24289753
-0.15735342
0.25177553
-0.08222008
0.12746961
-0.16321783
-0.006830374
1.6366464
0.11764373
-0.04267601
0.2645308
-0.06779762
-0.18748304
0.0104834195
-0.17026012
-0.18288144
2.0982912
-0.19194765
-0.22186309
-0.23655163
-0.21410811
-0.110067435
-0.2532858
-0.10983761
-0.36190903
0.31955832
-0.44594377
-0.2062514
-0.5672993
-0.19119152
-0.22554256
-0.02419851
-0.2267441
-0.3058114
-0.15689774
-0.3176892
-0.37547994
-0.4960049
-0.40770906
-0.30631727
-0.154945
-0.39111444
-0.21503407
-0.23282307
-0.24483787
-0.17468871
-0.26704252
-0.19577321
1.308311
0.101946086
0.6806377
-0.63304704
-0.55598944
-0.5920578
1.8259795
0.34507224
1.4354293
0.011373514
0.15272611
-0.018986125
-0.086703494
1.9671834
-0.17042927
-0.01952908
-0.008088618
0.09245765
-0.36289
-0.22511661
-0.3551015
-0.33061218
-0.18489343
-0.34499845
-0.22555207
-0.42153963
-0.22560021
-0.16682035
-0.7165512
-0.25830486
-0.59588516
-2.341977
-0.34650114
-0.071488485
-0.67597777
-0.21608606
-0.5610281
-0.19434139
-0.52010065
-0.12896733
-0.06018312
-0.16485727
-0.45931235
-0.21987818
-0.4597848
-0.5568622
-0.31037718
-0.60701364
-0.526839
-0.82399833
-0.5849299
-0.3428281
-0.40980512
-0.44177645
0.8714543
0.6832692
1.1746072
0.19655745
1.2871387
0.2414163
0.08633843
-0.584143
0.1515532
-0.08432767
-0.42034718
-0.0788014
-0.1206685
-0.962036
-0.04137927
-0.11107152
-0.38456774
-0.05444817
-0.27478456
-0.23989953
-0.29518014
-0.38633245
-0.4276438
-0.38155788
-0.21871652
-0.35304788
-0.2811363
-0.061438255
-0.1088907
-0.04517532
-0.10930423
-0.60521233
-0.10498425
-0.013211986
-0.13012137
-0.0056960867
0.021915773
-0.2730881
-0.012007028
-0.4557489
-0.4646774
-0.48286375
0.15672037
-0.2843417
0.1542253
-0.20942348
-0.29401377
-0.20070139
-0.23407121
-0.41560858
-0.20801114
-0.066893764
-0.25297895
-0.066967785
-0.26844546
0.43778962
-0.26019153
-0.3448575
0.16349193
-0.31345764
-0.5704786
-0.85579306
-0.60471493
-0.17623493
-0.15995838
0.37350324
-0.3774613
-0.20903054
0.5828487
-0.18239987
-0.03460483
0.33226708
-0.058117777
0.1106995
-0.054286133
0.021895615
1.411158
-0.004082434
-0.1074358
-0.023200158
-0.08012024
0.4367236
0.01986362
0.49415478
0.620691
0.9522014
0.58713865
0.6894477
-1.28044
0.8215354
0.32155424
0.9118933
0.36742657
-0.19918698
0.16249745
-0.22785579
-0.14779142
-0.50092745
-0.16434221
0.72921985
-0.0016715175
0.75170773
-0.108163305
-0.22346833
-0.010831147
1.2957827
-0.035813186
1.1832174
0.43004888
0.5069665
0.43722624
0.30993974
-1.1804667
0.29901794
-0.13063532
-0.51217926
-0.066064306
-0.3276023
-0.3393005
-0.32206124
-0.54301757
0.08158322
-0.59193224
-0.41168913
-0.27861
-0.4285741
0.019271668
0.21655232
0.07422592
0.24346687
-1.9928433
0.2452674
0.1252109
0.10583243
0.14569238
-0.33125257
0.2512881
-0.39724946
-0.36547333
-0.0489081
-0.3645436
-0.9597263
0.024940457
-0.964224
-0.17529827
-0.24416058
-0.09655137
-0.79629254
1.247685
-0.75465035
-0.0038553094
1.0814434
0.0038955037
-0.31267437
0.36680797
-0.35365012
0.2133211
1.9702255
0.06817729
-0.26147392
0.3277529
-0.1442483
-0.28052333
-0.37761578
-0.4001456
-0.24213102
-0.44401988
-0.22569633
-0.22563897
-0.32575497
-0.2887914
0.3263096
-0.18858758
0.3313393
0.56116366
-1.4105194
0.5629248
0.59757286
-0.16405283
0.61330277
-0.45277685
-0.038809262
-0.42027962
-0.21102695
-0.19023949
-0.235471
-0.4838411
-0.05466019
-0.501533
-0.3823119
-0.111201085
-0.32872024
-0.15255874
2.1029432
-0.15135767
-0.21142249
-0.24710897
-0.23320363
-0.03905207
0.2997134
-0.10538785
0.13813071
1.2972528
0.2487438
-0.17391983
0.3154825
-0.20957093
0.16164649
-0.078874685
0.08134015
0.07168185
1.3644015
0.12005083
0.18123877
0.20295689
0.14589964
-0.032415833
0.40569836
0.11697307
0.18696222
1.5460932
0.16692723
0.07827809
0.46453527
0.15138295
-0.18801528
-0.06115245
-0.16269514
-0.0042184596
2.196604
-0.02537192
-0.10209036
-0.15463597
-0.1274997
-0.35241514
0.51221704
-0.47029343
0.16833971
-4.198084
0.23334464
-0.029845554
-0.20803005
-0.11476524
-0.7506631
-0.40507016
-0.61449635
-0.20996104
0.4537944
-0.15111
-0.23860401
0.066193335
-0.16385722
0.11991297
-1.2455789
0.005538842
-0.07428247
-0.036965452
-0.00048058096
-0.15562911
1.5534735
-0.08173439
-0.45508623
-0.1087535
1.5073683
-0.14239281
-0.36367118
-0.25853157
-0.33918104
0.07344812
0.76598614
-0.7206376
-0.9160555
-0.8599104
-0.20461912
0.43796536
-0.29734066
-0.9129343
-0.20517342
-1.0708913
-0.6633966
-0.5026031
-0.5899099
-0.32391444
-0.4850274
-0.41001594
-0.45953286
-0.39207283
-0.38001376
0.16778459
-0.7789984
0.09722189
0.18519954
-0.37867373
0.15681306
0.32440495
1.3998787
0.3239344
-0.13627799
-0.03495046
-0.11902063
-0.16730842
-0.569422
-0.21403663
-0.12057095
-0.05734276
-0.11645661
0.34085214
0.5398619
0.35625717
0.090044096
1.1365141
0.024577303
-0.24148335
-0.28775778
-0.22629377
0.33217803
0.90113777
0.33971903
-0.0040833065
0.03843088
0.029761838
-0.16973792
-0.9772452
-0.2368435
-0.17431155
-0.23221354
-0.17743273
-0.19973436
-0.6390708
-0.14279655
-0.22858815
-0.2658287
-0.24323273
0.20342828
0.0009323671
0.17100134
0.17548776
-2.3260515
0.16532002
0.18781535
-0.088863485
0.18881877
0.0061857123
-0.36715198
0.013634927
-0.23313244
-0.60611975
-0.2198838
-0.012089601
-0.45343554
-0.03648545
0.070383996
-0.059058264
0.05439157
-0.008326977
1.4998505
-0.09614616
0.0035899472
0.2900236
0.055315174
-0.23715185
-0.34094894
-0.2091955
-0.44032645
-0.6510681
-0.3769553
-0.24943328
-0.42211747
-0.273437
-0.15988903
-0.11033136
-0.19518228
-0.25097236
-0.2075444
-0.22508636
-0.14557444
-0.35543302
-0.16064614
0.5685476
-1.4617903
0.6603484
-1.4615731
-1.8076158
-1.430833
-0.3842417
-1.1180744
0.042583194
0.26231936
0.27835867
0.20558603
-0.032448415
1.4572033
0.07719062
0.13411206
-0.0026870728
0.15479094
0.70413476
0.47452587
0.6785937
0.6299819
-0.2614556
0.63539
0.6183869
-2.976959
0.6205977
-0.22786607
-0.16149026
-0.22600612
-0.24906479
1.9535861
-0.2740651
-0.13580488
-0.18811058
-0.104600675
-0.4360216
-0.18242468
-0.32147953
-0.28889978
-0.3766088
-0.38726842
-0.4920602
-0.30501494
-0.5395731
0.9840515
-0.61083114
-0.491231
1.8969054
-0.90089214
-1.119227
0.56227857
-0.6805246
-0.3284811
-0.2639668
0.35103405
-0.26980188
-0.2632375
1.7374171
-0.2971477
-0.5048969
-0.36459005
-0.43721884
-0.17514461
0.08547001
-0.17839174
-0.2218269
2.2684515
-0.22554296
-0.26041338
-0.28384456
-0.21588962
0.13508818
0.101705395
0.14225875
0.101697974
1.0013604
0.12328382
0.085233845
0.60641813
0.038661372
0.43261975
-0.11288078
0.5482203
0.56600344
-0.031937733
0.32408905
0.38396075
-0.06636205
0.56287175
-0.33669937
-0.11683138
-0.33025134
-0.26825407
1.8554108
-0.21983284
-0.350406
-0.18319474
-0.31002724
0.4276514
0.60279644
0.5136373
-0.1770102
-0.93183666
-0.23701605
-0.36909485
-0.35327068
-0.4580272
-0.049670666
0.12397638
-0.09100874
0.026368305
1.5883816
0.019863022
0.036571894
0.108684234
0.10668938
-0.1416174
-0.054693796
-0.15016608
-0.05643289
1.3465986
0.02744987
-0.01845231
0.014159381
-0.07186826
-0.11685042
-1.0177965
-0.33035284
-0.8202243
0.35958007
-0.79712486
-0.32221913
-0.9073246
-0.39108577
-0.090114996
0.11272758
-0.07478876
-0.0071758125
1.255158
-0.00887796
-0.07591842
-0.010982534
-0.11945578
0.5654557
0.39683196
0.6574691
0.16814308
-0.16134362
0.18275101
0.5872102
0.7873909
0.6217555
0.04714352
1.0397907
0.08935185
-0.013777175
0.18887843
-0.073283374
-0.032165013
0.72898453
0.091829516
0.11891247
-0.5823918
0.13668574
0.13200444
0.32128176
0.22100188
0.29849917
1.1442665
0.29139003
-0.042068474
-0.09218339
-0.0087605035
-0.10739978
1.6424602
-0.13402772
-0.02135047
-0.1644618
0.02337276
-0.047831964
-0.18663706
-0.047633525
-0.27872947
-0.3812837
-0.26734748
-0.043826982
-0.17897287
-0.040319145
0.08888689
-0.2104868
0.10620351
-0.31076217
-1.8541044
-0.28593847
0.058340363
-0.48599392
0.04531857
-0.27861717
0.235469
-0.32226077
-0.3778411
-0.29268482
-0.37647268
-0.116932444
-0.34095493
-0.069615856
-0.20135221
0.36965454
-0.11931902
0.038059287
1.636188
-0.03403434
-0.3146921
-0.26132587
-0.25411472
-0.16478115
0.018497907
1.1490059
-0.35586753
-0.9320614
0.9213369
0.01732408
-0.08104504
0.57493657
-0.33370957
-0.39457113
-0.31785837
-0.45525643
-0.67504007
-0.37348533
-0.42722178
-0.49867994
-0.49600983
0.1094951
0.19070484
0.12432979
0.34149453
-2.1773422
0.26554528
0.14080206
0.21986197
0.13847125
0.17377838
0.6826656
0.1284048
-0.17507875
1.0720352
-0.10750893
0.040418327
-0.5017611
-0.035772905
-0.060996998
0.02265221
-0.048974857
0.093636
0.23105134
0.0041715335
-0.6140858
-0.19323726
-0.6231964
-0.048940297
-0.3665098
-0.07479076
-0.28297022
-0.58525527
-0.32547125
-0.10313694
-0.15856771
-0.14250915
-0.16115434
0.38507643
-0.18423606
0.16627438
1.3539528
0.1390694
0.101233035
-0.34912524
0.07959425
-0.8274119
-0.5274922
-0.7513845
0.29379907
0.23312895
0.31028184
0.60903686
1.1636852
0.56525
-0.21596348
0.5293244
-0.21291827
0.026796263
0.41795266
0.08978032
-0.58997875
-0.35285312
-0.6207439
-0.04360185
0.4431233
-0.09380091
0.26544717
0.94510984
0.28091213
-0.12010983
-0.012175689
-0.12550849
-0.008425745
-0.11122894
-0.03635034
0.057693552
1.3522553
0.020606285
0.044007305
0.15437128
0.057658505
0.016730532
0.12707023
-0.054249506
0.24238084
0.69991463
0.29244712
0.21299422
0.61717623
0.2113297
0.07171775
0.037630446
0.13239641
0.19725332
1.2632784
0.19711342
0.024573212
0.31859702
0.07176406
0.7259993
0.015595359
0.7075979
-0.13456833
0.32125992
-0.19362101
-0.10859113
1.7993156
-0.01968454
0.2755466
0.2954292
0.3774988
-0.36423638
0.9705987
-0.1679376
0.8735808
0.8218175
0.7336373
-0.88774097
-0.57159764
-0.9786083
-0.41076666
0.6790031
-0.47349107
-0.98635006
-0.12294211
-1.0656489
-0.13772906
-0.27199903
-0.13269678
-0.24836393
-0.4332796
-0.24897742
-0.1836569
-0.20671779
-0.15687011
-0.5395211
-0.1094571
-0.6271625
-0.22550593
0.048618115
-0.2428033
-0.5530879
-0.20520073
-0.6651431
0.74345344
-0.3556511
0.68521357
0.017421208
2.087612
0.28387082
-0.48305032
0.5084536
-0.49396828
0.07681638
0.3790652
0.040295843
0.29484922
1.3027524
0.2588891
0.135627
0.18427801
0.1344629
0.6585534
0.1256318
-0.20023747
0.5296427
-0.0011468304
-1.0651705
0.46075264
0.09691775
-0.24318445
0.5309307
0.518924
0.5923297
0.26195323
1.7124256
0.08641968
0.61447877
0.43915963
0.5732248
-0.26150945
-0.030403014
-0.24978504
-0.19572955
2.9361439
-0.23485616
-0.1674963
-0.2705439
-0.15064901
-0.0114717195
0.16042368
-0.092759475
0.18668063
0.9826623
0.21102071
-0.059562687
0.095639065
-0.050448917
-0.12649226
0.39813918
0.29591158
0.22811912
1.3318685
0.22747141
0.40203086
1.0064895
0.50036985
1.3585532
0.75195754
1.2801399
0.7522975
-0.48484603
0.7830464
0.9151538
1.2822894
0.9941667
-0.038131576
0.27621856
-0.19725285
-0.055791307
1.8041815
-0.046126157
-0.16859107
0.048090164
-0.09083128
0.109364465
0.064297006
0.08952893
0.12712476
1.7709161
0.108442396
-0.004813992
0.27571985
-0.020880725
-0.13620618
-0.09934088
-0.122022375
-0.10089765
1.3398081
-0.12930587
-0.11628019
-0.13638458
-0.08204875
0.28073633
0.8217558
0.30028236
0.22681989
-0.7477065
0.17003402
-0.13794275
-0.83779675
-0.15552644
1.1543776
-0.42488715
1.0186849
0.3813328
-2.331772
0.51132965
1.0906103
-0.72082204
1.1277783
-0.14169231
-0.22821014
-0.11705278
-0.22097096
1.9730102
-0.27004543
-0.18270221
-0.27872357
-0.16826062
-0.42628548
-0.5940038
-0.3414886
-0.55913085
-0.28994054
-0.3964552
-0.17605926
-0.50527227
-0.30103654
0.73986864
0.059396338
0.7489383
0.36277616
-2.4568257
0.31411624
0.5953913
-0.20176299
0.62016976
0.040599052
-0.012943923
0.062036578
0.16802014
0.9501244
0.21132989
0.15460363
-0.28217432
0.13876718
-1.4441571
-0.49856383
-1.4065976
0.6033666
2.2566278
0.67993927
0.7907026
0.5844211
0.74941885
0.03748865
-0.06551242
0.008667323
-0.26906055
-0.4949122
-0.23010471
-0.050273884
-0.24958889
-0.06608934
-0.03233955
-0.88035494
-0.044732723
-0.15903153
0.37509584
-0.10451717
0.4436505
1.2524076
0.4634608
-0.17922185
-0.3151253
-0.2784932
0.45720637
1.621315
0.40340775
-0.37254372
1.9192362
-0.22560117
-0.06390859
0.024593417
-0.06315311
-0.118773974
1.3948653
-0.11277641
-0.0815144
-0.055634066
-0.08645507
0.06649652
0.33530495
0.11221744
0.042341467
1.3041352
-0.0011236272
-0.12199861
-0.280274
-0.07620728
-0.25158346
-0.38480845
-0.24560809
-0.12467126
-0.31278595
-0.10718352
-0.25137687
-0.1760515
-0.21256658
0.2494067
0.29633114
0.25333157
0.25020063
1.2170203
0.18683885
0.19390419
0.36429614
0.27989864
-0.11614663
-0.23935877
-0.12773603
-0.21222013
-0.44759294
-0.1906374
-0.032378443
-0.2362027
-0.0667432
0.54342747
0.7912579
0.54967195
-0.036465686
-0.2531329
-0.03248745
0.2225194
-0.10970426
0.2738123
-0.3132137
0.04719902
-0.40000203
-0.36233234
-0.113902494
-0.3654187
-0.3838775
-0.26054817
-0.4112395
-0.004956966
-0.3020753
-0.084630296
-0.4125159
-0.17246588
-0.35277453
0.015822606
-0.43417037
-0.022902217
0.05254497
0.05261652
0.03024793
0.10997538
1.2180784
0.13325429
0.0219869
0.3284087
0.025574131
0.08198955
0.13960426
0.08310925
0.10186079
1.1309742
0.09362862
0.105159596
0.24084799
0.09350593
0.010800576
-0.22580676
-0.036578182
-0.1474542
-0.745316
-0.2120439
-0.09988917
-0.32795116
-0.13177855
-0.18909438
-0.06602471
-0.15226436
-0.11245755
1.505124
-0.124874376
-0.20354849
-0.10495903
-0.20123373
-0.34389982
0.36567464
-0.18730521
0.12901013
1.3956465
-0.04585974
-0.18867731
1.5923215
0.032623604
0.45233944
-0.72284347
0.41809782
0.4435039
-1.4498894
0.52459663
0.6467065
0.6625043
0.63427323
0.58842635
-1.7377763
0.45519194
-1.119999
-5.8849235
-1.3842757
0.30736658
-0.6882003
0.009278932
-0.05560675
1.2517573
-0.056538213
-0.32008818
0.8496258
-0.16766773
0.74010134
0.09114363
0.79121476
-0.00059398013
0.64741254
0.11496969
0.34820977
1.2174329
0.33347383
0.33611998
-0.29067385
0.39087752
-0.16523322
-0.015551765
-0.19068797
-0.06436905
-2.0908694
-0.16285731
-0.14514367
-0.38096496
-0.14598022
-0.00975658
-0.5045048
-0.05138942
0.08059625
1.7534788
0.10209174
-0.21120305
-0.1995491
-0.20660722
-1.1581968
-1.5946625
-1.0471629
-0.40439504
1.4869913
-0.5441171
0.018138144
0.3784148
-0.042588823
-0.21648711
0.016926864
-0.17608862
-0.42772233
-0.2315294
-0.46149147
-0.28187636
-0.18695281
-0.35340694
-0.18985003
-0.4568564
-0.28295782
-0.5109967
-0.2540919
-0.5638289
-0.33866858
-0.3863723
-0.34775332
0.06952159
0.12684888
0.033388074
0.10599525
1.717396
0.07592295
-0.09453512
0.06786533
-0.023020659
-0.4554911
-0.30398345
-0.48676088
-0.32306936
0.34190154
-0.32172835
-0.35077775
-0.3729293
-0.33141682
0.81159174
-0.81643385
0.8633242
0.6323798
0.5793304
0.6003097
0.3991902
-0.09793643
0.47889283
0.24965607
-0.44567564
0.30671248
0.66445196
-0.68094707
0.6414942
0.24992159
1.2611256
0.24124022
-0.25786602
-0.19379804
-0.25539318
-0.41463205
-0.44537094
-0.40184107
0.15674564
-0.41601437
0.12148117
-0.70765686
-1.7498149
-0.76252776
-0.717035
0.6722737
-0.66603374
-0.21646558
1.4012271
-0.1875054
0.204461
-1.4456347
0.15586682
0.44478023
-0.39604765
0.37671763
0.16013095
-1.3531723
0.17387287
-0.49733347
-0.5993272
-0.4455918
-0.24240455
1.4661208
-0.1939204
-0.081843585
0.6183987
-0.028568743
-0.16411386
-0.027002495
-0.15012711
-0.38066608
-0.25571617
-0.3500129
-0.20511793
-0.46631834
-0.23586328
-0.05745036
-0.17835447
-0.05513873
-0.23861739
1.5398288
-0.21096113
-0.04644915
-0.025478033
-0.021498231
0.30432296
0.3218835
0.29029682
0.45892602
0.006032317
0.45402992
0.14983878
0.2528211
0.18826625
-0.08290448
-0.21647209
-0.11570393
-0.21152657
-0.3487402
-0.20893027
-0.0781241
-0.17358488
-0.0878415
-0.064011715
-0.11643679
-0.07013245
-0.25760812
-0.36720473
-0.25715825
-0.10807238
-0.13539158
-0.10700278
0.09464896
0.6686778
0.15651947
-0.11766088
0.65201473
-0.18064184
0.40374362
0.15405183
0.49003357
-0.28665024
-0.12395606
-0.44960395
0.15106438
-0.505074
-0.0074522374
1.0311124
-0.09276195
1.2813838
0.07935739
-0.33775106
0.27852544
-0.009673152
1.6211169
-0.04877053
0.01848553
0.50578797
0.06377868
-0.09587566
-0.0245973
-0.15279843
-0.26299226
2.168914
-0.2694306
-0.15321559
-0.11771812
-0.19631326
0.2692774
0.13733478
0.23316574
0.113439724
1.0283498
0.20421216
0.089422435
-0.23424354
0.055537183
-0.23323902
-0.20624149
-0.12721744
-0.7003681
0.5438178
-0.602243
0.2787263
1.9149472
0.40872338
0.1464444
-0.0616315
0.14231515
0.14226957
1.2227304
0.1974119
0.016298998
0.29341552
0.02792406
0.52742386
1.9342732
0.41109306
0.15796438
-0.5878721
0.15039426
-0.09071132
-1.1776246
0.03826727
0.023584431
0.17209418
-0.02999026
0.16858017
0.9674509
0.20430534
0.13366482
0.16617347
0.1133035
0.8193386
0.33795428
0.81420094
0.19576548
-0.75293124
0.2642613
0.7036464
0.3622886
0.703561
-0.23524936
-0.37419954
-0.2617564
-0.37224612
-0.4899314
-0.36969325
-0.31116405
-0.25935188
-0.36167014
0.17876504
-0.20113873
0.21564388
-0.116345465
-1.8343874
-0.17995685
0.13317788
-0.17286538
0.11460819
-0.26331502
-0.5304748
-0.22693823
-0.45752907
-0.5047294
-0.45711878
-0.40075216
-0.49555004
-0.34719092
-0.16261134
-0.024063833
-0.16910824
-0.34440246
-0.56791633
-0.32686424
-0.29416695
-0.2471988
-0.36838087
-0.091788605
-0.10337516
-0.05125936
0.024557313
0.93858325
0.048375655
0.07939114
0.16734305
0.07902596
-0.1281506
-0.30805475
-0.13480736
0.22168839
2.0153115
0.4035231
-0.6872553
1.040447
-0.55273545
-0.34026074
-0.63473046
-0.5187316
-0.51296145
0.5163618
-0.42169818
-0.6711758
-0.5571732
-0.66827786
-0.24618413
0.053808328
0.68016416
-1.1382958
0.1597786
0.53410596
-0.26683387
0.07345423
0.45743483
0.2933731
0.16118665
0.50918573
0.3039738
1.8102238
0.2377324
0.52763534
0.5657268
0.6285438
0.9214627
1.0611365
0.581401
-8.776307e-05
1.8792442
0.5384276
1.1689247
1.1404587
1.1397414
-0.09447342
-0.016276294
-0.110036485
-0.04236326
1.2602869
-0.020132754
-0.023294816
0.075951606
-0.0319251
0.0077738157
-0.7788754
-0.001143439
-0.41349253
-1.1804919
-0.3561448
0.5492745
1.517733
0.57467455
-0.2033521
-0.29743844
-0.23377517
-0.42422763
2.2461827
-0.38262492
-0.15329279
-0.34527832
-0.18288387
1.0181987
-0.09513057
0.048154157
0.80924153
-0.90423346
-0.31283516
0.6938375
-0.19578987
0.026090655
-0.13153018
-0.61159486
-0.09319986
-0.588455
-0.46606785
-0.5725503
-0.25889567
-0.5509685
-0.41190282
0.028461583
-0.08032871
-0.0004510806
-0.06802415
1.3375646
0.008230914
0.1155995
0.11751141
0.1341419
-0.21973562
-0.13951047
-0.2424761
-0.124672964
-0.26287428
-0.17436121
-0.23419367
-0.20090869
-0.2218622
-0.03125154
0.2667751
-0.023236742
0.12427632
1.2251261
0.09078736
0.1629087
0.08031702
0.19856869
0.19070438
-0.5539237
0.15182242
0.34618607
-1.2649779
0.304465
0.088448316
0.062520266
0.12048338
0.50975436
-0.30843905
0.50938463
-0.14431319
1.5326967
-0.060288668
0.2871046
0.53285193
0.21939245
0.050521694
0.38730264
0.11837419
-0.05423124
-1.4112538
-0.06790251
-0.27795663
-0.78798294
-0.3084767
0.003750258
0.0201779
-0.061559897
0.15268391
1.6383207
0.18309464
-0.14985794
0.011761126
-0.19034895
0.12968966
0.0059562577
0.112985775
0.16764063
-1.9084362
0.15081316
0.10631527
0.14130844
0.10974028
-0.30779245
-0.5768336
-0.40290657
-0.29214588
1.476009
-0.30858174
-0.53973454
0.4446869
-0.5036532
0.6436747
0.112953104
-0.5943912
0.4473716
-0.09496853
-0.28456256
0.46770543
-0.20813495
-0.46243477
-0.34296075
-0.01942848
-0.30996644
-1.0391855
0.061887074
-1.0693798
-0.20842075
-0.19630536
-0.24049325
0.096737996
-0.009017587
0.08621884
-0.16640876
-1.3378361
-0.17708579
0.019031635
0.027532268
0.008500495
-0.13776754
0.51643467
-0.13587143
-0.07053498
1.4528213
-0.055447407
0.0039392915
-0.75062674
0.01131336
0.2077538
0.3425534
0.26131102
0.06292879
0.05670389
0.07318047
-0.3905066
-0.78836375
-0.4259624
-0.22243004
-0.120775424
-0.25869116
-0.21454485
-0.031887516
-0.20135573
-0.17799026
-0.24941829
-0.2345286
-0.9723649
-0.24229892
-0.23566556
-0.13031715
-0.05631346
0.11800674
-0.007869796
0.11068335
0.66171604
-0.033703137
0.24674006
-0.00033144906
-0.011147215
1.5258726
0.018255183
0.01858009
-0.11552869
0.05066439
0.10129847
0.22211328
0.091366544
0.33563212
1.2157018
0.33930945
0.41750687
-0.04687669
0.3710017
1.0167339
0.43329623
1.0613538
-0.27335835
0.96417195
-0.5273441
-0.12823936
-0.18225004
0.004050027
0.08322298
0.025564969
0.09874767
-0.00030289375
1.16066
0.014667095
0.09379975
0.07628808
0.11886241
-0.10816869
-0.4497947
-0.12219514
0.00074623176
-0.94099766
0.0218658
0.2479604
0.78637147
0.26033053
0.048234824
0.20833457
0.10860147
0.10875919
1.42147
0.14503586
0.15545686
0.22928125
0.078581385
-1.066141
0.27033657
-1.0698264
0.21801165
0.1446385
0.2249439
-0.83663404
0.19114642
-0.8812782
-0.30086342
-0.16690181
-0.36613497
-0.21824543
-0.4260086
-0.23144205
-0.20519629
-0.12898086
-0.20632567
-0.3191408
-0.18358196
-0.3518527
-0.20119222
-0.047820512
-0.20413268
-0.41460356
-0.29512593
-0.42207798
-0.47147143
-0.44372693
-0.4940772
-0.3980596
-0.32339853
-0.4358746
-0.40714985
-0.31845027
-0.44615534
0.56625175
-1.8137002
0.59799314
0.7738486
0.3818855
0.7258033
0.45618418
1.8383446
0.70522475
-0.51659197
-0.21835548
-0.51055396
-0.15864006
0.4453954
-0.29797646
-0.49470827
-0.13906041
-0.5305855
-0.10886153
-0.01732682
-0.11351259
-0.10284849
1.6125811
-0.09404502
-0.013907646
-0.16004339
-0.03786622
0.22082546
-0.0411728
-0.41990885
0.8249308
0.26607472
-0.9384445
0.33493784
-0.055907853
-0.34679526
-0.15137781
-0.30675927
-0.13341321
-0.28734824
1.9628092
-0.33137497
-0.20231217
-0.26226646
-0.16028723
-0.29108158
-0.30747274
-0.26729813
-0.23356181
-0.2787022
-0.23083995
-0.32477507
-0.29189932
-0.30432594
0.16598625
-0.07497846
-0.17600368
0.3348311
-0.13743582
-0.33361894
0.7307424
0.2349088
-0.7410329
-0.11174136
-0.13806096
-0.074516654
-0.07226407
-0.6191963
-0.089416645
-0.29149315
-0.23412673
-0.26076332
0.11916741
0.111795485
0.07443184
0.1516821
1.778
0.13611381
0.157557
0.27812815
0.20373751
1.0475217
-0.91536397
1.0566027
0.2485388
-2.6959007
0.29497567
1.0352783
-0.34642154
1.0345156
-0.14346348
0.32961202
-0.17163602
0.5034158
2.7039344
0.5687556
0.12150288
1.1948044
0.22082658
-0.5970396
-0.432097
-0.5001572
-0.07110122
0.33287573
-0.025748415
0.024728643
0.2890196
0.044766843
-0.23033504
-0.86929566
-0.2598105
0.12960884
-0.95985544
0.091373265
0.067903385
0.7369663
0.09006166
0.20244896
0.11170846
0.19947974
0.11606421
-1.0584949
0.12989923
-0.061094694
-0.69666094
-0.08843893
0.22133055
-0.19371775
0.19093344
0.06151003
-0.7319143
0.05347635
0.82657397
0.231876
0.90849173
-0.1285084
0.06382016
-0.16181982
0.10871169
1.7938436
0.10787262
0.07207685
-0.0008487474
0.15948923
0.18079907
0.13639781
0.20041545
0.09397147
0.89024353
0.1491477
0.22635749
0.111584894
0.22462335
-0.01591872
0.18452677
-0.0019962941
0.12553069
1.3151051
0.09414606
-0.02628394
0.0026176723
-0.005809937
-0.25215787
-0.6919265
-0.2845161
-0.15107942
0.4921503
-0.121121384
-0.0118242055
0.0747238
0.017442714
0.24653032
-0.018097052
0.24554692
-0.15842602
1.2100825
-0.04918681
0.24460487
0.3324318
0.17633712
0.004959072
0.04699022
0.0066561135
-0.115801476
1.1741796
-0.108744524
0.023235895
-0.2163607
0.008802514
0.23425798
-0.05746203
0.24467032
-0.015944997
-1.320846
-0.032606237
0.08599141
-0.08986641
0.13769034
-0.15828232
-0.42014804
-0.20295858
-0.4697051
-0.62909865
-0.5083717
-0.31684986
-0.6222261
-0.3190249
0.65618205
1.4950789
0.6256148
0.29963472
0.99863076
0.30600438
-0.6587039
-0.18189777
-0.669883
1.1769103
2.1107333
1.2126848
0.71682554
-1.6969057
0.75185084
-0.20879906
-0.6926028
-0.38165164
0.6154083
-0.16208972
0.5348536
0.5453402
-3.3939922
0.558642
0.78977245
0.8231437
0.69578415
-0.17574555
-0.28860155
-0.20908444
-0.18017244
-0.3220911
-0.17255226
-0.24028234
-0.071021
-0.26326925
0.38879356
0.89624804
0.34978688
-0.022427537
2.365611
-0.008369279
0.45091218
-0.49728402
0.4607016
-0.62839746
-1.1513616
-0.67852086
-0.05402015
0.13784394
0.09399344
0.38714445
1.0958024
0.41544378
-0.086992934
-0.33120528
-0.09356594
-0.07408144
1.0270251
-0.11188314
0.099985294
0.5634943
0.14238368
0.31039283
1.2302899
0.35903776
-0.041807286
0.13290961
-0.15573236
0.028960168
0.39065066
0.15122955
-0.0924494
-0.49499524
-0.06924352
-0.15973027
2.0565038
-0.13464971
-0.064905755
-0.8182866
-0.09035245
-0.10135839
-0.1561947
-0.10642558
-0.14432107
1.7596645
-0.13791716
-0.102563836
-0.20146629
-0.083036155
-0.25695607
-0.045443602
-0.2672398
-0.1630883
2.09402
-0.16873676
-0.28351438
-0.23805653
-0.28749517
0.08777646
-0.67129374
0.084953584
0.23930024
-1.0696867
0.18204342
0.44038078
0.7862099
0.44720697
-0.15430863
-0.1520973
-0.13561104
-0.29066294
-0.31081823
-0.33470875
-0.12834823
-0.37111592
-0.13220936
-0.1684218
-0.24299473
-0.15070707
-0.22660592
2.2203367
-0.19427633
-0.11024498
-0.19455479
-0.10102018
-0.4984348
-0.17087364
-0.4944982
-0.3462562
-0.29761484
-0.30931813
-0.57691973
-0.29402998
-0.5355974
-0.43313733
-0.5701896
-0.5615238
-0.4077333
-0.10987602
-0.54446125
-0.65739393
-0.29478663
-0.7132516
0.19797702
-1.150093
0.43624967
-1.2112324
-1.5082263
-1.3063565
-0.16989347
-0.67779267
0.21271995
0.50112605
0.18484843
0.5695211
0.3803816
0.4583724
0.299875
0.61715287
-1.0943836
0.64714986
-0.26184893
-0.11491441
-0.20403737
-0.016359724
-0.713911
-0.0049308115
-0.21354367
-0.13344891
-0.24404421
0.11969305
0.29157627
0.07172002
0.14332607
0.6970279
0.27246988
0.13582231
0.20074049
0.09430019
-0.09681819
-0.17178957
-0.080546126
-0.21113446
1.6665778
-0.16478787
-0.0734339
-0.05304657
-0.07337559
0.5346052
0.16544792
0.5695945
0.034171287
-0.46908188
0.11716525
1.039622
0.1459107
0.99538857
0.020506006
-0.35879132
0.03010822
-0.52613044
-0.6574243
-0.4835065
-0.20441821
-0.41607183
-0.1934116
-0.29415148
-0.24164692
-0.32319874
-0.17981537
-0.40933505
-0.20690931
-0.28014418
-0.34184137
-0.2339561
-0.15236613
-0.29757547
-0.15382025
-0.30604276
-0.15999535
-0.30259857
-0.24874689
-0.29010677
-0.25510934
-0.6578494
-0.38090417
-0.7819329
-0.40151083
-0.83695763
-0.3734153
-0.17548189
-0.46546054
-0.18473488
0.46673018
0.84226704
0.43697926
0.3710629
0.95024014
0.5076239
-0.39502963
-0.48866668
-0.41171142
0.6555509
-0.023295874
0.6366413
0.093387336
-0.038492452
0.2843475
1.4914546
0.21978107
1.0045557
-0.5315488
0.4799572
-0.4955299
-0.03848092
2.387584
-0.047660816
-0.23576422
-0.6409628
-0.18085283
0.26306903
0.09434459
-0.08959488
-0.32668933
0.87986475
2.2198253
0.119361885
-0.12051015
0.3862455
-0.19346224
0.067399725
-0.23726997
-0.21731295
1.6865927
-0.25722995
-0.1284594
-0.23571873
-0.15839796
-0.1550712
-0.57958615
0.05516367
-0.33036
-4.580213
-0.39749593
0.20587781
-0.13675204
0.27609542
-0.080801934
-0.2897994
-0.06100021
-0.24198072
2.0719442
-0.26275605
-0.050835527
-0.0536552
-0.0505182
-0.4600568
-0.8511418
-0.44137812
0.6018203
-2.264098
0.6363615
0.9484623
1.0967313
1.07315
-0.09876745
-0.12898551
-0.10770391
-0.15089567
2.2010133
-0.14941837
-0.05761446
-0.19325832
-0.03974515
-0.5497746
0.9297375
-0.5559574
-0.5392519
2.034916
-0.4876276
0.36340633
2.5171833
0.39969808
0.71219677
2.0241575
0.20698611
2.5893388
5.9579835
2.7898576
0.6044572
2.321829
-0.074612185
-0.1581298
-0.3146033
-0.18141447
-0.21115609
-0.4140817
-0.26675233
-0.17547302
-0.32891437
-0.19313204
0.66702026
-0.07968058
-0.038031228
0.24889629
-0.2481201
-0.25660276
0.8408752
-0.19849998
-0.052634113
-0.22101647
-0.8031657
-0.31313634
-0.23241188
2.3248672
-0.18307085
-0.12735692
0.046073165
-0.14025763
0.21790355
0.31855187
0.2582605
0.2445139
1.1013404
0.32594767
0.37409422
0.54098725
0.33353686
0.099631876
-0.5435742
0.1063963
0.23287244
-1.509721
0.18944785
0.1970816
0.36878303
0.2037743
-0.350214
-0.093372844
-0.32704884
-0.19897021
2.009602
-0.24466377
-0.31118038
-0.29862964
-0.285141
0.5956739
-0.14697796
0.5594312
0.22854103
-2.503323
0.27113682
0.5650067
0.04743146
0.513528
0.74876636
2.2209392
1.0270988
0.97878206
1.2666922
0.891072
-0.22306103
-1.4864823
-0.033085674
-0.32371858
-0.25484422
-0.34929433
-0.47251654
2.4547064
-0.43914363
-0.20549797
-0.3585706
-0.21774197
-0.28673515
-0.25529805
-0.24329987
-0.4116528
-0.6476711
-0.44206858
-0.55558556
-0.55945003
-0.57171404
-0.04884573
0.320846
0.041989114
0.09995287
2.281429
0.18233226
-0.00902207
0.03991982
0.04720566
0.04359758
0.10029689
0.024806805
0.03954074
1.0988162
0.100430585
0.06264427
0.2202079
0.06209167
0.19885662
0.1701533
0.13879034
0.07032577
1.1091907
0.16230926
0.1468683
0.108511716
0.15349996
0.16065411
0.9762196
0.12677786
0.054583278
0.79754716
0.081447825
-0.13540448
-1.4751661
-0.1057114
0.54238015
0.18524334
0.60803646
1.4187194
-1.1611729
1.2992164
0.7336588
0.9696224
0.5270036
-0.2256277
-0.14413482
-0.1836705
-0.19697428
-0.3199439
-0.23602095
-0.19576633
-0.32307628
-0.1737331
-0.5349967
-0.43123955
-0.5066049
-0.32707667
-0.27843237
-0.3805573
-0.5314464
-0.5732909
-0.61734504
-0.0030405314
-0.029419927
-0.026925087
0.0891153
-1.7539186
0.09546787
-0.20114943
-0.04257658
-0.22414051
0.046041492
0.26241887
0.008946561
0.06398242
1.476476
0.021315882
0.0056950864
0.12805663
0.045819193
0.65093446
1.140718
0.76357996
-0.5311804
-0.07181772
-0.4852937
-0.08144841
-0.2626427
-0.08766285
0.11100332
-0.006852881
0.118709765
0.010522268
1.4416457
0.0073966268
0.11043247
0.07067254
0.17462109
0.3353654
-0.29710075
0.26319227
0.9332497
1.158477
1.273222
0.16417749
-0.4307829
0.26985693
0.12595585
-0.53290546
0.16861829
0.70783406
-0.18608016
0.87693506
0.41064802
1.4100472
0.43553442
-0.49754223
-0.06740008
0.18435806
-1.3714793
0.43417856
0.102022834
-0.56035864
0.097446
0.16347697
-0.6728608
0.14353682
-0.7040002
-0.0071488707
0.5816518
0.013062812
-0.60654527
0.09493317
-0.55899817
0.057566922
0.20074902
0.046599288
0.036845334
1.5466142
0.069068104
0.038764406
-0.42958316
0.02065216
-0.10596817
-0.4905563
-0.18302551
-0.5118285
-0.54261374
-0.55942535
-0.1048962
-0.5473504
-0.15644796
-0.20813005
-0.20452143
-0.2114101
-0.25343522
0.7691858
-0.22673485
-0.07178178
0.76835096
-0.07599904
0.1463951
0.1997178
0.20033692
0.28060466
0.9232551
0.2663589
0.24691859
-0.43208686
0.24697997
0.46068463
0.4334521
0.4970688
-0.0001648247
-1.611429
-0.024412286
-0.4367333
0.0031483695
-0.37326857
-0.101742126
-0.17839707
-0.08678801
-0.7907008
-0.8482108
-0.77227104
-0.056168705
-0.2752363
0.0063149445
-0.13728297
-0.108314104
-0.16176759
-0.31798637
-0.3094718
-0.36279455
-0.30280483
-0.25116953
-0.34348038
-0.32529
-0.39534208
-0.49074826
-0.26273352
-0.5201158
-0.41996056
-0.687229
-0.38634163
-0.906859
-0.6603638
0.05913259
-0.7020835
-0.15640575
-0.25357363
-0.1840645
-0.40285015
-0.1211294
-0.437398
-0.07426252
-0.026447471
-0.085119106
-0.11146581
1.2689389
-0.07830335
-0.045625553
-0.010107942
-0.055099253
0.5360979
-0.020201476
0.36401194
0.2704671
0.10767508
0.66348135
0.48386234
0.05610515
0.2718838
-0.44533923
-0.47117156
-0.46369496
-0.49957338
-0.32817504
-0.5250761
-0.41968918
-0.56941634
-0.44426695
-0.33912775
1.0124185
-0.21523894
-0.17505302
-1.9545264
-0.23120193
-0.09960086
-0.56498784
0.004172521
0.051251918
0.43323922
0.040062983
0.26025712
1.7860515
0.21785697
-0.08040544
0.38018575
-0.07267295
0.009907268
0.14095967
0.038228076
0.34929734
1.5847313
0.3420584
-0.18406518
0.090068206
-0.08709584
0.1007314
-1.4509389
-0.05050207
0.14890286
0.022535332
0.26670906
0.21427566
0.32165998
0.15242064
-0.057106297
0.02799897
-0.0177231
-0.045406062
1.6676066
-0.076380745
-0.05502368
-0.047065217
-0.01832871
-0.13479263
-0.2174749
-0.13583632
-0.21522532
-0.52728695
-0.20861645
-0.04028649
-0.22238025
-0.052389648
0.059301928
-0.57021016
0.083274685
-0.8811988
-0.19757044
-0.873625
0.60860866
1.7938032
0.6717199
-0.26513603
-0.41693258
-0.25877988
-0.48409402
-0.7749205
-0.5519987
-0.1513568
-0.8234768
-0.056934875
-0.14887168
-0.075775325
-0.15788355
-0.25058347
1.5460818
-0.24667415
-0.18957928
-0.15070581
-0.18170255
-0.8371724
0.39312837
-0.75864285
-0.16900249
-1.1412469
-0.40482652
-0.14840348
-0.389628
-0.16403012
-1.052069
0.119859286
-1.0036501
-0.14253494
0.28158867
-0.16972527
-0.552534
0.1666145
-0.5786732
-0.40092048
0.09316838
0.30435917
-0.3470486
-0.15246838
0.52567023
-0.39689365
0.05245072
0.28939995
0.19906494
0.19113344
0.13542673
0.25464562
1.5324672
0.24817036
0.12476926
0.42370066
0.1543634
-0.17851914
0.19445103
-0.1005658
0.061792564
-1.8563455
0.008943016
-0.048293307
-0.15116993
0.026370479
-0.0159743
0.14965235
-0.019304233
0.12947655
1.3594348
0.17511396
-0.09751617
0.11582968
-0.014706737
0.05666886
0.20650609
0.05623617
0.112332806
1.1578653
0.11110421
0.02917642
-0.04941341
0.06616388
0.31305683
0.2544132
0.40881985
0.23493384
1.4518688
0.18188193
0.3612864
0.655247
0.37178558
-0.100475855
0.31031266
-0.14400347
0.046988796
0.39577967
0.08418176
-0.10174811
-1.4156989
-0.16161178
-0.33302683
0.24810171
-0.32844064
-0.3385382
2.1156926
-0.24625447
-0.3873172
-0.23700203
-0.34330514
-0.13402997
-0.04198868
-0.14874583
-0.18029597
1.7299888
-0.17559305
-0.12524892
-0.19729502
-0.13582498
