-1.0445817
3.3097484
-0.013537943
2.6024013
2.74117
5.182172
3.4891865
3.6040595
-1.0975331
-3.2287152
-2.4920561
2.3434243
-0.31254125
3.495287
3.024234
-2.3928475
-4.0568805
7.188608
4.7087774
3.980944
-0.14427769
3.5710375
5.275205
-0.23992479
5.546249
-0.38611102
0.11681068
6.9655485
2.616449
-0.0022486448
3.0539527
3.9491627
3.3108528
6.9970226
2.7169206
5.0298495
3.6502774
3.7950268
-6.897463
-0.37212265
-0.012262762
3.3091486
6.339748
5.3102746
3.7750645
1.6716044
-0.49237597
7.298404
-1.062151
-0.9067881
4.459917
-1.2255602
-0.7221843
3.1132977
2.5719423
4.676338
-0.09546214
4.649785
3.5019941
4.953514
0.89851093
0.58704615
-1.0565654
-0.8989962
-1.0267017
-1.3518445
3.1526685
3.2558284
3.4472082
2.622555
-9.102689
-0.704344
2.6597538
10.5002365
2.5879765
2.7892866
-0.2895903
5.3014464
2.7526262
3.8086042
4.584673
2.8743045
4.6999087
4.2539673
-0.22139966
-5.2958894
2.738206
-3.2298403
4.904726
3.6429887
6.4528475
3.4963768
2.645509
-1.8014677
2.9466538
0.017763361
2.56901
0.3264618
-1.7468349
-2.640693
-2.4676874
-0.6591382
11.947462
3.0209053
1.1531667
1.4962027
4.689955
2.383398
-1.2121354
4.964337
-1.1051766
1.7427946
5.496667
5.643607
3.1818395
-0.34373474
2.45284
5.583389
13.413926
-3.8343406
0.014909819
3.6575675
2.952525
-0.7293806
4.8719745
1.8699282
-1.4557945
-4.7785854
4.96681
4.4214125
-1.9102018
-0.02723968
6.635297
-0.87009674
-6.1494775
-2.668339
-0.14457867
2.1293888
3.8085952
6.18902
5.979253
-0.0049459636
2.4448867
3.953916
3.761739
0.09405208
4.15041
4.836151
-1.0552559
-2.522492
5.6139793
-0.7167472
-0.44934356
-3.170752
-2.0306323
-2.6368876
-0.88733566
2.4314141
3.375626
2.8530695
-2.6862097
-5.160204
4.6771917
-3.997825
1.1608462
-0.5902568
-1.330618
-1.137021
-1.4985704
-3.1151931
1.5235782
3.5032337
1.4962426
4.6436267
2.8374295
1.4629185
-0.85767806
-1.0431443
3.6668313
-1.456167
-3.7604532
2.0531821
-0.3236174
3.0236993
-4.3780713
3.9274988
-0.2834835
4.526749
3.8992984
-0.79090905
-3.4686465
4.235923
3.2000482
-2.2401958
5.905102
16.70502
-1.8442578
-0.7032474
6.6149898
-0.00063222647
0.4289688
2.5768986
3.244382
-2.8372884
3.4835832
-4.3606296
-0.009022981
3.2986238
1.4166555
3.4603403
4.6315956
3.132065
2.3173242
-0.7969406
4.5978117
3.4935517
-1.8847125
0.6754105
-1.2874435
2.3176897
-0.96099585
-1.5828295
-3.1352458
5.425995
-0.9798322
-10.253196
2.4430356
5.2903123
3.282785
5.483409
-0.18579099
-1.867696
4.4691606
4.8571115
-3.690857
-7.393293
-0.65759474
2.238713
5.9530077
2.8877716
5.5330234
-0.58026206
3.2882433
-1.7623826
6.8990374
-1.083694
5.1466618
-0.7523954
7.7232714
6.195976
5.946205
3.995043
4.369733
0.33677316
5.094267
3.609482
4.082565
-0.8212632
-2.8626313
-0.01293847
-1.4920874
4.589177
-2.572436
4.343375
3.4446545
2.947082
4.079013
-2.788677
3.5402057
0.06185913
3.0693629
3.8406513
3.3893507
5.482786
4.445431
-3.1786819
3.6992695
-2.6318712
4.778548
4.8361206
4.836301
-0.60161173
-1.8903646
-2.0621982
-1.7725121
3.4127874
-1.2001097
2.3366723
5.2220635
3.0705938
-1.1244507
3.600988
-2.4733624
3.3347635
-3.6258504
-0.003989756
1.4080362
-2.5545316
2.8584087
1.6844754
3.5723982
4.2363544
3.9882696
1.9463844
4.635216
4.6384926
12.180063
-2.2619152
5.0044684
-1.7696857
1.9911327
-3.0051355
3.020521
3.4536097
5.1402483
5.9361477
-1.2655712
-10.039756
-0.29248643
-4.3355246
0.004515916
10.148493
-0.307868
2.7897465
-0.94313
-2.658099
-1.9615186
5.1686363
1.8229239
-0.06880343
-0.9668984
6.027204
5.132461
5.184708
-3.165902
5.1078744
2.7938704
-2.598019
-0.9856998
-0.82328767
5.1577053
-0.80862087
3.9878461
3.3180933
6.7078934
-1.4002856
0.33033085
-0.97997296
-5.674666
-0.033094764
6.3426414
2.529745
-1.3642644
3.3703775
1.8963867
-0.7491336
4.357114
4.4355445
3.4419615
2.3590527
3.062275
0.6367987
-5.252253
2.3800325
6.2625394
-6.414239
-4.45374
5.604577
0.5715239
3.4016366
-0.0066245496
8.529415
4.3400526
5.223254
2.8836565
3.8732924
-6.6119976
2.4475524
0.6814839
-1.1812901
-2.5418792
5.437805
4.2397213
3.960425
