-0.0
-0.0
-0.0
0.0
0.0
0.0
-0.0
0.0
-0.0
0.0
0.0
-0.0
0.0
0.0
0.0
-0.0
0.0
0.0
-0.0
0.0
0.0
0.0
0.0
0.0
-0.0
0.0
0.0
0.0
0.0
-0.0
0.0
0.0
-0.0
0.0
0.0
0.31653386
0.0
0.0
-0.33797774
0.0
0.0
-0.0
-0.0
0.0
-0.0
-0.0
0.0
-0.60218453
-0.0
-0.0
0.0
-0.0
0.0
-0.0
0.0
0.0
0.0
-0.0
-0.0
-0.8597459
-0.0
0.0
-0.0
0.0
0.0
-0.0
0.0
-0.0
0.0
0.0
0.0
0.0
-0.0
0.0
0.80337185
-1.1114593
-0.0
0.0
0.0
0.0
-0.0
0.0
0.0
0.0
0.0
0.0
0.0
-0.0
-0.0
-0.0
-0.0
-0.0
-0.0
-0.0
-0.0
-0.0
0.0
0.0
-0.0
0.0
0.0
-0.0
0.0
0.0
-1.4162112
-0.0
-0.0
-0.0
-0.0
-0.0
-0.0
0.0
-0.0
0.0
-0.0
0.0
0.0
-0.0
-0.0
0.0
-0.17855321
0.14618666
-0.0
-0.0
-0.0
-0.0
-0.0
0.0
-0.0
0.0
0.0
0.0
0.0
-0.095636666
0.0
0.26881263
-0.0
-0.0
-0.0
0.0
0.11981928
0.0
0.0
0.0
-0.0
0.0
0.53351516
-1.3621888
0.0
0.0
0.0
0.0
-0.0
-0.0
0.0
0.0
0.0
-0.0
-0.0
0.0
0.0
-0.0
-0.0
0.0
-0.0
-0.0
-1.1800131
-0.0
0.0
-0.0
0.0
-0.0
0.0
-0.0
-0.0
-0.0
0.0
0.0
-0.0
0.0
-0.0
-0.0
0.0
-0.31243145
-0.0
0.0
-0.0
-0.0
-0.26908872
-0.0
0.0
-0.0
0.0
0.84500194
0.0
0.0
0.0
-0.0
0.0
0.0
0.0
0.0
-0.0
-0.0
-0.0
-1.0975436
-0.0
0.0
-0.0
-0.0
1.18855
-0.0
0.0
-0.0
-0.0
-0.0
-0.0
-0.0
-0.0
-0.0
-0.0
-0.0
0.0
-0.0
-0.0
-0.0
-0.0
0.0
-0.0
0.0
-0.0
-0.0
-0.5326265
0.0
0.0
0.0
-0.0
0.0
-0.4630899
0.0
0.0
-0.0
-0.0
-0.0
-0.0
-0.0
-0.0
0.0
-0.0
-0.0
0.0
0.0
0.0
-0.0
0.0
-0.0
-0.0
-0.0
-0.20486023
-0.0
-0.30246913
-0.27557823
-0.0
-0.0
-0.28795847
-0.0
-0.0
-0.6058259
-0.0
-0.0
-0.0
-0.0
0.0
-0.0
0.0
-0.0
0.0
-0.0
0.0
0.0
-0.43607017
-0.0
-0.0
-0.0
0.0
-0.0
0.0
0.0
-0.0
0.0
0.0
0.0
-0.0
0.0
0.0
0.77719283
0.0
0.0
-0.0
-0.0
-0.0
-0.0
-0.0
-0.0
0.0
0.0
0.0
0.0
0.0
0.0
0.0
0.0
-0.0
0.0
0.0
-0.0
0.0
-0.0
0.0
-0.0
-0.0
-0.0
0.0
-0.90402985
0.0
-0.0
-0.0
0.0
-0.0
-0.0
-0.0
0.0
0.0
0.0
-0.0
-0.0
0.0
-0.37947404
0.0
0.0
-1.3394401
-0.0
0.0
0.0
0.0
0.0
-0.0
0.7764931
-0.0
0.0
0.0
-0.0
0.0
0.0
-0.0
0.42395222
-0.0
0.0
0.0
0.0
-0.0
-0.0
-0.80422145
-0.9188857
0.0
0.0
0.0
0.0
-0.7144589
-0.0
-0.0
-0.0
-0.0
0.0
-0.0
-0.0
1.1390815
-0.0
0.0
-0.0
-0.0
0.0
0.5465248
-0.0
-0.0
-0.0
-0.3378978
-1.1567956
-0.0
-0.0
0.0
-0.0
-0.0
0.0
0.0
-0.0
-0.0
-0.0
0.0
-0.0
-0.0
0.0
-0.0
0.0
-0.0
0.0
0.7993829
0.0
-1.5749029
-1.0498937
0.0
0.0
-0.9882804
0.0
1.5500307
-0.0
-0.0
0.0
-0.0
-0.0
-0.0
0.0
0.0
-0.0
0.0
0.0
0.0
1.4100484
0.0
0.0
-0.0
0.0
0.0
-0.0
-0.0
0.77239996
-0.0
0.0
0.0
-0.0
-0.6617885
0.0
-0.0
-0.0
-0.0
0.0
-0.0
0.0
1.4429612
0.0
-0.0
-0.0
-0.0
0.0
-1.2271831
-0.0
0.0
0.0
-0.0
-0.0
0.0
0.0
-0.0
-0.0
-0.0
0.0
-0.0
2.5571277
-0.0
-0.0
0.0
-0.0
0.0
-0.0
0.0
-0.0
0.0
0.0
-0.0
0.0
-0.0
0.0
0.0
-0.0
0.0
0.0
0.0
-0.0
-0.0
0.0
-0.0
0.0
-0.0
-0.0
0.0
0.0
0.0
0.0
-0.0
0.0
0.0
0.0
-0.0
0.0
-0.0
-0.0
0.0
-0.49703783
-0.0
0.0
-0.0
0.0
-0.0
-0.0
-0.0
-0.0
-0.0
0.0
-0.0
0.0
-0.50785744
0.0
0.0
0.0
-0.0
-0.0
-0.0
0.0
-0.29352823
-0.0
0.0
-0.6268585
0.0
0.0
0.0
0.0
0.7273317
-0.0
0.0
-0.0
0.0
-0.0
0.0
0.0
0.9202822
0.0
-0.0
0.0
-0.0
0.0
0.0
0.0
-0.0
-0.0
-0.0
-0.0
-0.0
0.0
0.0
-0.0
0.0
0.0
0.0
-0.0
0.0
0.0
-0.0
1.4525346
-0.0
0.0
-0.0
-0.0
-1.3141205
-0.0
0.0
-0.0
0.0
-0.0
0.0
0.0
-0.0
0.0
0.0
-0.0
0.69045305
-0.0
-0.0
-0.0
-0.0
-0.0
0.0
-0.0
0.6514219
-0.0
-0.0
-0.0
0.0
-0.0
-0.0
-0.0
-0.0
-0.0
0.0
0.0
-0.0
0.0
-0.0
-0.0
-2.420645
-0.0
-0.0
0.0
-0.0
-0.0
-0.0
0.0
-0.42975503
0.0
0.0
0.0
-0.0
-0.0
-0.0
0.0
0.0
0.0
-0.0
-0.0
0.0
0.0
-0.0
-0.0
-0.0
-0.0
0.0
-0.24284837
0.0
-0.0
0.2791742
0.0
0.0
-0.0
0.0
0.0
-0.0
-0.0
0.0
-0.61297196
0.0
-0.0
-0.0
-0.0
0.0
0.0
-0.0
0.0
0.0
0.0
-0.0
-0.2505631
-0.0
-0.0
-0.0
-0.34031802
0.0
0.0
-0.0
-0.0
-0.30116114
-0.0
0.0
0.0
0.0
-0.0
1.0341859
0.24061334
-0.0
-0.68499887
-0.0
-0.74191207
-0.0
-0.0
0.0
0.0
0.0
0.0
0.0
0.0
-0.0
0.0
0.0
-0.0
-0.0
-0.0
-0.0
-0.0
0.0
-0.0
-0.0
-0.0
-0.0
-0.0
-0.0
-0.0
-0.3422992
-0.0
-0.0
0.5214967
-0.0
0.0
0.0
-0.0
-0.0
0.0
0.0
0.0
-0.0
-0.0
-0.0
0.0
-0.34573948
0.0
0.0
0.0
-0.0
0.0
-0.0
0.0
0.0
0.0
-0.0
0.0
-0.0
0.5929295
0.0
0.0
-0.0
0.0
-0.27079713
0.0
0.37035543
-0.0
-0.0
0.0
0.0
0.0
-0.0
0.2086568
-0.0
0.0
0.0
-0.0
-0.0
0.0
-0.0
-0.0
-0.0
0.0
-0.0
-0.0
0.0
0.0
0.0
0.0
-0.0
-0.0
-0.4900175
-0.0
-0.0
-0.0
-0.0
0.0
0.0
0.0
0.0
1.5625652
-0.0
-0.0
-0.0
-0.5508082
-0.0
-0.0
-0.0
-0.0
0.0
0.0
0.0
0.0
0.0
-0.0
-0.0
-0.0
-0.0
-0.0
-0.0
-0.0
-0.0
1.35801
0.0
-1.0246487
0.0
0.0
0.0
0.0
0.0
-0.0
0.0
-0.0
0.0
0.0
-0.0
-0.0
0.0
0.0
-0.0
0.0
-0.0
0.0
-0.0
-0.0
-0.0
-0.0
0.0
0.0
-0.0
-0.0
0.0
0.0
0.0
0.0
0.0
0.0
0.0
-0.0
0.0
0.0
0.0
-0.0
-0.0
0.0
-0.0
-0.0
0.0
-0.0
0.0
0.0
0.0
0.0
0.0
-0.0
0.0
-0.5889994
0.0
-0.0
-0.0
0.0
0.0
-0.0
-0.0
-0.0
0.0
0.0
-0.0
-0.0
-0.0
0.0
0.0
-0.0
-0.0
-0.0
-0.0
-0.0
0.0
0.0
-0.0
0.24556546
-0.0
-0.0
0.0
0.2906154
0.0
-0.0
0.0
0.0
0.3169456
0.0
-0.0
-0.0
-0.0
0.9245024
-0.0
-0.0
0.0
-0.0
0.0
-0.0
-0.0
-0.0
-0.0
1.1941284
-0.0
0.0
-2.5108244
0.0
-0.0
-0.0
-0.0
-0.0
-0.0
-0.0
-0.0
0.0
0.0
0.0
-0.87464243
0.30247828
-0.0
-0.6914935
-0.0
-0.71879774
0.0
-0.0
0.0
-0.0
0.0
0.0
-0.0
0.0
0.0
-0.0
0.0
-0.0
0.0
-0.0
0.0
-0.0
0.0
0.0
-0.0
-0.0
0.0
-0.0
-0.0
0.0
-1.0202469
0.0
-0.0
0.0
-0.0
-0.0
0.0
-0.0
-0.91042626
0.0
0.0
-0.0
-0.0
-0.0
0.0
-0.0
-0.0
0.0
0.0
0.0
0.0
-0.0
-0.0
0.0
0.0
0.0
-0.0
-3.535094
-0.0
0.0
2.5640814
0.0
-0.0
0.0
-0.0
0.0
-0.0
-0.0
-0.0
-0.0
0.4013818
-0.0
-0.0
0.0
-0.0
-0.0
0.0
0.0
-0.5742098
0.0
0.0
0.0
0.0
-0.0
-0.0
-0.0
-0.8622379
0.0
-0.0
0.19742312
-0.0
-0.0
-0.3407432
0.0
-0.0
0.0
0.0
0.0
-0.0
-0.0
0.0
-0.0
0.0
-0.0
0.0
-3.1218414
0.0
-0.0
3.1506543
0.0
0.0
0.0
0.0
-0.0
0.0
0.0
0.0
-0.0
0.0
-0.0
-0.0
0.0
0.0
-0.0
-0.0
-0.0
0.0
-0.0
0.0
-0.0
0.0
-0.0
-0.0
0.0
0.0
0.0
0.0
-0.0
-0.0
0.0
-0.0
-0.0
-0.0
-0.0
-0.0
0.0
-0.0
-0.0
-0.0
0.0
0.0
0.0
0.0
-0.0
0.0
0.0
0.0
0.0
0.0
0.0
0.0
0.0
0.0
-0.0
0.0
0.0
0.0
-0.0
0.0
0.0
-0.0
0.0
-0.0
-0.0
0.0
0.0
0.0
-0.0
0.0
-0.22472695
0.0
-0.67038083
0.0
-0.0
-0.0
0.0
0.76569873
0.21157496
0.0
-0.0
-0.0
0.0
-0.0
-0.0
0.0
-0.0
0.0
-0.0
0.0
-0.0
-0.0
-1.5661675
-0.0
0.0
-0.0
-0.0
0.0
-0.0
-0.0
0.0
-0.0
0.0
0.0
-0.0
0.0
0.0
0.0
0.8273874
0.0
0.0
-0.0
-0.0
-0.0
-0.0
-0.0
0.0
-0.0
0.0
-0.0
0.0
-0.0
0.0
-0.0
0.0
-0.0
0.0
1.3824526
0.0
