4.4837866
-0.7633859
-1.3282275
1.3207302
2.0503821
-0.23129968
2.8540108
-0.8409367
-3.3623407
2.4086552
3.0988188
2.332234
2.7868354
4.4485073
1.3853364
-0.20792034
4.1347375
-1.8462356
4.0709953
1.7564291
6.687396
2.161821
-2.3021774
1.7615471
0.007193893
-3.5344732
-2.5657449
-4.793547
-3.5531871
-2.0337176
-7.751506
0.6020726
-5.104657
-4.343369
-3.4228888
-3.3902018
-2.6295624
-0.57610214
-5.0204535
-1.7328945
-1.9098771
1.2753083
-1.6055053
-4.150965
3.5045974
2.8931065
0.031814486
0.0005078316
-6.599427
-5.569236
-0.4731071
-4.5522804
1.0628643
-2.2473607
-3.9844718
0.5254452
3.379785
1.4858787
7.1909556
4.2284846
5.735713
2.42986
-5.1674757
-1.6274515
-2.3562624
0.76281345
0.8588323
-4.1697316
-1.669333
2.2329419
-2.8697286
2.443967
-8.6881
5.071346
1.5696068
-6.85526
8.44567
1.5903276
0.3422688
-10.022681
-0.8307526
-2.0297422
0.98747706
3.2060852
-10.547949
1.895021
-2.8337197
-0.8384135
1.0623535
-3.6337423
0.5184195
-1.5143895
5.705559
-1.1611575
-1.4016151
2.589251
2.2451568
-4.8206
2.9103832
-0.29787338
-3.1320004
-2.7349436
0.33121687
-4.308077
-4.301975
0.6612069
-7.049554
2.15112
3.712169
1.4721837
0.07172404
0.12048316
-8.475568
1.4357631
1.2693537
-0.70269716
-8.062105
0.3104049
-1.4894931
-0.3281042
1.7187353
-1.4407494
-2.9931998
-4.9616785
-2.5739832
-5.6371126
-0.41713792
-0.94033235
0.4948072
-3.746037
1.0832541
2.4460745
1.2400821
1.2532405
1.2907071
-6.4020143
2.0438209
-0.26640707
-0.81996465
-6.051056
-2.0678809
5.9886065
-6.303085
1.2440257
-0.35158706
-2.852709
-1.8979334
2.4128108
-0.6574658
-0.9035621
3.9380271
-2.0302167
1.4867697
1.1619413
3.5225935
5.53792
-1.7098627
-2.5824676
-0.83245564
-1.6904967
-3.8461313
-0.09387934
-5.0695343
1.6821593
-3.0686777
-6.6905155
2.9321191
-1.1240015
-4.0507727
0.82776034
2.1501894
2.7343285
-6.4364448
3.9027297
-3.7926698
2.6536252
-4.4639955
0.79904866
-0.8736701
2.9484198
2.1677425
0.35412103
-4.87168
-3.8868651
-3.792276
-3.708531
-0.9920045
0.6009628
5.378742
1.7885271
3.7286673
3.062007
-2.4862669
1.0886364
-4.099435
-3.0045743
-4.9363704
-1.3735286
2.5241385
2.6990979
-6.2823777
-5.622164
-2.9242961
-5.8130426
-0.65556526
0.8985579
-1.2149572
-0.8739711
-1.2737015
2.7599013
-4.312843
-4.9744062
4.007962
3.9748325
-2.2881098
-8.674117
-1.389643
-0.6818177
2.4473677
-1.8936014
-0.7189046
-1.5923327
-2.3755999
-1.718558
0.6489081
4.0852284
-1.613635
-4.731996
-5.776648
-1.3891984
2.7139077
0.39299387
1.8680826
4.2958736
-1.236814
-0.99846846
-3.7399166
-0.95129436
3.6671174
1.6642958
0.15960726
-0.7801851
-0.6114055
-1.801153
2.5538034
-0.97483623
-0.08378075
-0.5166929
5.6935635
-1.050927
-4.3337536
-5.323892
-0.9802418
1.7402833
5.632305
-0.6947069
-3.8396518
-0.24039762
1.2796897
-1.3805856
7.6740503
-3.4406862
-6.622276
-1.8794137
0.9097661
3.4971647
-0.745446
3.6043658
-1.0103406
-0.9714533
0.087910414
-3.6122632
-3.3323357
-5.557686
-0.72498965
-2.9650202
0.5372498
1.6698816
-3.4952364
-4.2685366
-0.6718758
2.7018285
1.3565774
1.8108704
2.0555253
1.2187116
-4.518416
-3.5350938
1.9820274
1.0942906
2.8802042
0.28231072
-4.826162
-8.189916
-2.077594
-1.3750696
4.31063
-3.0746005
3.2689667
-1.5604085
2.4193535
-1.1195002
-2.9083543
-3.56324
-2.8468723
-2.232306
-1.0733432
-3.7347527
-6.158225
3.778632
-0.614601
0.45654798
-3.8349621
2.540756
-0.58495986
-4.8416247
-0.58833045
-3.2574205
2.598655
-6.8371744
-0.5369816
1.1029603
4.354175
2.4230795
-0.46795094
-4.1847544
-2.8810227
3.0853164
7.1288333
-7.0587463
-3.6390567
-2.1298687
5.4244876
-1.7204907
-11.37772
-2.3056517
2.8414845
-3.537161
-3.3404596
-1.6892467
0.0998593
-3.344187
-4.7724934
-1.2983825
3.6305125
-3.1013076
-2.5975347
-2.1032639
-0.7894636
-1.0936382
-3.0786033
1.9931399
-7.645186
-8.721036
3.3754773
-2.8601432
-7.115389
-3.1497743
1.2178459
-4.5515647
-1.497179
4.9212174
-4.8778954
-6.5466733
-1.7790586
-4.98176
-5.1262155
-4.28846
0.84987724
-3.4061284
-2.201049
4.269394
-2.8513372
-8.534733
2.9275584
0.3245538
-0.24987394
4.214326
-6.773444
-3.1896286
-5.0991397
2.7827623
-0.7277634
-2.8001118
