-0.23678274
-0.32974967
-0.34865016
-0.47425658
2.266764
-0.11666395
-0.22657159
-0.26456836
-0.328941
-0.020887237
-0.16860552
-0.025560223
-0.19141665
-0.5339338
-0.33002624
-0.07282948
-0.35390353
-0.11879028
0.17324221
-0.12779027
0.029392874
-0.09648282
1.7290952
0.16108464
0.0632434
0.26281175
0.0017546224
-0.3610928
-0.25993586
-0.4065167
-0.14178878
-0.42335406
-0.24243173
-0.5705022
-0.13625382
-0.67257977
0.1297041
0.38912275
0.19976093
0.26370445
-2.0920875
0.046892136
0.17648853
-0.15999652
0.22404662
-0.0017413775
0.75066334
0.09295659
0.3312667
0.8204731
0.4364003
0.08371115
-0.5205569
-0.032952867
-0.029751576
-0.28776047
-0.04800074
-0.29925045
-0.6689262
-0.41178104
-0.14221281
-0.55181634
-0.18667302
-0.06153821
-0.18750587
-0.105965264
-0.21066746
-0.54458797
-0.26451173
-0.16486067
-0.32538107
-0.19509354
-0.33791792
-0.06764239
-0.34030402
-0.20945694
-0.26934662
-0.25609115
-0.35229915
-0.19340281
-0.42030254
0.21111512
-0.63128495
0.17041408
-0.8183291
-2.859481
-1.1842157
-0.15021324
-0.81649435
-0.21870683
-0.35566932
-0.9524099
-0.37757304
-0.61877316
-1.0291984
-0.7355114
-0.4166727
-0.74733937
-0.47980827
-0.05102754
0.13262986
-0.0106882015
0.014833153
-1.1701174
-0.13413988
-0.044599794
-0.10492563
-0.024708912
-0.081773736
-1.3921889
-0.20510818
-0.12969097
0.6051701
-0.06631963
-0.042303484
0.96777195
0.040793985
0.3799561
-0.020164486
0.40150514
0.049729615
5.5229435
0.5699579
0.41033173
0.5843061
0.32874498
0.0994043
0.033590496
0.1401056
0.16713178
1.0710689
0.3203885
0.036718506
0.3373838
0.118387416
-0.12752996
-0.08754938
-0.1377153
-0.28654078
-0.39121974
-0.35727218
-0.16727972
-0.28648338
-0.23642921
-0.055469356
-0.86056745
-0.1687382
-0.6523128
-1.640279
-0.6341292
0.029172484
-1.4727815
-0.22254229
0.06708312
-0.06694508
0.040854037
0.010115186
1.0990247
0.19374117
0.025684638
0.22127132
0.027410835
0.16508348
-0.096966766
0.021607023
0.062089335
1.710162
0.38349414
0.062482003
0.32476276
-0.013347536
-0.033577498
-0.1252829
0.034739126
-0.23841268
-0.97635823
-0.41562515
-0.049715098
-0.31462255
-0.07670451
-0.6365872
-0.09695763
-0.6815508
-0.1505873
-0.12140712
-0.27149054
-0.39150682
-0.07497355
-0.4238287
-0.033182543
-0.16762112
-0.039049666
-0.22215009
-0.32811773
-0.26527426
-0.11907841
-0.31646883
-0.16292074
-0.089881405
-0.26783946
-0.1369748
-0.22804765
-0.46100175
-0.2666774
-0.06967833
-0.17222619
-0.0975209
0.12499502
0.9783205
0.2708603
0.09690334
-0.052192144
0.08745233
-0.15752456
-0.34703016
-0.24815297
-0.14829452
-0.18618652
-0.22560428
-0.22916363
-0.39205515
-0.3236257
-0.22821675
-0.34127063
-0.29173028
-0.5684783
0.9856591
0.6496194
0.1636374
0.48961803
0.103024095
-0.76956534
0.84865826
0.4955272
0.059294723
0.15916753
0.032486636
0.14141615
1.117761
0.27926064
0.09782133
0.27167216
0.1302145
0.08550419
-0.009672794
0.06264937
0.078231625
1.055308
0.26228255
0.14370495
0.36526936
0.17622156
-0.32052267
-0.37239456
-0.3813561
-0.40753874
-0.2967171
-0.4692374
-0.4673332
-0.36325467
-0.58656806
0.20569791
0.15434107
0.18276078
-0.023115138
1.1622523
0.25650394
0.36245105
0.10601702
0.30511713
-0.36344326
1.4319541
0.82611245
0.17430688
3.4066987
1.2340039
-0.8706842
-1.3576548
-0.74072176
-0.03700277
-0.020405484
-0.066262774
-0.19220343
-0.30555558
-0.2433714
-0.22916406
-0.25746742
-0.29646084
0.22531101
0.5831341
0.29647586
0.2782072
1.9652756
0.49328256
0.69575304
0.4362719
0.72815984
-0.002061752
0.03904598
-0.020280495
-0.04493723
1.1246063
0.15788567
0.54780555
0.3128062
0.52431154
-0.046510197
0.2960899
0.0016727663
0.12248606
1.0795629
0.31476197
0.14912048
0.17983894
0.2129213
-0.1120405
-0.185707
-0.13177268
-0.24912204
-0.4046145
-0.37394503
-0.12940624
-0.25875816
-0.17802949
-0.4629948
-0.50569576
-0.5205266
0.2391134
-0.21959502
0.20001107
0.2934391
1.4131788
0.4315682
0.01747755
-0.19441557
-0.018643087
-0.17771737
1.59205
-0.012615584
-0.0087925205
-0.011832886
-0.053706046
-0.7369482
-0.08076276
0.63027567
-0.07214512
-0.08619299
0.019956453
-1.033828
-0.08983659
0.6420876
0.3452663
0.062143896
0.32364705
0.15605593
0.31993997
0.31546083
0.33491626
0.5644129
0.41702586
0.053156286
-0.2045206
0.029358856
-0.14552736
1.6743594
0.1439366
0.020431567
0.049992245
-0.0036248912
-0.18510355
-0.6235249
-0.24697639
-0.3074167
-0.9928505
-0.55383086
-0.31975806
-0.5277099
-0.42686325
-0.258395
-0.19417812
-0.3090294
-0.21296878
-0.26087758
-0.3363366
-0.40020862
-0.20390281
-0.5217749
0.15692976
0.3089068
0.20334671
0.48455232
0.59143585
0.5925446
0.15681157
0.3598579
0.1535149
0.28656018
0.24085437
0.38763154
0.5146751
-2.6485806
0.2622917
0.3352042
-0.21564434
0.34898716
0.10201524
0.37808868
0.17477751
0.021466948
0.15451294
0.022034343
-0.5501593
-0.51807815
-0.6121267
0.52220744
0.97837126
0.5894941
-0.2845037
0.28567678
-0.333648
0.33809882
1.17556
0.5861002
-0.12284598
-0.6518636
-0.16135347
0.3194749
-1.2879986
0.15467617
0.5556355
0.69340867
0.7180186
-0.006660358
-0.3637336
-0.09445106
0.06412241
1.0705334
0.20105211
0.53499794
0.5788061
0.66181606
0.27426606
0.46323732
0.43162918
0.7113979
0.23704298
0.77777606
0.65322304
0.45974296
0.9008872
0.028827228
0.57082963
0.13446835
0.035084922
-0.7735816
-0.042360026
-0.09966984
-0.6228811
-0.21461505
-0.02693921
-0.27976766
-0.11251234
-0.19015223
1.800506
0.028277619
0.0092533585
0.08294889
-0.061208703
-0.1833191
-0.120646015
-0.15740238
-0.057101496
-1.010053
-0.25577956
-0.1609609
-0.12669314
-0.14510854
-0.1768036
-0.36285636
-0.27194172
-0.2776181
-0.22033499
-0.319188
-0.30352363
-0.35432646
-0.4222658
0.25494963
0.2422511
0.2971943
0.30820847
0.08171995
0.29231307
0.2912294
0.36244625
0.34139082
0.14479789
0.17139247
0.042592116
0.17287049
1.4497439
0.38111433
0.15993753
0.39756164
0.13371955
-0.11105747
0.41984615
-0.03928158
-0.054109216
0.054562878
-0.11888798
-0.5071766
-0.5369506
-0.48617658
-0.3704387
-0.21433032
-0.37520632
-0.3305028
-0.21209449
-0.35876396
-0.470153
-0.31134248
-0.60589546
-0.04034524
-0.2350509
-0.030819569
-0.17708947
-0.4154034
-0.2320191
-0.10085284
-0.39509627
-0.15246135
-0.64456266
0.087013334
-0.62911624
0.15695453
0.35644397
0.11575761
-0.6276369
0.061653983
-0.65920407
-0.6989745
-0.45706087
-0.69393015
-0.58175147
-0.48780006
-0.60620975
-0.2777739
-0.53214425
-0.30694747
0.31055605
0.4175832
0.48779997
0.5090598
1.0724175
0.61427367
0.35827968
0.28708717
0.39956927
-0.15164785
-0.4234841
-0.27978453
-0.4098516
-0.12436961
-0.44082725
-0.21675047
-0.35881925
-0.3113275
0.10805416
0.22709376
0.1601301
0.18568516
-2.200542
-0.035868272
0.20132223
-0.0908092
0.26661193
0.24418297
0.24633072
0.23808432
0.27072665
0.3975302
0.4656574
0.11292983
0.5665134
0.16150738
-0.34393784
-0.21033144
-0.38094106
-0.18966568
-0.054206513
-0.18092634
-0.25928435
-0.19544987
-0.28446612
-0.012611906
-0.0763912
-0.06359297
-0.04504401
1.243894
0.091212265
-0.02575468
0.09805823
-0.036744107
-0.1724482
-0.2871268
-0.21539733
-0.20382084
-0.28694397
-0.27923775
-0.1214366
-0.2304154
-0.13148323
-0.039378945
-0.5542357
-0.09623472
0.14129159
-0.51297307
0.09583678
0.37632167
0.7008354
0.51408774
-0.16118439
-0.19858462
-0.15446123
-0.21395205
-0.16926526
-0.2631793
-0.15736271
-0.24986534
-0.17058946
-0.058141824
-0.39307564
-0.09164384
-0.32685745
-0.35512194
-0.3981383
-0.08487105
-0.1825632
-0.1300335
0.13231106
0.0654324
0.06608536
-0.046076525
0.93588394
0.24543004
0.12074062
0.2994483
0.09720506
0.04425939
-0.2683617
-0.058422484
-0.05763137
0.85687035
0.18648268
0.25248694
0.4733907
0.30844894
-0.2638824
-0.3838447
-0.22363569
-0.5679966
-0.2456615
-0.615666
-0.05828522
-0.63787955
-0.0749037
0.1073649
0.2051974
0.15986188
0.21802436
-1.8615646
0.008991575
0.19399634
-0.077535585
0.21515928
0.3065242
0.5456818
0.32395598
0.5544984
0.32020363
0.5803109
0.27506557
0.397126
0.36325705
-0.35365242
-0.28440255
-0.45067346
-0.3226318
0.07430234
-0.22632742
-0.50431
-0.18018144
-0.55760527
-0.30661303
-0.1247796
-0.39045408
-0.15132216
-0.36443165
-0.20360647
-0.5160787
-0.3682253
-0.6484952
0.18438232
0.48397228
0.062314674
0.20953715
1.2155938
0.48249286
0.10169872
0.83934844
0.14279038
-0.6517529
-0.0064154477
-0.59544337
-0.14411913
1.8437439
0.5231167
-0.062041175
0.07018546
-0.027875025
0.063208885
0.011742295
0.0729374
0.005848623
1.603107
0.33691987
0.115132965
0.40324435
0.13921702
-0.042244744
-0.082104474
-0.062264733
-0.093902245
1.2826555
0.05670173
-0.07035939
0.04603802
-0.08225582
0.054249134
0.3396539
0.9023861
-0.62329423
-0.18076313
1.3673773
-0.3736711
0.15306059
0.8026132
-1.101561
-0.21989375
-1.3478976
0.05816508
2.8408866
0.15449964
-0.40318924
0.7549432
-0.6411834
0.41095188
0.7702361
0.58060944
0.39090806
0.19321045
0.47851378
-0.07039799
-0.35441798
-0.184348
0.0005285565
-0.21657175
-0.0595545
-0.23576775
1.9015226
0.05526712
-0.06134658
0.039390717
-0.087002866
-0.23654573
-0.08911315
-0.21971071
-0.23117171
-0.283367
-0.32631794
-0.11605373
-0.18976723
-0.13251194
-0.17304106
-0.35116312
-0.26832768
-0.12101333
-0.60021603
-0.1761018
-0.5581123
0.026262235
-0.5405474
0.08987272
0.70221263
0.14504468
-0.12914516
0.68821
-0.067738354
-0.28157914
-0.7163246
-0.3688884
0.053004023
0.24741817
0.068043105
0.078620225
1.6612555
0.31562954
0.004944395
0.14282057
-0.019564591
0.06590913
-0.2174666
0.05579078
0.03333396
1.6344168
0.23290065
0.10711849
0.103570506
0.07249992
-0.31133762
-0.06742783
-0.33779636
-0.16111149
-0.53716403
-0.24651636
-0.39710447
-0.18388331
-0.38107818
0.123648524
-0.13502833
-0.42172155
0.044449367
0.057388723
-0.14879726
0.20233712
-0.20423041
-0.5548763
0.042961296
-0.058325678
0.037277244
0.33745223
0.98132694
0.50072694
0.13768794
0.24166927
0.14367071
-0.06937041
-0.13255557
-0.09191625
-0.24033509
-0.5101799
-0.30579844
-0.17205429
-0.3412294
-0.22529268
0.13755529
1.6003709
0.29304406
0.38347346
-0.037104167
0.42754516
0.41195902
-0.9596075
0.3031025
0.010424236
0.01683597
0.0074039493
-0.028086336
-2.2510636
-0.23812099
-0.03517879
-0.29298928
-0.06689447
0.5696872
1.0492157
0.7189539
0.9809279
1.4056745
1.3097486
-0.86348134
0.6588445
-1.0382968
0.021491667
0.4035229
0.037839584
0.21004024
1.3584054
0.4819807
0.22754464
-0.16509195
0.18492155
0.2991287
1.3423692
0.4689376
0.44413155
0.75348634
0.52920073
0.33532646
-0.8460028
0.27597302
-0.21963492
-0.42881736
-0.24989931
-0.32752988
-0.59180254
-0.42448837
-0.32646245
-0.4823251
-0.41926244
-0.18275993
-0.30848482
-0.21143466
-0.23654234
-0.408651
-0.28762564
-0.149083
-0.24575259
-0.1981392
0.05725935
0.1369444
0.0073951595
0.10621132
0.96606725
0.32373047
0.15941635
0.27795336
0.1637882
-0.06611338
-0.080930136
-0.08121744
-0.1784407
-0.45168206
-0.24813947
-0.034177274
-0.22046566
-0.02826476
0.0432614
0.5262723
0.1383017
0.43943706
0.6795977
0.52583134
0.18445933
0.5305053
0.27411056
0.76780164
0.3149877
0.77440137
0.24848244
0.4131408
0.39316785
0.57661945
0.31480813
0.6417051
-0.08002844
-0.22393225
-0.10997553
-0.35327473
-0.33915535
-0.38272944
-0.115417674
-0.36387235
-0.16676413
0.0122940205
0.4770677
0.08411468
-0.055127013
-0.6024341
-0.17869411
-0.24385549
-0.43891773
-0.2858039
-0.04010611
-0.09235848
-0.11849695
0.10004637
1.149468
0.23295309
0.15220213
0.4242693
0.14772013
-0.48584443
-0.045420356
-0.48582172
-0.21392474
-0.3511748
-0.26959777
-0.6057786
-0.17513801
-0.6770342
0.22158578
-0.5378981
0.2680272
0.28185722
-1.5421635
0.12786622
0.6023283
0.19865686
0.752602
-0.07867921
-0.25431207
-0.1432983
-0.26978436
1.8016537
-0.032874558
-0.12340397
-0.040437564
-0.16526285
0.09919327
0.18794228
0.12225452
0.27942133
0.7209577
0.38313988
0.03383951
0.3433444
0.044216767
0.16561176
0.36964965
0.19999164
-0.06675085
0.65178484
-0.013683747
0.24112812
0.63380975
0.35871822
-0.4003638
-0.22831483
-0.4852469
-0.38228035
-0.42408925
-0.46971142
-0.37949172
-0.42002785
-0.3911085
-1.2855345
-0.34553826
-1.4641325
1.8125467
0.99635243
2.1909046
0.2954542
-0.09945317
0.32143795
0.47527042
0.08378818
0.45119518
0.2079694
0.92685145
0.39240155
0.41838795
0.45598036
0.48254344
-0.17244734
-0.22961202
-0.26589906
-0.22797509
-0.1563494
-0.25727046
-0.20936169
-0.25873205
-0.31307048
0.449623
0.89803255
0.6419541
-0.023676049
-0.8692845
-0.079111315
0.08886634
-0.673802
0.04224518
-0.070313945
0.2938331
-0.024976254
0.21178319
0.86507314
0.39999497
0.04417305
0.28472716
0.08952392
0.1397091
0.09922348
0.18989159
0.16468328
0.57652014
0.23531325
0.15389837
0.269036
0.28061414
0.30063152
-0.051684234
0.1986732
0.081399895
0.825743
0.19604804
0.60816795
1.0500112
0.69437635
-0.07119127
-0.29982576
-0.11292984
0.00880034
1.8631212
0.29904965
-0.04763943
0.5191008
0.039354503
-0.12803112
-0.25328583
-0.14456128
-0.22143792
-0.64059603
-0.30099168
-0.19306765
-0.23043463
-0.22675528
-0.1430731
-0.17044951
-0.16954961
-0.011377868
1.2160896
0.30891538
0.039553516
0.31730747
0.06764846
0.0014204645
-0.01953843
-0.026188979
0.39791387
1.4145306
0.57039034
0.19891441
0.3966603
0.25467274
0.6594471
0.24486277
0.6922835
0.20680569
-0.82538474
0.12473339
0.6322017
0.10641461
0.73499537
0.007843029
0.9351331
0.11657712
-0.040961288
0.3994954
0.04008048
-0.27925327
-0.711127
-0.3551682
-0.29161793
-0.3564676
-0.27395338
-0.39748365
-0.44252744
-0.48670927
-0.1886917
-0.42786425
-0.26380232
0.3040911
0.26973638
0.15267617
0.23087393
3.609388
0.41234583
0.22827475
0.57079357
0.10545535
-0.8765168
-0.6415615
1.0372839
-1.1551975
-0.10158347
1.7119882
-1.1631937
-0.6452003
1.1268954
0.38876152
0.90429604
0.48865387
0.08022185
-1.156606
-0.064468116
0.17323568
-0.7470696
0.03930215
0.04595844
0.7718304
0.029379636
0.041439027
1.4510113
0.18644159
-0.69728816
-0.210535
-0.7783698
-0.3828416
0.12842521
-0.4456978
-0.14375746
-0.018013539
-0.13560729
-0.302112
0.14009008
-0.32569158
-0.080984674
-0.40096024
-0.18790531
-0.44356558
-0.5359684
-0.5197435
-0.071494356
-0.5937352
-0.17847049
-0.074040696
-0.3326312
-0.08585167
-0.33085856
-0.22341442
-0.34980744
-0.20752928
-0.3363673
-0.2766374
0.015652293
0.5535127
0.1119646
0.36102217
-2.7349563
-0.06694098
0.015564686
-0.19141461
-0.025028994
-0.12602039
-0.2254398
-0.15865837
-0.24814273
-0.2714614
-0.27482978
-0.12195189
-0.32683405
-0.15416284
-0.09014329
-0.15310588
-0.09099883
-0.16547327
-0.33779308
-0.24880789
-0.29804382
-0.25681072
-0.3201017
-0.38683748
0.011981284
-0.4434356
-0.07650017
0.71913624
0.015629709
0.10916816
1.1129527
0.32465515
-0.34232372
-0.27361497
-0.37095746
-0.3703062
-0.2017357
-0.4631265
-0.33337694
-0.3495841
-0.43050486
-0.10879918
-0.6864055
-0.28577405
-0.7159341
2.844254
-0.37882975
-0.34034687
-0.14495185
-0.43799332
0.34958968
0.013281893
0.33452392
0.14427173
1.059587
0.27140006
0.2896489
0.32499278
0.38380843
-1.1508508
-0.5807659
0.5289279
-1.2536966
0.21887964
1.1233479
-1.8062931
-0.10473786
0.8470667
-0.0103462115
-0.19917926
-0.010554879
-0.14151089
-0.39955112
-0.20230712
-0.044009235
-0.25136533
-0.04967399
-0.02828329
-0.08334793
-0.052614253
0.053950127
1.0013465
0.23290814
0.07225023
0.20475474
0.06422409
-0.24878849
-0.0349833
-0.26962906
-0.15115288
-0.50492996
-0.23047744
-0.19336522
-0.21728706
-0.21944354
-0.38202786
-0.3806494
-0.51284397
-0.18302241
-0.13981277
-0.26715803
-0.70918363
-0.18053903
-0.7352651
0.6387626
-0.044394165
0.59207624
0.09680458
0.6309334
0.22037159
0.7281683
0.32373965
0.96308076
-0.68929446
-0.36250716
-0.77607346
-0.07496527
0.23479404
-0.08808164
0.60751563
0.646839
0.7307952
-0.029258233
-0.02401895
-0.034400642
-0.006342893
-1.5375603
-0.041672062
-0.035540137
-0.024778822
-0.025316544
-0.08353593
0.15482934
-0.025342068
0.34624127
0.7332745
0.46296436
0.26921368
0.35541898
0.34808272
0.29582894
0.25140747
0.332894
0.21594995
0.22672167
0.37268826
0.7977259
-0.4310329
0.8104022
-0.26472396
0.074545264
-0.17698841
0.066924915
-3.4342582
-0.39787817
-0.030451294
-0.53121406
-0.07873873
-0.46344876
-0.039473552
-0.414577
-0.14612561
-0.7386913
-0.28224543
-0.1584275
-0.39299685
-0.15931888
-0.539258
-0.24400473
-0.47508836
-0.18992776
-0.21943119
-0.27367705
-0.52690715
-0.24135944
-0.591153
0.09280373
0.15018474
0.07885878
0.017569868
1.1273568
0.2228505
0.04205888
0.17973676
0.0044776346
-0.035867587
-0.044507083
-0.06984926
0.05317216
1.1505336
0.2580337
0.08408109
0.18622959
0.083389096
0.034881372
-0.26586705
-0.028389486
-0.17174625
1.5581906
0.048653197
-0.055662017
0.08704973
-0.05632159
-0.044799317
0.07242528
-0.09044999
0.10792434
-0.021319386
0.09033575
0.56673086
0.8092789
0.7068845
-0.21440168
-0.13159055
-0.37713018
0.041287668
1.2790515
0.38761595
0.8605839
0.11083168
1.1017396
-0.031021979
0.24784124
0.00969849
0.33720633
0.69572455
0.36262575
-0.027735962
0.6156509
0.08604177
-0.03854155
0.23990382
0.020671265
0.35806078
0.6300416
0.47006968
0.023725724
0.34753036
0.04086045
-0.2069469
-0.20839861
-0.19866315
-0.018831149
-1.0154676
-0.20256542
0.19304872
0.18565589
0.32045254
-0.22578189
-0.26683256
-0.22779319
-0.22525428
-0.2797879
-0.27674374
-0.3352663
-0.30332342
-0.32641724
0.6843525
0.4155785
0.5012184
0.1493616
1.1800373
0.6499052
0.61302197
0.44769078
0.556289
0.3875446
0.110111095
0.38110298
0.12238254
0.47165665
0.2510124
-0.17183359
0.5559496
-0.14396663
0.09798231
-0.35050076
0.04243592
-0.37333173
-0.37366983
-0.37055728
-0.14898743
0.17567575
-0.2011081
-0.13514604
1.2639531
0.2801563
0.29379663
1.5464525
0.5317448
0.22185837
-0.7269744
0.23413289
-0.10504732
-0.49989858
-0.1878311
-0.28567982
0.0004350001
-0.30235976
-0.2768137
-0.24418291
-0.3248296
-0.10436018
-0.26668248
-0.19613992
-0.24134521
-0.46948308
-0.34912762
-0.29001388
-0.3495396
-0.3273749
0.09561658
0.41364717
0.22992158
0.19312836
-3.2758455
-0.20267667
0.122062646
-0.4898556
0.13799024
0.29496676
0.3461346
0.38655764
0.38573903
1.2503626
0.62508696
-0.41741225
0.62795097
-0.4163841
-0.08906077
-0.05416106
-0.06728837
-0.14206925
-0.28487515
-0.19113103
-0.07699506
-0.48052475
-0.124133445
-0.19502586
0.23627402
-0.18200146
0.16809095
1.2749577
0.32936397
-0.03163785
0.54053515
0.059257824
-0.08202238
0.98115176
0.010108181
-0.18568698
0.90123856
-0.07787725
-0.19476871
-0.758392
-0.29380503
0.33604527
-0.2857958
0.44947302
0.41839483
1.1635938
0.3982045
-0.61490375
0.7724369
0.27573243
0.21200797
1.0101249
0.33670998
0.021016298
0.16121642
0.08407733
-0.08914485
-0.88241243
-0.19542238
0.49229604
0.13595505
0.8116255
0.26937547
0.63766
0.47864747
0.8057746
0.40377766
1.3036641
-0.08877241
-0.2715149
-0.13618127
-0.23962864
-0.0041829334
-0.2862579
-0.14474216
-0.24272037
-0.20133513
0.47029975
0.043252088
-0.9009898
0.21349165
0.14658819
0.024198351
0.34070903
0.019009084
-0.70616794
-0.066913195
-0.15004843
-0.07771841
-0.123635195
1.300237
0.012019076
-0.055602774
0.09948794
-0.06369478
0.7064885
-0.019146698
0.47982442
0.12981291
0.4249305
0.41099772
0.71586263
0.3261371
0.77994686
0.22316152
0.36385033
-0.02652996
-0.28939566
1.1324439
0.32880914
0.59383994
0.62997943
0.5806256
0.77089
-0.12289394
0.7961245
0.4070902
0.97835237
0.73330986
0.37327397
1.1106223
0.47360477
0.12230872
-0.21515036
0.089596085
0.039771892
1.2661523
0.30408996
0.06877086
0.2257597
0.097788215
0.003617032
-0.048678383
-0.03862
-0.032631718
0.8841828
0.111890376
0.028545333
0.09889845
0.025227783
-0.08208441
0.12334736
-0.09523385
-0.11776162
1.7228442
0.18711212
-0.03527189
0.17851448
-0.037793696
-0.4612272
0.004297015
-0.4661785
-0.33575276
-0.22958331
-0.37948272
-0.5790847
-0.27117285
-0.7703095
-0.029555893
-0.19912724
-0.048255827
-0.22663783
-0.4821845
-0.27563924
-0.03835449
-0.2230477
-0.077253774
-0.09069714
-0.24147922
-0.12723419
-0.16602603
-0.4347981
-0.3444937
-0.32188627
-0.45740876
-0.40413976
0.22827414
-0.06081721
0.2770342
-0.0046720887
1.1941221
0.14932813
0.2350629
0.3463616
0.3165777
-0.07870984
-0.35922375
-0.13112107
-0.27064663
-0.58898705
-0.38416293
0.077228725
0.022446156
0.05990676
-0.30925524
-0.30737132
-0.19516318
-0.09994103
-1.2583624
-0.30491525
-0.004397904
-0.69769937
-0.01905168
0.06192659
-0.27347124
-0.007417459
-0.14993449
1.5825506
0.09663222
-0.03706631
0.13374329
-0.030922065
0.3476107
0.12813607
0.4124711
0.1990153
0.93385595
0.3563946
0.25803143
0.112366304
0.30003226
0.18039343
0.6892385
0.15126693
0.14883131
1.2296964
0.33777276
0.5762484
0.6079761
0.59202605
-0.084296554
-0.16929507
-0.16613841
-0.19402567
-0.28686884
-0.25304252
-0.19013001
-0.33824337
-0.25509793
0.19107047
0.1749832
0.2762367
0.17679371
1.7101498
0.45818567
0.054887906
0.57159364
0.16357899
0.06615854
-0.34554705
0.13019447
-0.3042554
-1.5222769
-0.6671666
-0.21843915
-0.4722054
-0.1671466
-0.09422191
-0.3814351
-0.13902384
-0.2321229
1.5041182
0.07025266
0.29924408
0.6014056
0.33805636
0.45948264
0.23377387
0.48564255
0.19054891
1.0390723
0.37763336
0.27121985
0.40805802
0.34346893
0.23165561
0.07537408
0.22989838
0.099184036
0.89933634
0.1654809
0.16251916
0.31985453
0.21578227
0.11237454
0.91437554
0.34321216
0.35540122
0.897046
0.47781262
-0.10875451
0.13348664
-0.077188626
-5.8419035e-05
0.22234768
-0.054968495
-0.0065608663
1.3425968
0.28592056
-0.07674136
0.033443492
-0.123513415
0.17741063
0.34824938
0.1054893
0.0985735
1.3404874
0.48212093
0.19637139
0.5271534
0.17131926
-0.01742851
-0.30799598
-0.058145467
-0.31620523
-0.2929135
-0.3540189
-0.14923832
-0.31473374
-0.18693934
-0.047235705
-0.8016206
-0.15219527
0.8050104
0.17591551
0.83378977
0.25815335
1.2991158
0.46777996
-0.04555209
-0.32558182
-0.09528324
-0.2856451
-0.2586695
-0.309633
-0.22193733
-0.08967542
-0.27463335
-0.253188
0.1598008
-0.30724874
0.13525052
0.97055477
0.42241973
0.21279274
0.75422263
0.3510115
0.221887
-0.0015626654
0.19299868
0.028170668
1.4554096
0.34918088
0.11496328
0.22139716
0.13242327
-0.17414425
0.33981842
-0.2248461
0.40435156
1.1266438
0.6465286
0.21557327
0.42647454
0.1501457
-0.11281444
0.46740904
-0.14211391
0.39769658
0.9699224
0.55486023
-0.069692954
0.5539586
-0.0487269
-0.07001123
0.24149479
0.06755697
0.24962406
-3.3350337
-0.20242639
-0.023342296
-0.4610492
-0.041236702
0.629091
0.5223014
0.7796377
1.0723596
-1.675201
0.9115336
0.4280296
-1.1934156
0.29596242
0.101401985
-0.026607348
-0.030293062
0.26936907
1.225378
0.5283937
0.16592705
0.33922014
0.3284096
0.04461815
-0.16119419
0.011303998
-0.11762486
1.596914
0.06525217
0.033220593
0.003882899
0.00537783
-0.6473694
-0.37935752
-0.6106975
-0.1970819
-0.038539782
-0.2687459
0.4624694
1.0743139
0.60557854
-0.10483167
-0.25230384
-0.17445788
-0.2074972
-0.40842646
-0.30393174
-0.20588669
-0.3946589
-0.24977174
-0.033191077
-0.166204
0.014008777
-0.10115944
-0.543448
-0.23521331
-0.08350748
-0.19662066
-0.077665836
0.1566532
0.16496336
0.17450565
-0.12900175
-0.5541514
-0.21972038
-0.1912812
-0.50958157
-0.2821292
0.0123308515
-0.06373429
-0.013409395
-0.011090731
1.1054238
0.17791294
-0.034592196
0.17678665
-0.034919783
-0.2508602
-0.55981994
-0.37332705
-0.6835635
-0.21690685
-0.77581716
-0.44000098
-0.647024
-0.72449017
0.27537194
-0.6410764
0.19096173
0.34361327
0.56904584
0.4632497
-0.13468987
0.55782574
-0.086688645
0.41895816
-0.4012987
0.34221908
0.61733955
0.62190855
0.8060507
0.4601268
0.13333496
0.40817842
-0.16396284
0.21000749
-0.1527159
-0.027531255
0.1742624
-0.08136604
-0.27864623
-0.33926296
-0.35735953
-0.37704128
-0.30045846
-0.49855486
-0.30942026
-0.3523726
-0.4059028
-0.40609133
-0.28523743
-0.5314665
0.15749244
0.80494106
0.23103376
0.3058648
0.7951683
0.3889162
-0.27382296
-0.19538398
-0.31217322
-0.10785096
-0.23952056
-0.09643339
-0.16872248
-0.42991954
-0.24215154
-0.12965465
-0.2576107
-0.13423744
0.07814022
-0.04732581
-0.03838372
0.0027353289
1.5522183
0.4091898
0.030847024
0.67140293
0.0009951964
-0.579198
0.20806335
-0.63004065
-0.067269534
0.4483143
-0.02523799
-0.530023
0.073942386
-0.5458713
-0.1399471
-0.18039584
-0.14895456
-0.21612985
-0.35010767
-0.32438427
-0.12677073
-0.27639043
-0.13086757
-0.17236084
-0.21659397
-0.17368673
-0.14480615
-0.5592417
-0.1777663
-0.105633765
-0.25734532
-0.10427624
-0.016106818
-0.11214037
-0.03718785
-0.14138424
-0.4585742
-0.25095442
-0.07117899
-0.227903
-0.092673905
0.15820485
0.23458192
0.14959721
0.14693603
0.62911034
0.3556395
0.4159671
0.059562508
0.3823006
-0.3121497
-0.29839605
-0.43285912
-0.30919084
-0.5319582
-0.38466886
-0.43681958
-0.4582072
-0.58053756
-0.06921814
-0.06403422
-0.0998521
-0.05556604
0.9026421
0.090180114
0.006577213
0.1466992
0.023937318
0.07082528
0.018378299
0.032031883
-0.021091446
1.2794887
0.24459092
0.054411303
0.23458758
0.0777323
-0.21704632
-0.35363454
-0.295881
-0.2826825
-0.4360926
-0.35092098
-0.17462747
-0.307359
-0.2635384
-0.0010143765
-0.060497664
0.036277954
-0.13883778
-0.4357987
-0.2700794
-0.025904862
-0.23364371
-0.030524045
0.46830907
0.071788855
0.70632154
0.6168392
0.24223381
0.74275744
0.1438607
-0.12333095
0.13206714
-0.24964751
-0.30004194
-0.25473937
-0.43906155
-0.38507295
-0.519089
-0.24475487
-0.359807
-0.33535463
0.16873741
1.0519118
0.336548
0.20122074
-0.071964465
0.20003289
-0.16976315
-0.85909504
-0.26695156
-0.4332457
-0.3907098
-0.46139708
-0.37419778
-0.46937755
-0.57706344
-0.3663461
-0.61655563
-0.53195256
0.38519514
0.37468567
0.23585969
-0.65452313
0.987132
-0.028040485
0.53877926
0.30510935
0.41378748
0.3653852
0.07496093
0.30791023
-0.3830563
0.96610373
0.0360036
0.40491495
0.6671276
0.3911131
0.10174678
0.09839356
0.07388733
0.038987853
1.099609
0.2460645
0.1078857
0.2829853
0.10401889
-0.47683454
-0.15386562
-0.4450722
-0.28541055
-0.4900773
-0.3493662
-0.44315276
-0.51318675
-0.52713084
-0.37524766
-0.36764014
-0.399436
-0.40053853
-0.5104394
-0.67020255
-0.5431999
-0.45013523
-0.6672834
-0.21066034
-0.31030566
-0.21917209
-0.4019446
-0.3117666
-0.47502294
-0.3803617
-0.59510416
-0.5407823
0.03322051
0.5637712
-0.03545289
0.385574
0.7489868
0.63114357
0.09142784
0.54591036
0.13554315
0.42574108
0.30606183
0.43926996
0.16662046
1.1594529
0.326903
0.6302438
0.47797707
0.7049441
-0.019359162
0.43821794
0.045403063
0.2013813
-1.7809998
-0.08050007
0.06399875
-0.16053374
0.07988089
-0.62182754
0.052552946
-0.57391495
-0.02413408
-0.27328572
-0.2122398
-0.46479636
-0.12661494
-0.51178205
-0.2557212
-0.2257888
-0.40599796
-0.45620927
2.2936218
-0.15083557
-0.37606075
0.096469745
-0.4533084
0.41114187
0.43309048
0.48472458
-0.6258386
0.8684846
-0.42010644
0.45986614
0.57296044
0.543277
0.01832839
0.14768651
-0.02693536
0.08909221
1.1793692
0.41179848
0.17703904
0.3011441
0.1019988
0.024082975
0.4444078
0.08140404
-0.28093308
1.4777592
-0.12756017
-0.30343935
-0.48195156
-0.3763041
0.4020917
-0.62382674
0.34322223
0.2555201
0.24379006
0.23051918
0.45304862
0.9695958
0.6269365
-0.01846453
-0.12307422
-0.04291161
-0.14615332
-0.38362506
-0.21500462
-0.03379844
-0.29042006
-0.06981045
-0.25536323
-0.35390124
-0.37756476
-0.7791701
-0.31515428
-0.6886443
-0.41800883
-0.57531303
-0.4568427
-0.08846397
-0.10401292
-0.09373966
-0.16383696
-0.5844145
-0.20425338
-0.08268175
-0.18591647
-0.11241691
0.7016406
0.15688905
0.6193483
0.14967057
1.0094532
0.31544343
0.25102624
1.170042
0.25047505
-0.56148773
-0.10163562
-0.645891
0.23826927
0.07503782
0.11707485
-0.53167135
-0.19656852
-0.4874758
1.0518806
-0.67822057
-1.017834
1.4049206
0.5205539
-1.387642
1.1806034
-0.70614964
-1.3008864
0.28680876
-0.2462242
0.26547536
0.30678862
1.4328362
0.48376557
0.10629992
0.26707104
0.17024134
-0.109258264
-0.15918896
-0.13759562
-0.25199306
-0.43672806
-0.35253978
-0.12690446
-0.33140206
-0.1784211
-0.8495531
-0.27065897
-0.7908715
-0.108953565
-0.05638448
0.035393495
-0.075980425
0.027407136
0.051188007
-0.21644527
-0.40835932
-0.32466567
-0.3392698
-0.009254123
-0.35473266
-0.4217007
-0.48686564
-0.5279856
0.21224195
-0.24391244
0.093271695
-0.039562453
1.3091573
0.3249172
0.06139019
0.29002973
0.05710081
0.3323491
0.5497852
0.37218997
-0.057812035
0.18841223
-0.040487546
-0.34744748
-0.44044465
-0.417231
-0.40026736
-0.20831351
-0.56436425
-0.46830645
-0.48008358
-0.4577829
-0.35748345
-0.46467096
-0.63389087
-0.13481547
-0.12261257
-0.63724476
-0.12910837
0.09666444
0.2113885
-0.17311409
-0.20479335
-0.70233804
-0.05462407
-0.33152846
-0.11746786
0.31659073
0.84063864
0.462086
0.3695874
0.32211012
0.39767623
-0.14858459
-0.2146584
-0.17472789
-0.21472874
-0.24285658
-0.27085754
-0.200635
-0.24096859
-0.22179107
0.12978716
0.14513116
0.1397851
0.15939231
0.8610147
0.2890469
0.037549175
0.3987461
0.0856572
-0.059293535
-0.41054755
-0.16595826
-0.2220489
2.1057112
0.03222826
-0.09286869
0.1422161
-0.11295069
-0.0942458
-0.2551324
-0.15153277
-0.21347997
-0.33433855
-0.2606078
-0.23783322
-0.25223446
-0.23409244
-0.008203778
0.039544173
-0.04135213
0.08316534
1.1530005
0.3230284
-0.0054932917
0.61727226
0.06264261
0.0260737
0.022824068
0.018502299
0.09423577
1.1027365
0.3273306
0.021486346
0.37831277
0.078117415
-0.12166142
-0.045289654
-0.10306893
-0.17201968
2.141927
0.17136809
-0.17255618
0.2076964
-0.11692237
0.15737218
0.039023206
0.14997846
-0.1461835
-5.071542
-0.5447525
0.17703426
-0.5092244
0.23402937
0.00219937
-0.34345058
-0.067390904
0.079436444
0.6492465
0.17540997
0.436693
0.59456456
0.4820842
0.10861997
-0.08201599
0.3494026
-0.59651375
-2.9773045
-1.1707095
0.4503366
-1.5012054
0.40907416
-0.10335302
-0.33389667
-0.19969976
-0.29554108
1.9558978
-0.07720001
-0.09243115
-0.08862267
-0.15103176
-0.34051684
-1.0257584
-0.4678634
-0.008229647
0.09695847
-0.04083549
0.106998354
1.2647555
0.32954264
0.85950637
0.23685057
0.7733801
-0.17249632
1.4007308
0.24565808
0.5918931
0.4094734
0.6866607
0.7664719
0.45142674
0.84660184
0.17727238
0.9946089
0.36901572
-0.07518288
0.8598847
0.015936036
0.03834959
-0.114765815
-0.08786953
0.006820994
1.7513713
0.3045275
0.2926915
0.30029464
0.1847196
-0.11285552
-0.2517544
-0.08142113
-0.2664762
-0.3765017
-0.43049943
-0.4849442
-0.5764484
-0.6530604
-0.1159063
-0.27762726
-0.16699837
-0.20034
2.2509556
0.023238333
-0.13333768
-0.05833992
-0.16286394
-0.04301034
-0.13757212
-0.063669294
-0.21925944
-0.43306455
-0.2819073
-0.02777655
-0.33433077
-0.073732145
0.75399464
-0.87974423
0.4270098
0.9365721
0.380592
1.8014765
-0.0018822335
1.7762955
-0.68687075
0.22590305
0.42466116
0.41650075
0.31037033
1.1576722
0.35298175
0.31640306
-0.1458729
0.3723869
0.0012936099
-0.14950655
-0.026198324
-0.12097446
1.3277161
0.033593483
-0.032293823
0.13923976
-0.03459128
0.89450985
-0.30275807
0.77668923
0.42016974
0.98980504
0.70557773
0.22784868
-0.25613597
0.15115808
-0.016668951
-0.07185466
-0.04695563
-0.1358852
1.3633267
0.04048292
-0.024170142
0.011740295
-0.044732194
0.061325267
-0.07091845
0.06020308
-0.0272291
1.3299357
0.18890499
0.039620485
0.22560337
0.08156118
-0.069198556
-0.44074565
-0.07360114
-0.3578055
-0.50784785
-0.48447812
-0.32208553
-0.30904558
-0.33586997
0.1586385
0.16004553
0.10234259
0.07519112
1.1719127
0.36201835
0.027644234
0.34298262
-0.023765605
0.0026367083
0.0775539
0.046218786
-0.06405941
-0.37626708
-0.1403253
-0.37440327
-0.3345089
-0.43447056
0.27522355
0.61727804
0.33037487
0.43406022
0.61472034
0.48243678
0.19222109
-1.1419847
0.073957965
0.34543002
0.8084925
0.44803086
0.23340653
1.583553
0.45554262
0.24954207
-1.4197733
0.087610565
0.09413973
0.763775
0.22260192
0.16838667
1.000648
0.31174475
0.16338551
-0.5296426
0.097563215
0.015038535
-0.13055941
-0.047706004
-0.12191679
1.3486608
0.10712786
-0.0203685
0.18748312
-0.011132573
-0.25821474
0.5436874
0.21935031
-0.45938066
1.5530968
0.25453782
-0.20558181
0.42860112
0.17211129
0.24558094
0.57931596
0.2989729
0.35509726
0.8873674
0.48651254
0.005860978
-0.047759876
-0.027413134
-0.5749531
-0.48599303
-0.7517173
-0.6105848
0.040899727
-0.62562215
-0.5100461
-0.45481968
-0.5836929
0.13262878
-0.0741091
0.1234205
0.0021365043
0.85043675
0.16022444
0.20250157
0.59828144
0.25168243
-0.068641946
-0.29052675
-0.075460754
-0.2074833
-0.2652479
-0.27352998
-0.100070216
-0.27418607
-0.12968594
-0.28942427
-0.21919487
-0.3240927
-0.21757732
-0.061866947
-0.22736758
-0.41567126
-0.24848641
-0.44896033
-0.16482908
-0.36960953
-0.18382424
-0.2671155
-0.41201445
-0.24986887
-0.09494983
-0.38293505
-0.14655963
-0.21104991
-0.18279864
-0.23183355
-0.1504434
-0.20853433
-0.23094553
-0.2367737
-0.0540855
-0.22144543
-0.8354311
0.22698444
-0.79397345
-0.2167396
2.2942164
0.23035127
0.34645763
0.4350909
0.38996047
-0.12606396
1.0395416
0.11737215
0.2892306
0.990648
0.4045232
0.16819534
-0.28437135
0.15372787
0.35669014
0.124395795
0.37034583
0.19297138
0.39709008
0.3050304
0.21394649
0.44981158
0.16095577
0.3022511
0.2447099
0.2898292
0.1847075
0.7431753
0.41341403
0.14970367
0.11823616
0.20309041
-0.2907672
-0.38187152
-0.34643203
-0.32232848
-0.43634915
-0.38449526
-0.28041023
-0.31599373
-0.34383523
0.07204807
-0.36035672
0.08033431
-0.34657663
-1.1849059
-0.5335477
0.06708509
-0.44981116
0.032850724
-0.13593227
-0.38532072
-0.22006096
-0.33611733
-0.49965775
-0.37965792
-0.19779454
-0.23653138
-0.2468452
0.21357682
-0.029088525
0.23959944
0.36191002
0.8501306
0.5158382
-0.11307896
0.4338085
0.00736407
0.030181741
-0.22355337
-0.008697537
-0.20792216
-0.5266507
-0.25983572
-0.048513513
-0.27967122
-0.08055616
0.6268745
-0.07482791
-0.44214684
0.14701346
0.022704078
-0.2505307
0.8317441
-0.12216601
-0.6932975
-0.40839052
0.017379628
-0.4732462
-0.22415973
-0.09248167
-0.40854964
-0.3150147
-0.32267895
-0.48030677
-0.34804058
-0.35492754
-0.38705412
0.08598759
-0.21298052
0.063774005
0.587348
0.3262806
0.70393145
0.5102474
-0.35043246
0.4716595
-0.032592107
1.9300897
0.3715438
0.42574334
0.5399562
0.41082203
0.3320521
1.0542039
0.4217022
-0.25045323
0.19656213
-0.3142678
-0.16958007
-0.36708474
-0.22534312
-0.19805147
0.35488093
-0.13900945
0.29753944
-3.69351
-0.14423735
-0.0036839508
-0.4172775
0.018969709
-0.4455539
-0.32351297
-0.5207377
-0.4536227
0.027989196
-0.37550277
-0.5576248
-0.36443058
-0.67116785
-0.1975983
-0.1632427
-0.22998625
-0.16338484
-0.09229581
-0.1745622
-0.2920784
-0.15349497
-0.3183874
0.010783596
-0.009643882
0.08908578
0.17287433
1.7675532
0.47646597
0.11387418
0.52166855
0.10741697
-0.0791408
-0.2496026
-0.1222593
-0.16964717
-0.216728
-0.20084424
-0.08098149
-0.28163418
-0.11505759
-1.0236814
-0.09106832
-1.1095314
-0.3900552
0.4106463
-0.32810208
-1.069219
-0.38510728
-1.0937209
0.067661725
-0.06257611
0.018036611
0.10215643
1.1457089
0.26755255
0.144997
0.5528712
0.19771114
0.6004088
0.5146933
0.70111114
-0.49632922
2.1579409
0.48656994
0.044089824
0.3736508
0.13643461
-0.21635962
-0.050923552
-0.24455854
-0.3827178
-0.25650018
-0.35419944
-0.29207578
-0.3711279
-0.31496918
0.36500677
0.79293877
0.46185106
0.27581406
0.292982
0.31945196
-0.30026403
-0.38832924
-0.32344827
-0.16069269
-0.22137229
-0.1426281
-0.23887192
-0.2221985
-0.30151197
-0.27537018
-0.2769286
-0.32141873
-0.10329732
-0.28383872
-0.20376416
-0.34691396
-0.3295339
-0.36336845
-0.27958724
-0.41138947
-0.36774358
0.039770186
-0.51428026
-0.005236252
-0.0036039862
-0.85986197
-0.14827797
0.078630306
0.066049166
0.10375431
-0.002438912
-0.16020653
-0.03791473
-0.24501106
1.5749071
-0.020766629
-0.06334742
-0.03913072
-0.08440145
-0.0485301
-0.0016527418
-0.028946437
-0.107798636
-0.75187886
-0.21437435
-0.0050587193
-0.29746825
-0.024759114
-0.1985374
-0.45882183
-0.30454034
-0.415719
-0.18987323
-0.39149213
-0.2644975
-0.17826158
-0.3163324
0.10156274
0.6689763
0.26699886
0.45136067
-0.03786574
0.48608288
0.25640297
0.7321858
0.36598307
-0.32795653
-0.6838926
-0.32749137
-0.11047998
-0.16133589
-0.13154672
-0.15870106
0.24573769
-0.033590425
-0.01693288
-0.12166172
0.016287876
-0.22965433
-0.35251853
-0.31154388
-0.060475577
-0.3096493
-0.101552874
-0.22178428
-0.50894654
-0.27246138
-0.35003206
-0.19796166
-0.42254043
-0.14561315
-0.42847395
-0.2144251
0.058431827
-0.021190671
0.005804057
-0.031477276
1.3084182
0.2499466
0.023784002
-0.091849715
-0.012002355
-0.06035228
-0.15826556
-0.09778174
-0.24927531
-0.19993605
-0.26126024
-0.02954916
-0.23430409
-0.06973546
0.34898338
1.202261
0.45390177
-0.09545548
0.02601866
-0.064768635
-0.2826617
-0.89717007
-0.4341173
-0.04742808
-0.26213464
-0.07792555
-0.14929798
-0.34484574
-0.18671863
-0.10331327
-0.21640025
-0.13674498
0.26870131
0.07040253
-0.23307069
0.58847857
-0.08267318
-0.73699975
0.4708017
0.006244537
-0.36069977
-0.13868517
-0.3895353
-0.23338461
-0.50777304
-0.32996547
-0.5120344
-0.081719115
-0.44201046
-0.17375284
0.22793236
0.2973798
0.21602692
0.06334317
1.0112895
0.2421426
0.23598236
0.18673822
0.23281047
-0.67607486
-0.122050956
0.29366574
0.07379655
0.10510362
0.108877026
-0.65858203
-0.10403138
0.23068362
-0.8236928
-1.4027883
-0.9191375
-0.25162402
0.44043586
-0.33306602
0.6044511
1.17659
0.72560364
0.14926523
0.47186255
0.09672388
-0.016087497
1.0935336
0.4510169
-0.028772563
0.0015231594
-0.1704454
0.976678
1.2923383
0.48522484
0.12568976
-1.6445627
-0.99109614
1.0434933
-0.33566567
0.67211866
0.5428305
0.4698739
0.17439264
1.125296
0.067917325
-0.764336
0.6552585
0.3257771
-0.25559816
0.14469385
-0.06794017
0.09150062
0.06610484
1.0859436
0.29940498
0.1302716
0.2839822
0.14826627
0.3480119
0.27337205
0.46246392
0.20505494
-1.1764134
0.04036916
-0.008405533
-0.4887977
-0.00507318
0.51126224
-1.1993746
0.49494413
0.76127625
-0.7284158
0.6926577
0.65599084
0.90996414
0.79894745
-0.08615123
-0.19600405
-0.12680411
-0.2640562
-0.61935997
-0.35797042
-0.104822144
-0.25204676
-0.17383938
0.08206854
-0.13818417
0.097446494
-0.05616981
1.0021956
0.08718867
4.5800924e-05
0.2818567
0.055886474
-0.18770301
-0.3456374
-0.20772292
0.03387767
1.2930557
0.18632106
-0.08466737
0.4254336
-0.024906384
0.44522974
0.58259636
0.5500882
0.27496684
-0.06544808
0.3636838
0.24958527
-0.3334785
0.2274357
0.17217351
1.2799543
0.3077141
0.11990413
-0.83193254
-0.0037902188
-0.049669594
-1.0500072
-0.20639755
-0.122245505
-0.29884604
-0.22557403
-0.43699843
-0.5468279
-0.51891077
-0.034858536
-0.47677675
-0.149304
-0.5717977
-0.3399433
-0.64065725
-0.076717906
0.16193275
-0.1089944
0.08639956
0.39632097
0.06329225
0.11061702
0.11705171
0.13968506
0.064003386
0.95698225
0.17975183
0.11510515
0.18878487
0.12031645
-0.21409091
-0.096399404
-0.19345059
-0.16873185
-0.44847897
-0.26714846
-0.26866674
-0.34026724
-0.30598283
-0.74329406
0.23041676
-0.77739114
-0.44708496
-0.3574149
-0.54996026
-0.3008617
-0.550409
-0.2747402
-0.5164798
-0.4329264
-0.5746232
-0.47570714
-0.2697814
-0.522881
-0.6881145
-0.7697184
-0.9668698
0.0983575
0.2352853
-0.007590799
-0.05095169
1.3958459
0.31660086
0.11580689
0.3694737
0.06969612
-0.026001362
-0.17809442
-0.053653326
-0.18334822
-0.49908662
-0.2784996
-0.080972135
-0.18106091
-0.12005892
0.5410318
-0.65635586
0.6189442
0.7269806
2.0509539
0.9880239
0.43365708
-0.47013238
0.48474956
-0.0234667
-0.03869797
-0.06855381
-0.10123771
1.3113208
0.08396962
-0.059594315
0.083887815
-0.0815293
0.2561594
-0.23715095
0.2806865
-0.19762178
-0.56497014
-0.30881965
-0.4604209
0.020252144
-0.48736554
0.2702763
0.18913421
0.31723616
0.19453305
1.0552067
0.3593841
0.22917488
0.37743294
0.30079997
0.5678448
0.39786214
0.66782635
-0.00488936
-0.18318348
0.03634838
-0.15094756
-0.39354077
-0.2567288
0.18738618
0.3679929
0.23108037
0.22197625
0.9459472
0.36240265
-0.029076904
-0.23336329
-0.13179767
-0.06384755
0.21018845
0.010729111
0.018329974
-0.7562664
-0.14336762
-0.20322211
-0.47546384
-0.22124462
-0.48780942
-0.39995268
-0.6040243
-0.37018323
-0.9035628
-0.60803545
-0.009246504
-0.0024060253
-0.12967218
0.69512385
0.2857402
0.86960584
0.38524678
1.4774792
0.49712336
0.49259922
0.78566587
0.72189456
