8.148112
5.7864847
-4.5154476
5.0526876
9.426562
-0.92296636
4.26567
6.123064
2.660343
11.930091
10.075929
6.5828543
5.8105183
-35.319298
-1.4215815
5.9786654
13.919167
-0.7604452
-1.5412508
5.2595344
2.4242277
3.9147396
5.0653143
3.819162
3.2648962
-3.5414605
-1.7897608
-2.631286
5.6283655
-2.803772
-3.2599592
5.181204
-6.925996
-2.567587
-1.4227259
4.676538
2.335713
2.3121521
5.983808
-1.0412529
-0.54447305
3.891212
3.0723088
-1.7047384
6.3570805
4.361946
-4.3123713
3.783269
-1.7312927
-0.009064138
5.607168
0.6357582
6.445099
4.91161
-0.53723365
-5.306586
6.4648275
2.611633
3.69635
2.5642223
8.150016
-4.8372545
4.586134
5.8974175
-1.8345356
2.86626
0.6810247
4.043927
3.7743497
2.982526
6.025175
-0.7934799
-0.023864388
5.0432076
6.504883
-1.4370401
2.7579606
2.9845319
-5.0151176
-1.8483129
-2.9354477
2.3439913
-3.236061
-4.7872763
0.70995176
1.3711171
4.7555327
4.919057
4.0380135
-1.3952518
-0.8459661
3.32198
3.3976717
-1.3625754
4.9511223
-3.6640685
8.604843
-3.1910677
-3.7973194
-0.8339547
2.8914578
4.9355426
-1.8617356
6.437436
-2.8005185
-4.695432
5.4968047
4.511102
-2.3740153
3.7278674
4.9317813
4.1146517
-1.8068585
-2.7460809
2.6920214
-4.22766
-0.27595764
3.5259733
4.3246574
-2.0697153
-1.0062163
-1.5981145
-1.7094178
5.3222003
-1.5491769
-1.0959821
-3.0687892
3.5314887
2.8908474
-6.8025613
-1.0900226
5.3034587
-1.3318279
6.272318
3.5609636
5.1633096
9.448535
4.6069374
4.3260617
-0.73391175
3.3702612
7.650431
-1.318379
-0.5791017
4.4564657
-0.26488632
4.59549
4.556742
-5.233915
6.143188
3.4765215
-0.20453966
-2.5140626
10.560848
4.951185
3.2412872
-1.2875082
-0.9111749
1.1413391
-2.556182
-1.0066226
-0.8529659
-0.38206744
4.3394647
3.6488173
-0.10731384
-0.014985263
5.3303757
-2.5736427
2.8809745
3.0732331
9.54724
-1.0558714
4.318227
-1.7081817
3.7591853
-0.013317168
5.0001698
-9.033975
3.0598454
5.8813505
3.8933878
-3.3865442
-0.84799695
-1.7506018
-0.5388845
0.0028882027
-0.6124465
3.5683596
4.498653
3.3087218
-1.546149
6.2640486
6.968825
-0.26086605
-0.95099485
-4.74219
3.0863848
-1.230443
6.941616
-1.2906365
-1.4788299
-0.31109732
-0.8752149
-1.1936717
-2.89487
4.1344
-1.1513026
3.3835938
-1.8805207
-3.2757611
-1.4231371
-4.446532
9.597278
3.684072
-1.6366911
0.21483183
3.5456018
4.4895215
5.8580894
5.442905
-0.35654575
4.9774065
-0.34905598
-3.663423
4.7611113
5.062723
-0.88344294
3.4508886
-4.0779614
3.1659956
4.7070584
3.9481845
4.477354
-1.8722291
3.2177196
0.08510429
-1.0122869
5.7727365
4.0244207
-3.480424
5.5399103
4.187524
4.077023
-2.2876477
-0.8207161
-1.7412434
3.6380498
3.4329681
3.1498773
-0.13648346
-9.559455
8.204811
3.8966215
5.682242
-2.928156
-2.1981697
3.7680526
-1.6455245
4.1356616
4.112305
5.4486055
-4.3907757
3.2177196
-0.8758907
-4.316994
3.8190603
4.333945
4.2936773
-0.8128339
3.7087483
4.4843187
6.100926
-0.97224027
4.0071573
-1.292661
2.6621537
3.5441005
-2.341685
-1.6332809
-0.99953866
11.7755575
-1.9288801
11.540224
3.208211
5.8979564
-4.9666433
-6.0092077
-2.9655232
3.871523
0.53400445
4.780957
-0.623663
-0.13203764
1.1867417
-3.4021287
1.1808021
-0.7252721
4.829609
-1.2748193
5.2935805
-0.415021
-1.3624711
-1.776859
0.7506447
-0.66563547
-1.1357301
3.6567378
-0.26981056
4.966214
6.1482053
3.8762903
3.038041
-3.025283
-0.5094446
-1.7851632
-2.7183385
4.5992985
6.3050957
4.7043624
-0.45415318
2.7834923
3.79569
3.4382653
1.601324
-1.953538
1.7041152
10.318487
18.747711
2.7833774
-3.569806
5.1375165
6.7251577
-2.728733
-3.130786
5.4032764
3.2819731
3.1087112
4.0234904
5.0241737
3.0032742
4.669549
5.6438303
-0.6722903
4.7815695
4.273846
5.565069
-1.0415734
4.0367765
4.930287
5.126771
5.6188765
3.7963552
-2.8108687
5.3868804
0.1742095
-5.0796413
1.7550842
-3.3714085
-1.0233254
5.2694774
-1.6266577
6.0677047
0.0145795345
2.741465
-1.4907502
6.465329
5.4079905
6.3498564
-0.42538738
4.9484835
4.665807
2.5632257
-1.5103914
6.728946
-5.889702
2.1936917
5.4752097
-1.5303514
2.6495526
-0.49294293
4.0980196
6.398666
-3.8590653
