1.5265411
-8.028192
-5.045974
0.29928768
0.70775676
1.9435183
3.3154812
0.5521759
0.84001315
3.242495
-4.9622936
-3.343986
-1.9588681
8.402012
0.17639816
-1.9963195
1.5374597
0.6765187
-6.6274986
0.79370946
2.1893914
0.40925145
-1.5413635
-5.0005703
2.483797
-5.0459986
-3.4019358
1.1227632
5.3595505
-9.514177
1.7969344
-1.1842936
-0.81939006
-4.538555
1.6972044
-2.2435672
-7.529641
4.3922086
-2.5268075
1.692162
2.6103914
1.6119634
5.002659
0.8465812
1.4571815
-3.38763
1.5700065
0.43314707
2.4199398
-2.1449583
0.6305158
3.260888
2.3650694
3.4942036
-0.47303963
-1.6292819
0.7854707
0.51713365
3.3279858
1.757703
0.4711181
1.6793535
-2.799253
1.5146658
-5.6078706
-0.8953085
-1.2822119
-4.809397
0.29228896
0.54625726
2.746901
-5.585623
0.9942913
-2.66204
1.231734
2.5033674
-0.30304992
-0.48845983
1.6268378
6.6385756
-5.312008
-0.67607963
1.5400171
-0.25423062
-2.6820445
1.5154684
1.9377348
-0.77730453
-3.6100643
3.3500817
4.7336874
0.59295505
3.1356156
4.336534
-2.298733
1.6309743
-4.0897775
-2.2024212
2.1396139
-0.46046472
3.5695188
-6.8777256
4.512058
-2.2088056
-9.601818
-3.77732
2.8777707
-2.7070312
-0.66905665
1.1773024
-1.0547726
-1.0697238
-5.531676
4.770949
-2.8022714
-0.68474734
1.587981
-0.84013814
0.120696425
-2.460743
-0.65953535
-0.6140225
-0.98188484
-3.5695837
-4.083227
-3.057006
0.41991067
7.344943
-1.0195141
-3.5860336
-4.0759115
-11.010138
-7.8885655
3.750196
0.7231252
8.975087
1.522976
-4.829505
1.4657613
-5.565075
3.2123954
-2.0050635
-0.3634063
1.9303299
-4.3928785
2.1528714
12.6048975
-1.4433494
0.29565257
-3.5303032
0.5881212
-1.7359055
1.8553395
0.42204016
-3.7619638
0.3366726
-3.0153456
-7.1433454
-4.2859416
-1.6567851
0.95959675
1.225267
2.5596197
-0.3798036
3.035455
-4.576742
-7.3617125
-0.7821579
-3.1037273
2.0849538
6.4168835
-5.593831
-0.80155444
-2.8090205
2.9762464
-3.4399157
-3.519644
2.335846
3.2370121
2.2611737
3.389765
-5.5480356
-1.2788441
-2.0961967
-2.826272
-2.87067
3.1418269
-1.0290172
-1.9690287
-1.4862337
0.4896431
2.4300818
-3.3963313
0.56330276
-0.3388755
-2.4174109
0.5550679
-1.0675751
0.621176
2.9307907
-1.0569034
2.8284197
-1.9041586
4.7990494
-0.85115516
-3.230886
0.2097044
3.188961
-3.0694797
4.282319
0.47199488
2.4786618
2.3218346
0.34753823
3.5657325
0.45193636
-2.6615448
-1.2238103
-5.0291996
5.0659103
-2.630769
-2.0775754
-5.075629
-4.19901
-2.6773043
-2.8294034
-1.3244343
-9.400133
-1.8325971
1.2789688
1.6421728
-1.1798782
-3.348826
-0.1166085
-4.223952
5.631837
-3.1710844
0.9127971
-0.3792907
-0.5819359
-4.201717
0.41172165
-4.872617
-7.0071387
-0.23475814
-6.156163
-2.2735834
-3.8800378
2.9819105
-4.018642
-5.397623
0.32489526
-3.5173564
5.368123
4.180938
1.7545736
-2.7652793
-1.2748386
1.867928
0.8503403
-0.53309405
-2.126593
-6.4365892
-2.8364701
-2.9518673
2.4591146
-4.0308766
1.696845
-0.991648
-0.75362575
5.1281743
-4.535517
-3.0093594
3.7920742
2.316132
-6.054141
-2.355352
3.1211329
-4.7175407
1.2633086
-3.8493314
-3.0149324
0.6959772
0.6008663
3.79988
-6.7496133
-4.2588544
3.1956854
4.6618195
5.4793143
-1.2785821
-1.0359011
-1.868822
-2.460824
3.5046864
0.7228675
3.5159512
-1.9746516
-0.21346508
1.2177404
-2.6773982
2.2159925
-3.9873195
-6.362508
-0.9104124
-0.4511994
-2.8698015
2.093379
-1.6727817
-1.6152673
2.1959145
0.19539213
-7.593319
3.5933986
-2.7732947
-4.5204906
-0.80381536
2.0365248
-2.8125725
2.1064887
-1.1381804
0.16296661
1.275915
3.0969415
0.7426078
2.304229
2.5561428
-1.5531902
-5.496479
1.2063968
-2.6517296
-0.6589525
1.0265024
-1.4315702
-6.264935
-0.95856154
1.250718
-5.1609507
-5.56786
-4.5135555
-1.9113724
5.4594736
-12.318064
-4.879625
1.6170317
-4.6264772
-9.056201
2.4080355
1.1685547
4.404584
0.031678677
-0.862929
-6.8317857
2.3270357
2.511729
-4.5117135
1.9494647
-4.319451
0.0028113127
0.4380623
0.14391825
1.9902223
-0.54659414
-3.6543138
-3.4011657
-2.236209
-2.0580783
1.6705214
5.2544794
-1.114063
-8.263392
2.1569746
1.8311874
3.3801723
2.4752023
-6.9847617
-2.7825317
-8.24789
2.7470305
2.4018052
3.3423846
-1.0214221
-7.264125
3.2765388
