-0.07021632
-0.17719124
-0.13472311
-0.16462871
-0.41431716
-0.31745756
-0.14774944
-0.32635865
-0.23077941
0.19361505
0.4440194
0.31761315
0.3535535
0.7263525
0.5515914
0.21499684
0.5057036
0.42867073
0.09190938
0.23100705
0.1819238
0.22470993
0.49816555
0.40669572
0.15251152
0.41512772
0.32847852
-0.060614035
-0.24378282
-0.19912376
-0.21769375
-0.43559548
-0.357864
-0.15130724
-0.36946666
-0.29505202
-0.31484354
-0.63021684
-0.5680465
-0.12133929
-0.34130555
-0.27949122
0.2245067
0.2750393
0.3202881
0.17569073
-0.3559508
-0.25371262
-0.24545088
-1.3146867
-1.06304
-0.23502041
-1.1436664
-0.9433739
-0.13249259
-0.33917928
-0.26789054
-0.18136899
-0.47175303
-0.33982864
-0.101223774
-0.26834846
-0.17434996
0.14405847
0.3609075
0.27225295
0.26256353
0.53763986
0.44640556
0.14025447
0.32289675
0.2707266
0.21558365
0.5622297
0.49353585
0.6024413
0.96838665
0.878754
0.60674936
0.90984565
0.8582364
-0.09220541
-0.43177837
-0.3332188
-0.54901206
-1.3452649
-0.9951752
-0.4904922
-1.2161694
-1.0697558
0.19780053
0.40859628
0.33455738
0.2891826
0.6766207
0.50429875
0.15310141
0.47237822
0.35704753
-0.04863417
-0.20437737
-0.1343295
-0.18962307
-0.46198097
-0.36413395
-0.17261691
-0.386409
-0.28605923
-0.5284585
-0.41070038
-0.69592506
-0.096408166
-0.015441226
-0.2032529
0.005861553
0.011541597
-0.049307436
0.3580924
0.49521378
0.44896075
0.45318636
0.633613
0.5939859
0.4158235
0.55859387
0.4546069
-0.14467141
-0.3710503
-0.291051
-0.31394085
-0.61074674
-0.4931924
-0.18886109
-0.44157955
-0.37148902
-0.1188842
-0.2937062
-0.22043218
-0.25787207
-0.53337413
-0.4045627
-0.17205691
-0.3970308
-0.3184934
-0.13928646
-0.2945245
-0.22493434
-0.21904363
-0.4415902
-0.35251912
-0.14517263
-0.32206863
-0.24369144
0.11213473
0.26715764
0.1803705
0.2780723
0.57250214
0.45785394
0.19664785
0.44860348
0.3720968
0.20554996
0.21171667
0.2180095
0.22083741
0.38094208
0.3340442
0.24406657
0.3167041
0.3093821
-0.073251635
-0.16796902
-0.16792777
-0.12795885
-0.21510677
-0.21898949
-0.100577615
-0.22540769
-0.19174136
-0.053233217
-0.20623706
-0.17612883
-0.19411257
-0.41254088
-0.33648273
-0.20259148
-0.37903646
-0.33994025
0.0012074024
-0.56194234
-0.5441803
-0.3552898
-0.9999913
-0.81776786
-0.28268573
-1.0577055
-0.77772987
-0.4290203
0.02664226
0.356383
-0.834121
0.0048017427
0.8125254
-0.57416236
-0.025763655
0.6204876
0.23319137
0.39077336
0.33500007
0.38436297
0.6086351
0.52263254
0.27926704
0.52447826
0.40768686
-0.11709499
-0.28011826
-0.27674717
-0.28256527
-0.48030335
-0.4491861
-0.18048674
-0.42120472
-0.3768821
0.1096436
0.313442
0.2345781
0.25620747
0.56839454
0.46977264
0.15960875
0.4468375
0.36822605
0.1147375
0.2935002
0.22799043
0.3171782
0.7496984
0.61038375
0.323034
0.69531244
0.5245702
0.39572397
0.3309726
0.43120307
-0.12349022
-0.18172927
-0.15328044
-0.5302222
-0.777904
-0.759049
0.052949775
0.2845335
0.20302466
0.2454226
0.561792
0.4183721
0.17560355
0.38783616
0.3016269
0.40229073
0.6822378
0.54544526
0.591981
0.8437986
0.6658047
0.52485925
0.7273415
0.5515528
0.0787822
-0.5315178
-0.28898516
-0.419267
-1.4700001
-1.088483
-0.22448076
-1.3049481
-1.0241687
-0.14866173
-0.324194
-0.27133572
-0.33343065
-0.6567313
-0.4899078
-0.21104398
-0.47796154
-0.34417477
-0.016076691
-0.15457505
-0.12444524
-0.16499883
-0.47207475
-0.36362645
-0.12099875
-0.36240262
-0.2980344
0.16212569
0.41073722
0.31777346
0.4161209
1.0137386
0.78475195
0.36412838
0.82513297
0.6646756
0.0055306586
-0.14022712
-0.12701704
-0.12692446
-0.31910488
-0.267199
-0.111463
-0.2304699
-0.18843232
0.16467209
0.30429748
0.20983507
0.21041508
0.5626785
0.47737038
0.1495645
0.47482884
0.36403164
0.21733387
0.40489784
0.32439202
0.4169216
0.82002366
0.66104376
0.25795728
0.7067735
0.602697
-0.13605152
-0.33146507
-0.36881408
-0.35493913
-0.37581316
-0.5755642
-0.34776
-0.6398975
-0.7924248
-0.13704537
-0.3225621
-0.22441252
-0.22944243
-0.47077227
-0.346719
-0.17225182
-0.32390714
-0.2380469
-0.08264015
-0.25880212
-0.19701073
-0.27454016
-0.47256485
-0.41950205
-0.18215173
-0.3884914
-0.32808465
-0.07754739
-0.2035591
-0.16557133
-0.19637093
-0.3000429
-0.3141415
-0.11857357
-0.28855607
-0.3037178
-0.026398625
-0.23615399
-0.16764216
-0.29694995
-0.901076
-0.6608265
-0.3505583
-0.8279182
-0.5810851
-0.34469274
-0.5483947
-0.5081912
-0.3090819
-0.34669638
-0.35018554
-0.22645044
-0.486234
-0.40315047
0.33223146
0.79203653
0.70986944
0.22367354
0.15540422
0.24377567
-0.43667117
-0.927359
-0.7955807
0.16268948
-0.4690153
-0.32607484
-0.35860163
-1.5482053
-1.1683047
-0.1580752
-1.3475043
-1.3329499
0.11556964
0.36099282
0.27517962
0.29146352
0.7801501
0.6054132
0.19366236
0.5579409
0.4544674
-0.004219122
-0.12374025
-0.080284305
-0.11532381
-0.30538702
-0.23878528
-0.12252068
-0.27629548
-0.23049831
-0.18888316
-0.24427712
-0.33765802
-0.30697626
-0.25380838
-0.41339016
-0.14703465
-0.25813252
-0.2936691
0.12760386
0.4369411
0.32617885
0.36257276
0.8721766
0.6669954
0.28653604
0.6142473
0.47704795
-0.05581141
-0.1678347
-0.115708195
-0.19033399
-0.46945584
-0.35376203
-0.15458535
-0.33166468
-0.26359752
0.16447337
0.42748898
0.36203212
0.37912098
0.94392717
0.72731304
0.2847676
0.7139954
0.55096626
-0.0445523
-0.1990597
-0.15629603
-0.21339287
-0.54002947
-0.43336418
-0.20570178
-0.45952114
-0.35761678
0.11826096
0.21917948
0.217392
0.2635843
0.5086896
0.4372763
0.21900564
0.4389286
0.34642676
0.15961069
-0.4721683
-0.38172236
-0.39254305
-1.5836793
-1.165681
-0.2575859
-1.4706862
-1.3128202
0.14977412
0.38259828
0.30085894
0.32123536
0.72418046
0.5372192
0.1852432
0.42640403
0.32646987
-0.044548046
-0.1964039
-0.115651324
-0.22575812
-0.38229057
-0.3173259
-0.17125778
-0.3334574
-0.27899432
0.25205994
0.5617139
0.4756139
0.47686166
1.1634061
1.0053295
0.41756696
0.965959
0.8087963
-0.08443931
-0.24129115
-0.19494753
-0.24864942
-0.4464166
-0.3603703
-0.18220071
-0.3590575
-0.29496443
0.035906572
-0.13332507
-0.08588559
-0.1943589
-0.66216743
-0.44329572
-0.15678793
-0.5753518
-0.4252724
-0.046622317
-0.20360245
-0.15113224
-0.14176461
-0.25853646
-0.27733523
-0.13488469
-0.3125173
-0.28346875
0.10383161
0.23412707
0.1588995
0.23315647
0.5266186
0.4038569
0.1612418
0.39953777
0.32209542
-0.067459024
-0.21146259
-0.15926728
-0.197946
-0.4871918
-0.35681823
-0.13500144
-0.33526993
-0.24113359
0.16982532
0.31324592
0.24006747
0.26191196
0.57559645
0.46517882
0.20818003
0.45078227
0.353794
0.24303539
-0.40017128
-0.16051066
-0.3879611
-1.0841457
-0.79217184
-0.28612778
-0.91314894
-0.8441852
0.0878553
0.18836966
0.15114409
0.16748813
0.38433722
0.30322692
0.14640073
0.32250223
0.23792118
0.06828758
0.28326815
0.27025095
0.25680226
0.58806056
0.4958569
0.2339672
0.47828683
0.37753728
0.002862949
-0.15224805
-0.11302794
-0.26594275
-0.35532215
-0.35684058
-0.22190359
-0.54078656
-0.48790202
0.16777262
0.39525154
0.3014341
0.32925686
0.74259377
0.5388024
0.19955346
0.48798057
0.35890588
0.23768222
0.36015293
0.37072626
0.28874224
0.5107937
0.4836689
0.30222458
0.579662
0.4395567
0.204172
0.4751444
0.368339
0.43772313
0.93069077
0.7365432
0.32290363
0.6821021
0.5501985
0.03664093
-0.3524791
-0.23080127
-0.35637185
-0.783481
-0.6903996
-0.28381312
-0.79289937
-0.74854183
0.10953765
0.32362655
0.2701395
0.32120913
0.84061974
0.6956942
0.2868233
0.7472714
0.6148751
-0.085377574
-0.277337
-0.17458116
-0.23627527
-0.39360344
-0.34310174
-0.13282563
-0.27868518
-0.23678666
0.3611315
0.63136387
0.5630071
0.52922577
1.0868093
0.9345142
0.40620518
0.8944699
0.74274105
-0.0083246
0.08484841
0.098713115
0.34839758
0.6159813
0.49451616
0.2685963
0.74608845
0.577965
-0.57014155
-1.0242567
-0.75496924
-0.044225484
0.14824843
0.026401298
0.26214433
0.70588195
0.513656
0.26113856
0.6223556
0.45105255
0.36337253
0.75015426
0.63198394
0.15494041
0.44823742
0.39318463
-0.051460743
-0.1974846
-0.17744526
-0.2400425
-0.4347106
-0.37648517
-0.20178618
-0.3739449
-0.30436534
0.28351754
-0.8458775
-0.5523985
-0.64668447
-1.2879101
-1.1074672
-0.2935636
-1.3980291
-1.213915
0.16617018
0.44373974
0.43139803
0.46197233
0.75737655
0.72452223
0.48248887
0.82454896
0.71926254
0.13256647
0.2533666
0.18424976
0.33722472
0.6990398
0.53205395
0.22969791
0.5904411
0.46993503
0.038687844
0.1998617
0.15472206
0.1982177
0.42992255
0.32840827
0.16688435
0.30692965
0.25087267
0.058731202
0.17172605
0.13665506
0.17743543
0.43799913
0.32537445
0.12168547
0.32086378
0.2290193
-0.12334097
-0.29261404
-0.23880722
-0.25255978
-0.4730773
-0.38197684
-0.12977315
-0.30947673
-0.24485369
0.056990415
0.21913359
0.16437742
0.20074856
0.49512044
0.39056152
0.1619271
0.4019293
0.31031173
-0.016330091
-0.36860728
-0.17532785
-0.22266889
-0.925235
-0.6768378
-0.17576994
-0.70894897
-0.5042788
0.10629379
0.24099068
0.16235648
0.27598456
0.5399608
0.45076528
0.2303564
0.5101167
0.40182632
-0.061258666
-0.19846731
-0.156488
-0.17885025
-0.43427515
-0.31887072
-0.14641762
-0.3407695
-0.2470718
-0.12864397
-0.29637173
-0.21789227
-0.25080043
-0.5825044
-0.42808953
-0.15240368
-0.39661056
-0.2966241
-0.024489414
-0.12024593
-0.09299003
-0.124195665
-0.254863
-0.21495792
-0.090123095
-0.23737796
-0.2145221
-0.32820255
-0.63218546
-0.53968394
-0.05350299
-0.006783808
-0.09117447
0.12939271
0.39450333
0.25579208
0.17871825
0.33352375
0.29731932
0.4482716
0.7732253
0.6631993
0.3000471
0.6959257
0.48221186
0.16213378
0.32769132
0.252196
0.23428488
0.46337008
0.37481856
0.2111452
0.52052593
0.40729466
-0.0067780977
-0.1511367
-0.24149776
-0.3257501
-0.59801996
-0.60681266
-0.22905478
-0.7344598
-0.67845786
0.1718864
0.39695153
0.3052181
0.3175547
0.7179199
0.56180894
0.24550004
0.5354246
0.41787905
0.09871296
-0.36280733
-0.27894142
-0.25922948
-1.5048715
-1.1372162
-0.2698028
-1.2772323
-1.0427248
-0.40559632
0.122783
0.16185988
0.04579866
0.9908814
0.7699134
0.0034328257
0.97607285
0.77918446
-0.10202643
-0.27384526
-0.1933298
-0.2565599
-0.5811627
-0.43177566
-0.17707339
-0.42061225
-0.32074937
0.16499004
-0.4493244
-0.2710698
-0.27895096
-1.3634305
-1.0457299
-0.28928235
-1.2260199
-0.9995664
0.1939586
0.5051602
0.37299132
0.3862799
0.90950733
0.67309463
0.23481601
0.58853096
0.4672697
0.037592888
-0.56727016
-0.46728754
-0.6711187
-0.938092
-0.86350596
-0.38641086
-0.9692126
-1.1188439
0.14707334
0.30892482
0.25062168
0.2675085
0.53531206
0.45429316
0.21092308
0.4574583
0.3555625
-0.08855184
-0.25201577
-0.20897368
-0.24245396
-0.5382256
-0.4157997
-0.18812501
-0.42824307
-0.32581982
0.19399022
0.4517958
0.3589047
0.39498556
0.8294464
0.65618235
0.2775331
0.6200447
0.48923168
0.16509369
0.46692365
0.33251107
0.44411865
0.9951869
0.73509526
0.28844953
0.70403683
0.5200865
0.32990712
0.88906145
0.6965286
0.9591072
1.8118881
1.4174856
0.80262893
1.5087957
1.1958873
0.09826848
-0.41299668
-0.42099077
-0.2817295
-0.6539963
-0.5861453
-0.27166197
-0.79890007
-0.7342975
-0.066649415
-0.18556865
-0.15820464
-0.16809088
-0.41694173
-0.34507242
-0.10164018
-0.3347
-0.2760474
0.25569734
0.31970343
0.30578303
-0.092572466
-0.13483928
-0.14184377
-0.3402055
-0.6584345
-0.6057699
0.11664916
0.25115976
0.19990946
0.23730206
0.5791039
0.46516946
0.1999988
0.5018038
0.39434612
0.15694909
0.36644858
0.27814242
0.30476767
0.6548545
0.5028302
0.21293683
0.45367873
0.3443864
-0.06247273
-0.16590606
-0.173301
-0.1800857
-0.34166214
-0.3174168
-0.1270424
-0.2779252
-0.25591567
0.3233934
0.5778716
0.43677074
0.5515124
0.93686545
0.7658227
0.46023667
0.8075167
0.6671876
-0.047787428
-0.17000024
-0.12408378
-0.16321658
-0.38548762
-0.28781387
-0.14596269
-0.287653
-0.23155454
0.18125135
0.32992303
0.27700633
0.30494133
0.5794312
0.4429558
0.2379969
0.51518565
0.3395899
-0.10320684
-0.23659562
-0.19002375
-0.22121675
-0.3706155
-0.3283164
-0.1315181
-0.32461524
-0.26209584
0.09723082
0.26877764
0.22551525
0.20621632
0.51289433
0.4049023
0.16761027
0.41978344
0.29497862
0.19224781
0.42217934
0.32112217
0.34832793
0.72256905
0.56022185
0.23753446
0.51722634
0.43830568
-0.06111282
-0.35073248
-0.27208698
-0.3535118
-0.74241877
-0.61393714
-0.25178248
-0.60505486
-0.52040315
0.09882997
0.38090765
0.30045688
0.32121688
0.70311564
0.5549197
0.21137372
0.49782243
0.41191822
0.34227452
0.30465385
0.21088953
0.34043455
0.7485165
0.58245564
0.30228892
0.611447
0.4928311
-0.116595566
-0.27648357
-0.20911102
-0.2399085
-0.58313197
-0.44294947
-0.16422503
-0.43380344
-0.3212909
-0.072936215
-0.29942244
-0.21040326
-0.28524023
-0.59829026
-0.47294292
-0.21701851
-0.4956863
-0.3921877
0.3048187
0.5755362
0.51869935
0.53736496
1.1461055
0.91231024
0.42102593
0.9810221
0.7690357
0.1475169
0.32550043
0.2542256
0.24836865
0.62598324
0.48088506
0.19892831
0.4513156
0.3406344
-0.046091653
-0.18287848
-0.12723567
-0.20372374
-0.45051938
-0.33673564
-0.15295362
-0.3535252
-0.28841215
0.03277567
0.13814114
0.12872668
0.21362439
0.45310736
0.33224875
0.1821928
0.4734608
0.3594212
-0.32815263
-0.8079144
-0.70493793
-0.17329542
-0.0924936
-0.14596274
0.15920442
0.5202073
0.34387806
0.117695734
0.30885506
0.23208609
0.21843448
0.4960067
0.4053691
0.13101222
0.3468391
0.25142547
0.14575802
0.3762048
0.2725603
0.2753176
0.69729125
0.51571834
0.16254935
0.48574618
0.39159274
0.19450282
0.40288335
0.32813087
0.33778703
0.7127973
0.55619633
0.23964497
0.4976853
0.3760345
0.2530908
0.47407106
0.3832303
0.400241
0.770147
0.6303097
0.29637852
0.59244215
0.49601194
0.16337404
0.42936096
0.34251434
0.38032097
0.75522965
0.5785071
0.26373604
0.5204687
0.39237666
-0.07725305
-0.2374272
-0.20946845
-0.2119916
-0.39753503
-0.34769642
-0.14372066
-0.29377696
-0.2599353
-0.091920264
-0.24608621
-0.18598211
-0.22613317
-0.42622414
-0.34728855
-0.1695135
-0.326503
-0.24411339
-0.06226701
-0.109524444
-0.16110013
-0.15430646
-0.25079498
-0.28031453
-0.30057472
-0.57604367
-0.5756068
-0.061606575
-0.20093432
-0.17997423
-0.16813923
-0.42276028
-0.3111662
-0.08098054
-0.3238885
-0.22549254
0.5626949
0.83793855
0.6294651
0.8359168
1.6046741
1.1885659
0.559755
1.2522129
1.0047139
0.849121
1.2982079
0.95029104
0.078998685
1.3783021
1.247013
-0.5167436
1.0946907
0.79943705
-0.06455223
-0.17026463
-0.13260302
-0.18266603
-0.44164735
-0.33175096
-0.12488323
-0.3525065
-0.25831026
-0.032933284
-0.16967846
-0.113674976
-0.16625157
-0.36441985
-0.28724536
-0.124874614
-0.29253098
-0.23699749
-0.12270287
-0.28036562
-0.22345112
-0.26451194
-0.4922106
-0.3964046
-0.15571971
-0.33678246
-0.26621628
0.16842046
0.41225243
0.28999454
0.34347907
0.614313
0.5227779
0.3582204
0.5198155
0.44007313
0.021453263
-0.07407277
-0.061659735
-0.1646957
-0.34196937
-0.30247313
-0.20963658
-0.34019953
-0.28613022
-0.084102765
-0.19604576
-0.13716426
-0.21045434
-0.4365363
-0.33196768
-0.15850794
-0.3466639
-0.2834556
0.0993503
-0.39393052
-0.33078197
-0.5240826
-1.2704786
-1.0327203
-0.29765844
-1.2532895
-1.096964
-0.22738919
-0.21818306
-0.31814516
-0.1415064
-0.1006228
-0.2154136
-0.036354236
0.0040047495
-0.025434574
0.21307595
0.51171255
0.39841118
0.4196454
0.87388444
0.6831371
0.29449826
0.60063046
0.4644503
-0.05260391
-0.16523832
-0.11153504
-0.15075809
-0.28962526
-0.21924202
-0.08667806
-0.20925522
-0.15509531
0.083553545
0.21774147
0.18477291
0.20768717
0.515351
0.42645812
0.1662612
0.40796855
0.32639313
0.19080164
0.4416984
0.3401553
0.3425166
0.6708289
0.53182423
0.21286882
0.46630442
0.34729737
-0.04903979
-0.1438954
-0.11148967
-0.12606315
-0.33760545
-0.259467
-0.11015615
-0.26695994
-0.18927501
0.071420364
-0.16319966
-0.0938336
-0.24162148
-0.95578694
-0.79682326
-0.26083586
-0.93685716
-0.8163662
-0.13525139
-0.29076102
-0.21785612
-0.25613478
-0.5794755
-0.44548893
-0.17874534
-0.42344293
-0.30678543
0.076329246
0.32638174
0.23721069
0.4071401
0.84617627
0.65185773
0.35000128
0.71601415
0.5899476
-0.14054412
-0.37401018
-0.28809798
-0.19082355
-0.47597635
-0.36205146
-0.119999975
-0.3213911
-0.27325028
-0.09528821
-0.22477774
-0.1851709
-0.18822409
-0.3551887
-0.3227499
-0.14971241
-0.27447352
-0.2263542
0.09094148
0.20381431
0.14769424
0.19936399
0.47595432
0.38395274
0.15544178
0.40408823
0.31315848
0.1785339
0.50049573
0.43167022
0.43100423
0.881147
0.71697074
0.3342553
0.66611856
0.53764087
-0.07799641
-0.19455585
-0.16289513
-0.15840971
-0.4827145
-0.36573654
-0.11906484
-0.36642063
-0.26367253
-0.1069387
-0.22246064
-0.18241543
-0.24366125
-0.51730484
-0.38008195
-0.13127288
-0.37893793
-0.26375756
0.06607852
-0.24012233
-0.23962963
-0.26089826
-0.93154055
-0.7804802
-0.16528097
-0.8604391
-0.70970964
-1.6955411
-1.633183
-1.5251842
1.0383402
1.9832723
1.419265
0.73128974
1.1595099
1.3330914
0.07888162
0.18787162
0.13678819
0.1909979
0.4137798
0.30332017
0.123025164
0.3041379
0.2243612
0.10797506
0.22122812
0.1853374
0.20652747
0.46287864
0.35585362
0.14105424
0.36178184
0.26777738
-0.083760254
-0.2668586
-0.22420558
-0.18985341
-0.38423932
-0.31991854
-0.14578775
-0.2617485
-0.19374564
0.13689056
0.28664857
0.24145107
0.25410312
0.60820144
0.5033404
0.17535822
0.448319
0.3488914
0.07985977
0.27257988
0.21920006
0.21938835
0.44378427
0.37089643
0.14702147
0.35873225
0.30430356
0.32104215
0.66841143
0.51825553
0.54595286
1.1163776
0.8764211
0.3160548
0.7838883
0.6209227
0.016522778
-0.11282072
-0.09208005
-0.12621248
-0.3326719
-0.24558449
-0.09482922
-0.27897912
-0.23055917
0.24193329
0.5955629
0.5377635
0.0038669326
-0.0012087901
-0.08406621
-0.35104176
-0.8298737
-0.75500625
-0.07269605
-0.086483374
0.0016744762
0.15220337
0.40045893
0.32906878
0.18945882
0.57024604
0.44537386
0.090129
0.2697907
0.23244937
0.1883902
0.48028985
0.42337182
0.23625943
0.4847351
0.40711078
0.17348927
0.45290744
0.34103557
0.3890203
0.9095347
0.6975017
0.2983165
0.65868086
0.48845112
0.104920946
0.299189
0.2436966
0.20442484
0.5288142
0.41341573
0.14894487
0.35137418
0.27305827
0.2212969
0.40716037
0.33626905
0.3495621
0.73338985
0.598819
0.25309673
0.57232165
0.4444123
0.23034221
0.33796626
0.20877671
0.37088853
0.89026207
0.66025895
0.195234
0.81424284
0.67871404
0.22509177
-0.39110324
-0.38232443
-0.5478437
-1.3042316
-1.0578966
-0.2908137
-1.2765256
-1.068682
-0.21952465
-0.37952992
-0.38211998
-0.26540217
-0.17443135
-0.36707467
-0.30801234
-0.5164626
-0.5556716
0.13948537
0.44298047
0.31560713
0.34637946
0.817693
0.6238505
0.21251126
0.54708207
0.45818532
-0.01955379
-0.30910248
-0.29079118
-0.4330432
-0.87279624
-0.7983688
-0.30397233
-0.7694476
-0.7624214
0.2991148
0.47731796
0.37370002
0.37873843
0.62297934
0.53613156
0.17515399
0.5217201
0.48891217
-0.038670853
-0.16996904
-0.14427297
-0.15237698
-0.42307085
-0.30849418
-0.11867992
-0.30668405
-0.22158618
0.14843808
0.28402102
0.19005322
0.25449735
0.5489162
0.4183406
0.15903135
0.4262626
0.32129923
0.08558706
0.39663365
0.37638173
0.43592513
0.8185988
0.63220817
0.2509523
0.5856136
0.5406855
0.17005114
0.3918877
0.3030704
0.3365717
0.70662314
0.55826575
0.2910636
0.5913829
0.49596965
0.06356849
-0.32683903
-0.25470003
-0.2768924
-0.88353115
-0.7708149
-0.3340428
-0.8573285
-0.7505472
-0.09922768
-0.31528533
-0.23930252
-0.27062464
-0.5281439
-0.41903457
-0.16999008
-0.41246837
-0.32533053
0.14268105
0.34210038
0.2446474
0.3104443
0.59911644
0.46408787
0.21525629
0.42697442
0.32743648
0.27278155
0.54229677
0.43658158
0.39108124
0.9105797
0.73146576
0.2869359
0.61271596
0.4906796
0.24536783
0.55337983
0.49907815
0.58746
1.349532
1.0851754
0.38661954
1.0538702
0.8653029
-0.066268556
-0.18082912
-0.18100117
-0.195898
-0.45542789
-0.35733798
-0.13379844
-0.32153258
-0.214409
-0.078956164
-0.24854946
-0.16924874
-0.20549056
-0.45617557
-0.34360045
-0.12327545
-0.32775128
-0.26299798
0.11521893
0.2767141
0.21122944
0.25093132
0.5523635
0.40657327
0.17626445
0.4051809
0.3115786
0.072860606
0.2677599
0.17771721
0.2620767
0.68245035
0.5665036
0.22362044
0.5852672
0.5091581
0.104512475
0.31433952
0.27873355
0.41132337
0.61967754
0.46142325
0.21812911
0.54832727
0.39425868
0.1539803
0.307326
0.215873
0.32505524
0.6667753
0.4974163
0.2336253
0.5060261
0.3924497
0.12239573
0.26784977
0.18712921
0.25068972
0.629893
0.50163877
0.18927293
0.49491146
0.3921041
0.30058992
-0.4192349
-0.2608701
-0.4159292
-1.5778413
-1.2304486
-0.28468212
-1.3663702
-1.4042888
0.14054829
0.39720437
0.3225109
0.3406346
0.77301854
0.59460276
0.23357241
0.5535456
0.40558475
0.12959023
0.3318533
0.25136337
0.17179756
0.46570465
0.36228207
0.10790232
0.38575405
0.2851154
-0.1263971
-0.30035585
-0.3510695
-0.21715444
-0.33965704
-0.38420102
-0.13766015
-0.4572929
-0.41775444
0.17226122
0.39603347
0.3162977
0.3703546
0.7934113
0.6712499
0.28937098
0.58784217
0.49932802
-0.10694971
-0.25860056
-0.24684499
-0.25999308
-0.45589775
-0.38083038
-0.1519781
-0.44336754
-0.4357429
0.069889545
0.3395911
0.28110796
0.30464488
0.67596596
0.47822747
0.24477623
0.5669982
0.43163952
0.3701159
0.55987036
0.3962252
0.5059176
1.000425
0.7731454
0.29031894
0.76624805
0.65657973
0.48237556
0.8224972
0.6747154
0.72288525
1.3419082
1.0746702
0.52666956
1.0426977
0.79966193
0.10940181
0.26890352
0.21742335
0.16073546
0.406243
0.30164328
0.09995865
0.2496177
0.18489867
-0.07729663
-0.19730632
-0.16878852
-0.22329977
-0.49877173
-0.39439705
-0.15465438
-0.41896603
-0.3056536
-0.23362704
-0.40215132
-0.34582993
-0.39963576
-0.537899
-0.5222755
-0.1693414
-0.46306852
-0.37291
0.05678976
0.2029311
0.14559498
0.20725021
0.485163
0.39040634
0.17935655
0.41750368
0.35587204
-0.073743515
-0.23325193
-0.16050449
-0.22930323
-0.4944709
-0.3621712
-0.1685699
-0.38142613
-0.27416387
-0.047864135
-0.20081486
-0.15848947
-0.12552065
-0.30654398
-0.25087202
-0.096736886
-0.22179909
-0.1827286
0.10992608
-0.3304861
-0.19310085
-0.2833119
-1.0721273
-0.7209731
-0.17944512
-0.89724255
-0.7220887
0.032135352
-0.058444727
-0.019800967
-0.12784272
-0.45212346
-0.31650886
-0.1423674
-0.38478905
-0.31036648
-0.28506017
-0.5023151
-0.5030164
-0.14436771
0.07377839
-0.04562448
0.23102507
0.58780277
0.4418666
0.13996534
0.319028
0.31475797
0.38241747
0.5547765
0.5251275
0.35852745
0.548632
0.52231336
0.1882542
0.33216104
0.17568564
0.43387973
0.95765406
0.7748531
0.32073906
0.9518312
0.76295227
0.2070771
0.4233589
0.3339291
0.37329513
0.78870505
0.6011881
0.2763605
0.610941
0.47523817
0.031935968
-0.050678823
0.0010714255
-0.12915379
-0.47832882
-0.4043803
-0.24509695
-0.68514854
-0.5680409
0.27164006
0.5635961
0.40113336
0.40177768
0.90932626
0.6962419
0.3665547
0.72487617
0.5644699
0.14060965
0.3998527
0.32150817
0.32080144
0.7236982
0.5950221
0.24405442
0.55640155
0.4405699
0.12320495
0.31263533
0.24872132
0.29634714
0.62621915
0.4724546
0.20173566
0.48806226
0.3687826
-0.112743475
-0.3034922
-0.19960865
-0.3128771
-0.6205971
-0.45072535
-0.20578459
-0.45406288
-0.32957447
0.20200518
0.41778803
0.31637207
0.38434252
0.8620194
0.67020786
0.2609425
0.64563197
0.50734
0.20290369
0.3196561
0.2285421
0.30184287
0.7510803
0.60481584
0.26700938
0.7126197
0.54230756
0.17841792
0.46548122
0.34689784
0.37239972
0.8228937
0.63321286
0.23458461
0.56804734
0.44405082
0.20167243
0.2698729
0.2229508
0.2665862
0.44781294
0.36574653
0.123539984
0.43401575
0.36314744
0.17821002
0.49893376
0.39861095
0.45642814
0.84796643
0.669808
0.33772883
0.6327285
0.48741564
0.20993309
0.304976
0.29209134
0.27868497
0.7008933
0.6627321
0.2805473
0.6161545
0.5247815
-0.015624883
-0.36620167
-0.24398507
-0.29519674
-0.81784487
-0.7166576
-0.34541968
-0.72731096
-0.5823868
0.3247908
0.6741195
0.5534348
0.6492337
1.2745508
1.0699018
0.48941576
1.0977049
0.89997655
0.124332994
0.1977339
0.14033
0.22025044
0.50161797
0.38966286
0.15062186
0.37004387
0.3090827
-0.17073372
-0.39718717
-0.292537
-0.28696105
-0.5951297
-0.4564732
-0.18553033
-0.41020525
-0.30683714
-0.14814767
-0.33115375
-0.25175858
-0.28519347
-0.5205645
-0.4138431
-0.1349041
-0.3821963
-0.28889173
0.1723404
0.3595248
0.30527765
0.2790245
0.54686093
0.42013445
0.19050942
0.4530625
0.32689616
0.10125578
0.33077043
0.30873317
0.29410082
0.6812163
0.5492905
0.25030607
0.54104537
0.42764193
0.12591097
0.30612603
0.23393363
0.24140134
0.5669489
0.47257975
0.16061512
0.42169297
0.34541675
0.08766761
0.27428612
0.20023833
0.2754724
0.6979383
0.52700794
0.21145861
0.5299066
0.38575152
-0.066849895
-0.1935179
-0.14562644
-0.22494784
-0.4914214
-0.3782602
-0.1354194
-0.41169694
-0.3447701
0.13007568
0.32885087
0.25619766
0.21599172
0.5367938
0.45834565
0.18683451
0.44130638
0.38556808
-0.10882046
-0.33275977
-0.25344563
-0.29390287
-0.6650481
-0.48579797
-0.19009526
-0.43514594
-0.33267605
0.17557721
0.3638436
0.2469135
0.38960606
0.77276236
0.5917524
0.2744908
0.5935978
0.45730034
0.08092694
0.23632379
0.1824539
0.25933406
0.5508322
0.4138259
0.16196202
0.42904687
0.34827065
0.28941426
0.5382225
0.42585894
0.47140506
0.8791732
0.6113713
0.25737506
0.61024207
0.4032934
-0.47444114
0.16462031
0.17459193
-0.06843432
0.6129158
0.57272416
0.09967894
0.55223405
0.5150929
0.38491365
0.3506139
0.31333616
0.42693076
0.88361514
0.7842161
0.38834667
0.8661959
0.73313177
0.11312645
0.2992623
0.26885387
0.25783563
0.5908498
0.47227305
0.19095558
0.43049926
0.34183782
0.13711861
0.3745684
0.22964881
0.32023248
0.71061504
0.5432166
0.28623655
0.5660503
0.43913952
0.25324613
0.52217776
0.39012814
0.41794083
1.0506437
0.82462144
0.28789407
0.74751896
0.6417787
0.19944347
0.38984683
0.29299387
0.33216584
0.758012
0.62169313
0.22568451
0.61421216
0.49137327
-0.09665062
-0.30775458
-0.21738355
-0.3010879
-0.5210116
-0.41670674
-0.19408219
-0.43788004
-0.3344892
0.12458392
0.21736498
0.19495699
0.21540603
0.5057465
0.40328044
0.14337826
0.40412855
0.32232437
0.28543305
0.2496704
0.51646364
0.29975882
0.2088868
0.50838566
0.38913077
0.4658187
0.5731476
-0.036483385
-0.23243994
-0.12748705
-0.2558297
-0.7025771
-0.5864747
-0.24495254
-0.59962076
-0.4798569
0.22838522
-0.31666067
-0.305735
-0.27615932
-1.5367419
-1.1313186
-0.17377953
-1.1091083
-0.86386275
0.37681586
0.5501839
0.49698028
0.42062658
0.684514
0.63413775
0.34649125
0.60172296
0.4971629
0.093692705
0.22792147
0.1822157
0.22510669
0.5218974
0.41646513
0.1504353
0.4319712
0.33593625
0.11649094
0.34829247
0.29763082
0.27804473
0.6203056
0.46327448
0.16349725
0.39927414
0.30110016
-0.053748794
-0.1894867
-0.14469273
-0.18971147
-0.4534185
-0.36550775
-0.14596821
-0.33801433
-0.27061296
0.11827543
0.27649617
0.22769846
0.26057076
0.6665616
0.5013523
0.18116897
0.50781626
0.3631947
-0.07314712
-0.23379585
-0.16870812
-0.20448107
-0.4307703
-0.33451033
-0.123197004
-0.31653035
-0.25046587
0.24596977
0.5466827
0.3820126
0.51644367
1.0005978
0.7773001
0.3874438
0.77948296
0.6497032
0.11361077
0.2873691
0.23012336
0.25246942
0.59828806
0.47135895
0.17481463
0.45705667
0.36492229
0.3011129
0.52889144
0.37225515
0.44298396
0.90235007
0.68652236
0.2803509
0.6448638
0.5144538
-0.067309506
-0.27974698
-0.14640544
-0.24885394
-0.46843562
-0.37198883
-0.18310726
-0.3545289
-0.32367733
0.1731277
0.37388527
0.31507894
0.3651576
0.8487264
0.683991
0.3226026
0.7020308
0.54701
0.29283682
0.519111
0.41896078
0.5128532
0.90544814
0.683097
0.32408482
0.6671665
0.5096197
0.21611005
0.3856159
0.29352522
0.38199174
0.8071449
0.65541553
0.31874225
0.68097544
0.57455546
-0.11581031
-0.3157662
-0.2508692
-0.24866617
-0.55108315
-0.3954967
-0.15739177
-0.38297316
-0.2719482
-0.08557965
0.22293846
0.28729597
0.107605085
0.796539
0.6505141
0.15638526
0.7609593
0.71246326
0.06920193
0.2130291
0.16123794
0.21717867
0.4921265
0.38547835
0.14729716
0.34703374
0.26756492
0.0739166
0.25133222
0.17589374
0.31618303
0.72508967
0.51299095
0.27398977
0.56794894
0.40561524
0.27429405
0.42570126
0.35730192
0.41049802
0.8009826
0.66743267
0.3348746
0.61884946
0.47868568
0.090746775
0.33823988
0.2605497
0.27301756
0.74452573
0.57800424
0.22509682
0.49219668
0.42037052
0.17963932
0.49787188
0.36619997
0.21743764
0.81615824
0.6259378
0.32672635
0.72217906
0.55383843
0.2864278
0.7708736
0.57405275
0.74394065
1.6364826
1.2574668
0.5212313
1.1919767
0.9502645
-0.08661356
-0.24718906
-0.16907606
-0.24129371
-0.45369455
-0.3433253
-0.17438978
-0.34552285
-0.272614
0.30472347
0.5687611
0.47378317
0.5399234
0.9715736
0.8822645
0.39759833
0.8787347
0.79738253
0.053085227
-0.4772258
-0.47625986
-0.5335174
-1.1390225
-1.0518982
-0.34729892
-1.1396966
-1.0766866
0.11560501
0.31644544
0.23222737
0.31242636
0.65278673
0.53022224
0.24990873
0.54209083
0.42715478
-0.09568915
-0.17076743
-0.19645113
-0.16692004
-0.23185952
-0.25737277
-0.08174624
-0.21569817
-0.22126268
-0.07247732
-0.36664677
-0.37007415
-0.33204406
-0.5913607
-0.60795593
-0.14720482
-0.5077939
-0.4720663
0.12970741
0.28187993
0.2019768
0.2668635
0.6976632
0.54823846
0.2119394
0.5307642
0.42980587
-0.069890134
-0.44529274
-0.3513172
-0.39403632
-0.6664807
-0.62944055
-0.20799594
-0.6649765
-0.6348097
-0.04890591
-0.1894691
-0.1369008
-0.19774602
-0.4536522
-0.3391251
-0.14920178
-0.35641238
-0.29169455
-0.01997612
-0.19424744
-0.13589801
-0.17731854
-0.40980145
-0.32941306
-0.15508816
-0.32319844
-0.25383607
0.12733832
0.33837187
0.297736
0.27244064
0.611545
0.46475184
0.16961357
0.47978073
0.34204653
0.22623762
0.41077694
0.32602063
0.35073015
0.5651455
0.46626502
0.19615388
0.4649355
0.3514234
-0.086790375
-0.29402933
-0.22277446
-0.20780776
-0.5005061
-0.37969062
-0.13616072
-0.30822137
-0.25414047
0.19157045
0.3333845
0.25730288
0.3023004
0.63337445
0.52543396
0.23099843
0.5340311
0.44439888
-0.009002615
-0.1898709
-0.1312817
-0.20782644
-0.48453534
-0.3605769
-0.21301857
-0.4292478
-0.37111822
-0.0809835
-0.20861565
-0.16048416
-0.16560242
-0.38877076
-0.3158513
-0.14411864
-0.31230336
-0.2562549
-0.1412049
-0.31043667
-0.23411922
-0.28150046
-0.5599052
-0.4345145
-0.19518878
-0.42182583
-0.32045636
0.09881098
0.24184239
0.13903505
0.21472573
0.47360316
0.34499374
0.18842001
0.36333132
0.30892414
-0.09396472
-0.2352005
-0.16067688
-0.20012316
-0.52655566
-0.3886636
-0.15552872
-0.3697549
-0.27890867
0.18480973
0.34121618
0.27598694
0.3439013
0.66343415
0.5353056
0.30859998
0.5851447
0.45030257
0.18890828
0.3050351
0.26726648
0.24199212
0.5462788
0.47385022
0.23909011
0.46330443
0.3662952
-0.12422505
-0.26546726
-0.21071805
-0.22621161
-0.46945655
-0.35501042
-0.12680021
-0.3158865
-0.21431035
-0.0067605246
-0.12457107
-0.06594118
-0.17627043
-0.2986066
-0.2566965
-0.16661008
-0.28705415
-0.2660467
0.24176756
0.41291082
0.36436677
0.41671672
0.8091912
0.6708751
0.2869247
0.6492059
0.52618825
0.08473132
0.3061594
0.21932355
0.27880263
0.7573351
0.5983957
0.23089747
0.62713426
0.5240602
0.13957874
0.24528709
0.17590767
0.26056054
0.54265124
0.40002218
0.18834108
0.40990672
0.29627213
0.2995391
0.48644617
0.3560058
0.5117762
1.0483335
0.845249
0.39988074
0.9215141
0.7666504
-0.12797682
-0.32237202
-0.26409483
-0.2908761
-0.57376224
-0.44817463
-0.15416561
-0.4371565
-0.306036
-0.086520344
-0.2582443
-0.1688224
-0.22055231
-0.49601862
-0.36231828
-0.17734
-0.37894246
-0.27280548
0.27743787
0.48137575
0.35277054
0.43692005
0.8502626
0.6755635
0.34015593
0.7088967
0.54599357
0.22338778
0.2727981
0.33134314
0.008046074
-0.17119806
-0.16029526
-0.42276523
-0.9323618
-0.77238625
0.26530486
0.41003266
0.33420554
0.3705669
0.5711849
0.50995547
0.29464933
0.5088581
0.4183579
-0.025251098
-0.18874848
-0.113841005
-0.18537647
-0.4040911
-0.32919356
-0.1625158
-0.34085095
-0.29506218
-0.025662843
-0.47488192
-0.36202073
-0.37558013
-0.73245764
-0.6271891
-0.24176028
-0.6232807
-0.56256956
-0.2189713
-0.1202615
-0.4939484
-0.14176291
-0.009655405
-0.490241
-0.56071115
-0.54169846
-0.9599882
0.14755441
0.32717502
0.24812727
0.22926989
0.5934181
0.5310606
0.24808915
0.5135978
0.41611293
-0.26936913
-0.5491712
-0.46646664
-0.11280698
-0.10831929
-0.09356028
0.32489365
0.887145
0.5907309
0.1938471
0.3609506
0.22403933
0.2920141
0.66358346
0.51114357
0.1872024
0.51341087
0.39018294
0.3427887
0.40778
0.3405491
0.40950564
0.5932416
0.5058329
0.27387398
0.67192405
0.5166553
0.35191318
0.45974264
0.36430788
0.37938917
0.7620831
0.6455761
0.28221908
0.66435254
0.47779056
-0.05583224
-0.18268724
-0.14687781
-0.1928125
-0.37910065
-0.2740777
-0.10581117
-0.2826161
-0.22478911
0.1586384
0.359521
0.28475314
0.26356363
0.55175394
0.45237988
0.19268034
0.44646004
0.34718457
0.053607885
0.2219889
0.17628653
0.21822304
0.39035422
0.28931406
0.1574973
0.28006902
0.21097428
0.1310988
0.27737805
0.19318096
0.2784555
0.6305099
0.459354
0.21342257
0.49530998
0.37996295
0.116881296
0.33291492
0.22487552
0.29428077
0.7558016
0.5913601
0.24341287
0.59431154
0.48425114
0.093294725
0.24886328
0.16458099
0.23347367
0.54540026
0.43337032
0.20619361
0.41407314
0.33094227
-0.020913217
-0.17833446
-0.17191944
-0.1897011
-0.5701865
-0.43024367
-0.1325741
-0.3920204
-0.2946342
0.19164518
0.56340957
0.39295715
0.054979008
0.2281888
0.08705729
-0.6437923
-0.94439715
-0.73866427
-0.059174217
-0.17753117
-0.12885958
-0.17027521
-0.39706033
-0.30841115
-0.10346221
-0.3154616
-0.25588185
0.30256137
-0.2282608
-0.21487041
-0.31698748
-1.2649742
-0.974084
-0.30905783
-1.2171512
-1.1091784
-0.06455862
-0.18172532
-0.1422377
-0.17337647
-0.42596543
-0.3208178
-0.12048966
-0.29848278
-0.22372568
-0.061629754
-0.1921844
-0.12448966
-0.17403646
-0.42819414
-0.3311913
-0.18353723
-0.37188575
-0.27243695
0.55967206
0.27598527
0.57453847
0.28156948
0.0043913573
0.39974937
0.5050272
0.22694886
0.6571823
0.18005975
0.36193052
0.29838094
0.34242854
0.91462946
0.7267473
0.22418967
0.71210086
0.58512837
-0.03997702
-0.20509116
-0.15577753
-0.21866092
-0.49750385
-0.39290097
-0.16286877
-0.39091653
-0.3230595
0.1505296
0.33031502
0.25647908
0.2463679
0.5676105
0.4473346
0.1719126
0.3967962
0.3183133
-0.038469493
-0.2016237
-0.13085625
-0.10928639
-0.24220541
-0.20671295
-0.1498334
-0.26619023
-0.23224707
0.23580267
0.48334652
0.39496854
0.3376459
0.7787645
0.6106244
0.18733713
0.48507458
0.36404872
-0.117465034
-0.26041555
-0.1985554
-0.19628985
-0.3818127
-0.2948148
-0.09381769
-0.3144196
-0.27126157
-0.042470124
-0.21266845
-0.13608761
-0.15601261
-0.3074756
-0.25627905
-0.120986626
-0.20276904
-0.15595296
0.14908084
0.36438015
0.27364418
0.32007906
0.65898615
0.5122273
0.2333704
0.4720206
0.37103152
0.12603448
0.55077064
0.35861835
0.39773464
0.9685041
0.8304536
0.3782427
0.7018225
0.6316089
-0.09138677
-0.2276828
-0.13963623
-0.20609015
-0.3262674
-0.2593432
-0.08966644
-0.24410601
-0.21589737
-0.10610599
-0.23833445
-0.22774366
-0.20420969
-0.46668348
-0.39450145
-0.14514898
-0.39104736
-0.276642
-0.17253642
-0.3626692
-0.2712636
-0.34829023
-0.6439701
-0.49018508
-0.19121204
-0.46800226
-0.36138186
0.17364901
0.33267376
0.27182555
0.33880654
0.68113965
0.5725105
0.32725772
0.6167566
0.48021233
-0.036948822
-0.1888992
-0.11740135
-0.19830321
-0.43184775
-0.3346148
-0.14775088
-0.3367561
-0.28003314
0.06320026
-0.22420731
-0.18772216
-0.39518216
-0.91968447
-0.739009
-0.25801072
-0.73345363
-0.6130588
0.23896997
0.48725393
0.38652688
0.38392547
0.69101197
0.5526459
0.20692879
0.5580387
0.45566136
0.32619056
0.44371772
0.39551857
0.47272843
0.7362521
0.6241261
0.3814447
0.6792706
0.54688567
0.32620525
0.62977767
0.5596358
0.04447219
0.17276298
0.18101753
-0.16065533
-0.23460269
-0.23989065
0.07518757
0.3570433
0.27726603
0.26846036
0.62085044
0.5427627
0.26913938
0.57070404
0.46604398
-0.31733987
-0.42349643
-0.4477153
0.07321158
0.25764522
0.15416332
0.27356115
0.8469239
0.7001153
0.079742946
0.24156734
0.17553893
0.25129336
0.5622701
0.41836917
0.1944441
0.43204692
0.31581417
0.13310575
0.38369384
0.29381955
0.24086152
0.6538851
0.52955395
0.16065694
0.43229565
0.35932517
0.14772375
0.33918774
0.28198868
0.32588816
0.74921185
0.59091014
0.24058998
0.5938016
0.47712603
0.122105196
-0.2670952
-0.23402907
-0.23569429
-0.86737955
-0.68793744
-0.22924706
-0.77921915
-0.6878271
-0.078940034
-0.21065399
-0.17200692
-0.23446214
-0.49732333
-0.36729923
-0.17449827
-0.38473734
-0.3036197
0.15960361
0.39086014
0.31583083
0.26394325
0.6299566
0.5277213
0.23961215
0.614891
0.48776692
-0.40187466
-0.6650334
-0.59115475
-0.06036628
0.1978888
0.06944963
0.28743213
0.7307213
0.6164437
0.10314736
0.31594217
0.20630957
0.26367506
0.6105215
0.46580827
0.16824108
0.42908245
0.3388176
-0.85755813
-1.7654438
-0.52976626
-1.2789718
-2.0798538
-1.097408
0.15488464
1.9739836
2.2922564
-0.13034491
-0.3584321
-0.27448726
-0.35345352
-0.6712818
-0.5502521
-0.2290554
-0.49904498
-0.43474987
0.18924132
0.36072072
0.29397115
0.29447207
0.31679603
0.34360927
0.1778936
0.26961353
0.23597206
0.23767248
0.5221617
0.3646792
0.37447682
0.69071823
0.5711158
0.29324946
0.5039449
0.41931814
0.08734125
0.27427983
0.22748618
0.2046898
0.43092936
0.3586149
0.10264463
0.30311623
0.24517828
0.2678867
0.36114508
0.29648644
0.29092562
0.81797385
0.74575853
0.27217835
0.7704732
0.6963528
0.28378648
0.51223946
0.43161258
0.44516924
0.8057078
0.66607577
0.38586992
0.6229737
0.48036647
0.02744202
-0.023647053
-0.008619217
0.009328486
0.1803638
0.1765277
0.0036368873
0.19386148
0.16833623
0.2355636
0.34163138
0.3642006
0.35391277
0.4931925
0.509306
0.29019535
0.60996133
0.49354106
-0.082839444
-0.21279423
-0.1587025
-0.19582827
-0.5069428
-0.37529534
-0.14392634
-0.38090134
-0.2676487
0.23040703
0.41275808
0.29832348
0.39193058
0.7514202
0.6028436
0.3092059
0.5810861
0.47816196
0.12245055
0.46298116
0.42055243
0.42080528
1.0468934
0.8304069
0.33437413
0.8155605
0.61237407
0.109614834
0.14369403
-0.018604117
-0.38266596
2.0440998
1.8862617
0.699055
1.5145581
1.2857509
-0.13932808
-0.34243754
-0.3055381
-0.35802305
-0.7000046
-0.6449531
-0.29562008
-0.6413289
-0.4618739
0.14753772
-0.33396176
-0.25040635
-0.26980767
-1.1645236
-0.7634434
-0.22598504
-1.0460211
-1.0287937
-0.07264929
-0.3951172
-0.34798625
-0.30445355
-1.1889307
-1.0620687
-0.31184936
-1.0665878
-0.90265065
0.053475793
-0.19732758
-0.07340262
-0.21625604
-0.82262504
-0.7258056
-0.4134652
-1.1348064
-0.9377105
0.10839546
0.2924553
0.25684
0.30823135
0.7941978
0.61931294
0.24100912
0.6526504
0.5095986
0.111298695
0.2469265
0.2188727
0.25517786
0.4832157
0.39536166
0.11436367
0.36732155
0.27932796
0.9228715
1.0426109
0.8676334
0.57694393
1.4381773
1.2890291
0.74094754
0.8931228
0.70615864
0.098954245
-0.38083696
-0.32002112
-0.33296758
-1.1520045
-0.852237
-0.14683859
-1.0797033
-0.82931167
0.06757215
0.23135847
0.16053182
0.23976946
0.5458466
0.4381783
0.16566695
0.42473412
0.3879414
-0.14421259
-0.6244994
-0.5147522
-0.48478913
-0.6036066
-0.62577575
-0.2755811
-0.69722015
-0.72056615
0.14049834
0.29875353
0.2102673
0.24168551
0.5058121
0.40156162
0.16153274
0.35936734
0.2857765
0.158216
0.17560004
0.1402501
0.30570507
0.7016744
0.6194863
0.2979386
0.7258741
0.5880853
-0.011020308
-0.43874684
-0.35400662
-0.48560613
-1.6688966
-1.1739862
-0.2312773
-1.1998743
-1.0311103
