-1.2100682
3.6314893
1.6912477
-0.3714068
0.79985964
0.32893157
-5.245614
-1.5027223
2.9307358
4.7920833
-0.2760465
-3.5641437
1.5621823
1.967507
0.005342245
-0.8684821
6.1147633
-1.3419307
-0.48092508
-2.3125916
-0.39710748
-9.822621
-2.4967098
-0.92749584
0.70785415
1.1783115
0.035784602
1.8553836
-4.4130135
-1.9194556
-2.2048173
-1.5742319
1.289324
1.6879737
1.2140758
6.0282493
1.0925263
-1.1598735
1.7761278
5.270947
-3.688762
-2.3412728
1.5301647
0.16366601
-4.4791946
-3.4425793
-2.2883763
1.036046
-0.68070334
-1.462852
3.5081987
0.9578998
-4.3661885
-3.0931697
2.3919077
-3.1053424
-5.501775
0.7593014
0.6638461
-4.6644993
2.7890203
-0.51681906
2.0440402
4.953151
4.573373
3.3561969
0.8033842
3.0560584
2.8294587
2.1309793
2.3149028
3.9292774
5.548257
-1.9221599
2.928215
1.0045043
-5.2178164
3.1183848
-1.8800992
-0.7613715
2.217982
6.0639305
5.193782
-3.0841064
7.0740724
-0.09025699
0.57968915
-7.7261286
0.16978621
-2.8961053
-5.2490606
3.9778056
4.911404
-0.97300196
3.18369
-1.4434289
1.8645834
-1.1857884
2.0146935
3.4210148
3.9748452
2.535727
1.0906557
2.683905
-1.1719022
4.9481597
-1.0083283
8.144625
-5.901321
1.519424
-1.3742524
-0.41593656
-0.8862288
1.9659187
-2.5738716
3.6251783
0.29654682
2.6270525
3.9266446
-2.8858585
-4.4324417
3.9887426
3.323523
0.9952222
2.3557546
-1.3157952
1.3977491
4.154095
-1.436997
3.7302113
0.7733896
4.6338987
-4.7106576
2.1413465
3.4030094
-0.28206018
0.3074499
-2.9227898
-1.5666342
-2.4849105
-2.665735
-1.0074126
-1.9954172
-1.5195749
0.4603062
-1.0591828
0.7717631
1.6963682
0.89801884
2.0996916
-0.83448
2.9845638
3.512317
2.8771083
-6.078718
-0.06810665
5.364913
1.7586114
-3.8799434
2.4520519
-2.620505
2.4212544
-0.56568813
4.992262
2.4650962
-3.7634487
2.7884898
-2.1032846
0.06815076
-1.2395219
4.908628
3.317544
3.515108
0.07122886
-1.055512
2.7031975
5.802578
0.22912848
-2.027213
3.2570903
-5.450868
4.415333
0.5711142
-4.0655727
1.3226227
-2.5335813
0.67922103
5.815915
4.2723804
2.7205129
3.8618162
-0.9534095
6.736317
0.67732567
-1.4052157
-3.5579777
-1.4779124
4.551046
0.3224857
-0.8209735
-0.90608865
0.19268636
-2.1017313
1.7586881
-2.006762
-3.9438877
4.1828017
5.49009
3.4731917
1.7860253
0.06030941
6.982622
-0.89285386
-1.595039
0.6518518
-2.3282824
0.37314034
1.7113135
2.3519201
4.593119
2.4710503
-8.365049
2.724926
-0.53690225
1.1983876
0.31667435
-2.350978
1.1382284
0.12296343
-7.9606066
-2.350263
0.09754169
-5.69252
0.76639545
-0.27080214
2.7587528
-2.266588
3.663902
0.10375118
-0.5913717
1.7174761
-4.2922516
2.0423508
-0.39204893
2.025227
2.158103
-2.7379444
1.5990202
-2.5275235
-0.5456358
6.458335
-1.0870888
5.4232483
-2.770856
-2.5302274
0.9385739
-0.49323845
-3.5358493
2.6582432
-1.5954049
-1.463084
-4.151517
4.0000315
1.4144042
5.453686
4.0124702
1.6662344
-5.2831326
-0.81155086
-2.3431191
-4.8530436
0.07008386
-5.255009
1.3837063
-0.97868764
3.1235516
6.8474708
5.3893137
2.9130816
5.275078
-4.3744674
4.9498253
-0.29505503
-6.3221664
9.164644
2.6778948
2.6125355
3.3224943
1.4759431
-1.8964465
4.6595325
-0.7517098
2.807803
-0.98127943
-5.359766
11.713878
2.4975066
1.7007577
7.80765
-0.24015284
-7.5868
1.7353089
-1.3535982
1.4900237
-5.040845
1.3171474
-2.0993774
-0.59621435
0.8121474
2.7290163
2.9037678
-1.2301389
2.6010978
0.40834662
-3.0040836
-0.20486295
1.105824
-4.9904413
-0.17865086
0.49016887
-2.391592
-3.176426
-4.315395
0.8432448
-1.3162334
-2.293341
3.678709
-0.0693171
-3.818781
0.6668374
-4.632319
-1.7726712
0.55579114
1.1963083
0.87601715
-0.5367845
7.0496945
-5.526315
-2.5415843
-1.8784713
3.4153311
0.382756
-0.47949862
-0.4620333
-2.1670747
4.3073173
-0.21305233
0.5456251
-2.1425345
1.1518297
0.6359322
-5.4852376
1.7944614
-6.3466387
0.51732874
-1.9329319
9.2162895
1.4314142
-0.60939705
-0.77074003
-1.2607155
1.8453059
-6.4425635
1.9754083
0.95240355
-1.2243125
-1.0389782
0.14190006
0.31167758
-1.049251
3.0589805
-1.3117142
1.8992721
-7.050141
0.014701724
-1.6353098
1.7982514
-1.0579952
-4.3935575
-1.1140608
1.0206003
0.17974746
1.3170178
-1.0378176
0.7196057
1.3614205
0.41827536
-1.2775924
-1.9994289
2.3788114
4.006744
4.0792413
-10.426233
2.7751343
-3.51174
0.53686583
-0.0074169636
1.2401273
-7.8799257
1.2966188
1.4269937
6.248642
-0.20494485
2.539476
-4.881044
2.1095152
-3.2607808
-0.966334
1.8978156
-3.8069324
0.72062254
1.1068323
-1.7085048
0.044172883
-2.8783054
2.0698771
-2.1499016
-0.38063443
0.51857626
-2.6641283
-2.0471418
2.9973524
-6.6895022
2.1581666
4.6283827
-6.972
0.9511932
4.5489354
1.6626844
8.814703
0.30390894
3.5063012
-2.8712413
2.200593
4.4357185
2.0558536
2.3875122
2.2775347
1.720054
-2.799273
1.6970326
-0.32786584
0.4151237
-1.8921262
-4.000958
0.3787173
3.4511237
2.078347
-0.6893447
-4.17629
-7.340512
6.491337
-4.6703386
1.5699157
-1.4576132
1.6526711
0.78709424
-4.6074038
-3.5565267
-1.0360595
-2.434862
-4.828697
3.1077476
-0.27282667
-0.8397429
2.6682224
-8.737395
-3.5432115
-2.350781
3.6281033
8.718786
1.3234459
0.90598834
5.4339166
3.499667
-4.1887684
2.0032003
1.6749084
-6.730094
-1.2822993
2.3275628
2.9127464
0.8553606
3.9443598
2.3186505
3.862953
-4.6292276
1.7931806
1.2368358
1.7206352
-3.068954
1.0595384
1.5644785
2.4724975
-5.6108074
0.57867
-1.7201581
-4.429658
-5.749444
3.9765172
-2.6038036
-2.0226455
-2.6214545
-3.8461847
-0.024314284
3.740954
4.3974347
-2.0579565
2.9758863
-0.95508033
-6.4236803
-0.87121624
4.9600782
-4.8946342
-4.499194
-1.2520349
-2.04111
6.3560576
-1.4242289
-2.2622404
6.791754
-1.5203594
-5.4352784
4.7070184
-1.1932087
3.2551322
5.92557
4.8491464
3.0269032
-0.68238163
2.0295076
5.5173683
-2.2885532
2.2664661
-2.4191267
2.2676237
-0.68384653
1.8104352
2.6413298
-4.623705
0.06432426
-0.17483926
3.5178137
-6.467432
-4.941878
4.303468
-2.6305618
4.148734
1.2895082
1.977173
0.83904934
-0.5588814
4.3116927
1.122252
-2.8726234
1.1935835
2.703092
-1.5560558
0.07682252
-0.5406793
2.1299925
1.0306205
2.8043208
6.7043304
1.1354802
-1.7096385
-3.4298835
-3.4020848
-2.7144313
4.596383
2.6724782
-2.2804523
-0.36640406
-0.07059467
-2.542763
-0.31864858
-0.12387091
-3.41574
-0.833491
-5.2012787
12.094254
1.2102413
1.037381
-3.840612
5.8125014
2.4200447
1.9577204
2.783517
3.6859798
9.218547
3.048298
2.2049694
7.349578
4.1280346
1.6320937
-2.580839
1.7329961
0.1671989
0.2641127
-4.3471546
-2.036437
-2.336612
0.73464614
-3.0533216
2.8298662
5.4374266
6.8600345
-0.5532261
0.28011668
-3.7673793
-0.099853754
1.4472201
0.5640454
2.80476
1.9586965
-3.410172
-6.3384566
3.8128614
1.2302431
-5.581782
-2.3530672
-1.9710262
-1.8411992
0.1709348
-1.2723551
1.020153
-3.3364341
-3.0807383
0.25138867
1.3242354
3.3985322
3.9384394
2.4826634
-2.6707542
4.1972766
-9.484976
-4.802204
-0.5604365
-7.7064037
-7.975848
6.832748
-8.44944
1.4880338
-7.017782
-0.2371118
-1.8722132
-5.7861342
-2.3981988
3.5444283
-0.30629978
4.049124
2.661774
1.1834745
0.5612018
1.4278324
0.88728845
0.767235
-2.4033027
1.0382206
-5.972804
2.9396389
-9.122274
2.9738119
6.684875
2.5640588
-8.173411
-3.8845575
1.5451562
-1.2739094
5.2758584
9.850317
-1.2027869
4.2727838
3.2988515
2.08747
-6.1076117
-5.0195465
0.17822742
4.7058034
-5.9338193
0.83106107
1.9572891
-1.7310628
3.1879556
-4.492031
-0.44867635
-6.078985
-3.7180233
-1.3738257
0.5426054
-0.14194357
1.4250112
-0.11688042
6.3064094
2.8271346
-3.864815
3.1342423
-0.45047003
-2.4838748
4.367589
-5.0366316
3.151557
3.0320241
6.777134
3.8832865
2.2855177
4.3424425
-2.0019922
0.34171236
2.3171933
1.9000766
3.0469575
1.9662015
-3.152238
-9.098838
-0.40755427
-0.28165638
9.314195
2.9394624
-1.2560468
-0.97493494
-1.2996049
-1.0327154
0.460599
2.0547252
1.2850399
-2.4363031
-0.74150765
0.9536197
6.3595405
-8.052276
-2.1439068
-2.3671463
-1.4071386
2.5738678
5.9940987
-0.62817824
0.3400352
3.0341778
-0.91507536
-3.362031
-0.96378493
-2.1365943
1.8057616
-4.2465425
-0.5778568
-4.5529017
5.0908055
-1.069314
-3.2619178
0.14630803
1.0171655
9.985149
-0.23572156
-3.1377811
2.6934347
-0.45195723
2.8289008
3.5686512
-7.0009966
-0.40962052
2.3125958
-4.04073
-1.576096
-5.6859655
-1.5120987
0.16012156
4.1872272
