-0.17219251
-0.32259607
-0.24908483
-0.3832611
-0.20506963
-0.41956753
-0.20342624
-0.38229236
-0.29081377
0.63469386
0.39269397
0.71009713
0.42925858
0.40715343
0.47591022
0.6664251
0.557371
0.6706339
-0.31663254
-0.36897945
-0.4116078
-0.46717033
-0.2370417
-0.45669672
-0.34154794
-0.45649797
-0.48224527
-0.4984902
-0.38881806
-0.5333847
-0.42789215
-0.20304187
-0.43029997
-0.58771634
-0.47104046
-0.6914178
-0.3725504
-0.8734524
-0.21568689
-1.0009015
-1.0413579
-0.9505398
-0.5109535
-1.0518335
-0.44756556
-0.025920961
0.986009
0.24278384
1.2506287
0.91604936
1.3222268
0.22010921
0.9925538
0.44866684
-0.22908577
-0.2943822
-0.29951668
-0.30545464
-0.21727967
-0.32737046
-0.23131752
-0.26269624
-0.26887217
-0.14063689
-0.283231
-0.22828308
-0.36513948
-0.20738806
-0.38108638
-0.112583354
-0.31336918
-0.20311213
0.21146376
0.41145587
0.2660008
0.4068557
0.40741888
0.4694936
0.23106778
0.5028402
0.32989293
-0.18014523
-0.3891219
-0.24675775
-0.45097017
-0.30401206
-0.51634365
-0.2305806
-0.43565923
-0.3224373
-0.3724502
0.50761247
-0.30412146
0.43189648
0.44694668
0.5182794
0.23188515
0.44262582
0.30523145
0.4436582
0.82408154
0.69523096
0.9088581
0.8466844
1.0406132
-1.4347368
0.9615086
-1.393709
-0.37495857
-0.35792768
-0.46324682
-0.6694623
-0.44854698
-0.83307415
-0.34794104
-0.56078446
-0.47900444
-0.38469055
-0.42779025
-0.4694599
-0.5472653
-0.46954116
-0.5994898
-0.46305874
-0.5573587
-0.56326604
-0.24340007
-0.30578735
-0.30410472
-0.36839598
-0.23307748
-0.3699992
-0.14692669
-0.35435346
-0.23279162
1.1008772
0.80545694
1.0944414
1.9418689
1.5199687
1.9830275
-1.8101642
1.6014546
-1.3646752
0.54739136
0.6975149
0.60175836
0.03369157
-0.08448337
0.044891443
-0.52036655
-0.73675907
-0.6769805
-0.14761673
-0.33426744
-0.2359088
-0.34498063
-0.27043447
-0.37913144
-0.22893216
-0.35515746
-0.3075875
-1.4168571
-0.5197012
-1.6463659
-0.48170388
-0.05010537
-0.47915682
-0.7707723
-0.54949594
-0.9958689
-0.37125078
-0.37253657
-0.51197344
-0.5379299
-0.21382655
-0.60109276
-0.36334676
-0.40507257
-0.45619208
0.17990033
0.40486264
0.29327336
0.4522209
0.3811583
0.45044026
0.20961294
0.45065024
0.30343363
0.18875845
0.56408995
0.3004195
0.46100926
0.47192907
0.50205815
0.13657884
0.52642065
0.26375505
-0.3255471
-0.41679406
-0.42984426
-0.54227734
-0.28972554
-0.628119
-0.45858544
-0.50202173
-0.53270483
-0.22298495
-0.36818454
-0.24974957
-0.42853233
-0.37489048
-0.44684693
-0.46870282
-0.5113041
-0.53288656
-0.58972377
0.56835353
-0.36196795
0.5437905
0.63525987
0.6316517
0.27089667
0.56949323
0.42611304
-0.0754764
-0.49050096
-0.108357705
-0.5258829
-0.69497204
-0.56755966
-0.16099712
-0.5105402
-0.21133244
-0.48626292
-0.6087509
-0.50286025
-0.6578985
-0.5136362
-0.6599924
-0.48863125
-0.55364114
-0.644153
-1.4353973
-0.27946222
-1.5022928
-0.3647686
0.022069903
-0.32688233
-1.5869063
-0.21449283
-1.712759
-0.50740933
-0.5454155
-0.60670215
-0.70308053
-0.34610444
-0.6351457
-0.5639465
-0.5694888
-0.73253375
-0.26261836
0.9785788
0.2570003
0.7868312
0.7739911
0.86164844
0.5091496
1.2577913
0.82948416
-0.2823603
-0.22623606
-0.31725833
-0.3441995
-0.29207376
-0.37972498
-0.34436372
-0.29029742
-0.3736042
0.040393412
0.389647
0.1634346
0.38544238
0.38549545
0.45236433
0.25776872
0.53552765
0.37066072
-0.059899744
-0.33047912
-0.13538685
-0.33823854
-0.3426362
-0.39084634
-0.21216954
-0.366292
-0.2777966
-0.56389654
-0.6191844
-0.6880899
-0.57073325
-0.298428
-0.68520033
-0.32626724
-0.43958485
-0.42479414
0.24856894
0.49871203
0.33809265
0.45905253
0.4379323
0.47770858
0.146151
0.35283333
0.20530656
-0.4263904
-0.56442714
-0.6270035
-0.64430237
-0.40581945
-0.6475541
-0.42192954
-0.58196574
-0.5495262
-1.2027341
0.016781932
-1.315962
0.07235423
0.48616236
0.06468277
-1.4001244
0.12430429
-1.3891988
0.11663187
0.46020538
0.21825346
0.43839368
0.54772276
0.49794737
-0.024632499
0.4514985
0.07562808
-0.10502665
0.7390736
-0.040820878
0.963692
0.46983743
0.7884254
0.3464682
0.6289609
0.4281602
0.12410994
0.29257149
0.18647967
0.14211798
0.21058895
0.13585815
-0.6384053
-0.3958673
-0.68329245
-0.071620956
0.534609
0.05778979
0.6741509
0.4915251
0.74079925
0.07118294
0.68975073
0.22783242
-0.21658067
-0.25252053
-0.2650708
-0.34334955
-0.24654497
-0.36051047
-0.23157255
-0.28564715
-0.33119908
0.92246985
0.31477296
0.9694615
0.27284616
0.11422285
0.30079794
0.8918103
0.3325583
0.9241165
-0.99152946
0.1627152
-1.0292926
0.64558065
1.267272
0.95469964
0.8488891
0.95203197
1.0808647
0.31390876
0.6573038
0.41956776
0.6230617
0.62543523
0.6559997
-0.3726174
0.72355634
0.023441156
0.24257158
0.64422166
0.33154085
0.6668907
0.56796545
0.75057703
0.50542045
0.7358312
0.6086765
-1.834295
1.0229403
0.33617446
1.4870838
0.948256
0.9986513
-0.9446427
1.4131693
0.8088116
0.19188675
0.40365288
0.28674236
0.4030392
0.4240703
0.44883108
0.19877948
0.43925908
0.28700584
-0.18991329
-0.29983383
-0.25131425
-0.39042103
-0.23732568
-0.45927063
-0.2631205
-0.31399
-0.32751098
0.10439294
0.51189053
0.20152014
0.5401273
0.35966507
0.58403105
0.15117426
0.46935076
0.23275453
0.41496912
0.77735704
0.45413426
0.7242222
0.24987134
0.7652399
0.5273549
0.7957989
0.70919526
0.6229066
0.5912573
0.70349103
0.51524097
0.26979926
0.5676385
0.6406991
0.66249096
0.6600883
-0.2067452
0.27067327
-0.22464396
0.36950132
0.66977036
0.52716875
0.49681327
0.6281554
0.6367369
-0.43869156
0.049589936
-0.48001814
0.2171828
0.57904625
0.19571942
0.46730536
0.6288131
0.6442032
0.11338179
-0.23185478
0.04567214
-0.3514734
-0.36784053
-0.4065157
-0.36425263
-0.3737737
-0.46505406
-0.005748787
0.9734787
0.4396218
0.8462374
0.8107167
0.8077376
-0.96350133
1.0650418
-0.53398234
-0.30828184
-0.5681723
-0.5066547
-0.7386632
-0.39034703
-0.71761906
-0.7466568
-0.825242
-0.9026766
0.2088283
0.40622643
0.36283457
0.6805412
0.36597764
0.5442928
-0.3864886
0.6064304
0.23728138
0.68357325
0.30932042
0.6831296
0.28595045
0.20943739
0.3263824
0.6680382
0.32569337
0.6815829
0.0127502475
0.36012766
0.062820785
0.37941036
0.371005
0.43285897
0.065336496
0.46999893
0.15845221
0.052718148
0.42547902
0.1597244
0.44064644
0.47738153
0.48807967
0.19150762
0.50445753
0.30195022
0.2582396
0.48875144
0.2772764
0.502153
0.30929258
0.58299094
0.5639458
0.5800456
0.6690434
-0.23974098
-0.35427874
-0.3625047
-0.39013958
-0.18456821
-0.39650398
-0.38356292
-0.43089157
-0.5225487
-0.04302455
0.47724557
0.090023994
0.4485654
0.33817434
0.4358397
0.24521627
0.52639824
0.30090877
-0.16736731
-0.2315788
-0.22712426
-0.2998239
-0.22129141
-0.298382
-0.24677917
-0.32426375
-0.30377856
-0.18894419
-0.40805334
-0.28006408
-0.37464312
-0.21039332
-0.3628852
-0.31706372
-0.4230799
-0.38697144
-0.11891791
-0.3081978
-0.20652011
-0.3670033
-0.21304698
-0.34849828
-0.17689046
-0.30393338
-0.27924725
0.2311098
0.42432657
0.31035796
0.4611177
0.37794912
0.5075367
-0.09816481
0.5167318
0.009740182
-0.24322745
-0.3051282
-0.31671053
-0.39928457
-0.10911931
-0.40840638
-0.5021072
-0.370315
-0.75042295
-0.24774115
-0.28156143
-0.31388405
-0.38342074
-0.27868494
-0.3723704
-0.3228868
-0.32965386
-0.43620405
-0.2109877
-0.29015887
-0.26508987
-0.37635037
-0.26227278
-0.38662705
-0.3601611
-0.38520962
-0.4130922
-0.17838323
-0.3457685
-0.236026
-0.3158037
-0.2729106
-0.33922327
-0.31891483
-0.3197955
-0.37530336
-2.9066062
1.3562936
-2.1781256
1.695611
1.2872858
1.8102124
-0.38970304
1.6551588
0.55748516
-0.6563515
0.4773103
-0.78706706
0.6595944
0.73604655
0.83764595
0.8112822
0.68331
0.9970099
-0.37957
-0.37356848
-0.45120186
-0.4203414
-0.21800481
-0.45691383
-0.42792773
-0.3389168
-0.57005274
0.4969381
0.5154247
0.56374425
-0.00088155275
0.12159399
0.027549729
-0.6895851
-0.360528
-0.74159294
-2.0305655
1.1702609
-1.6904889
0.8840042
0.8734807
1.0111179
0.42290524
0.9284921
0.58311504
-0.25463334
-0.35871586
-0.31558532
-0.4494433
-0.31214955
-0.4772511
-0.4224169
-0.50102246
-0.5229011
0.18103035
0.53832364
0.28825372
0.32752407
0.39259902
0.38639683
0.15674908
0.4198947
0.21965808
-0.08714799
-0.29616266
-0.16310182
-0.39393035
-0.2949102
-0.3983345
-0.2939857
-0.39255682
-0.37517422
0.10523482
0.3571823
0.17716733
0.4446758
0.3927969
0.46977383
0.26806933
0.45654535
0.35715723
-0.16879496
-0.36978656
-0.1805054
-0.36297202
-0.32725677
-0.40570262
-0.2592853
-0.36993808
-0.3031788
0.07825157
0.57365
0.2655154
0.6748458
0.2596873
0.6061961
0.0857697
0.5806453
0.33055928
-0.3517886
-0.38424414
-0.41253975
-0.45307207
-0.30655774
-0.43494627
-0.42172617
-0.43136367
-0.5322312
-0.13776444
-0.24511963
-0.21016753
-0.31504372
-0.15644418
-0.3232906
-0.23794568
-0.28753123
-0.305431
0.32630637
0.4154358
0.41799518
0.37685564
0.2882515
0.43798128
0.35275558
0.4182938
0.40439308
-0.23159908
-0.33630472
-0.34835595
-0.4324561
-0.23991
-0.4492993
-0.39013606
-0.4666157
-0.54140884
0.074911416
0.5469922
0.18542807
0.5333653
0.5995204
0.61293083
0.20299374
0.6023505
0.35043025
-0.19318774
-0.23396462
-0.2500297
-0.37665048
-0.2434858
-0.45589092
-0.28715816
-0.21767008
-0.35363668
-0.28241938
-0.38805625
-0.3894128
-0.4339791
-0.2264506
-0.48366305
-0.32017282
-0.35837132
-0.4138204
-0.57796127
-0.123551205
-0.5643883
0.39627367
0.75202405
0.46545175
0.46660945
0.77332056
0.65277255
1.330146
0.17930807
1.3552907
0.36528733
0.04804952
0.43427616
1.2650671
0.37542233
1.2344419
-0.078822635
-0.23447591
-0.12731853
-0.29678094
-0.23430584
-0.31264007
-0.115839586
-0.28620273
-0.1670984
0.38963205
0.3725037
0.43817988
0.42922056
0.42773515
0.49598756
0.3847756
0.38004377
0.4113422
-0.2805292
-0.4337452
-0.36316842
-0.40379363
-0.24066548
-0.41060796
-0.28759834
-0.3894001
-0.36029708
-0.30077425
-0.3759932
-0.37086758
-0.40792525
-0.13564558
-0.38363332
-0.37489232
-0.40980855
-0.48463064
-0.01871933
-0.30165744
-0.101102985
-0.3486917
-0.26985756
-0.36193934
-0.13146068
-0.36079758
-0.19266991
-0.16291226
-0.24210931
-0.23169957
-0.34472188
-0.19468573
-0.3338808
-0.27128384
-0.35003328
-0.34684846
-0.18594737
-0.89591855
-0.2790051
-1.0755155
-1.1190234
-1.0373417
-0.6043363
-0.9262752
-0.59888047
-0.2022577
-0.37172756
-0.2944337
-0.33966985
-0.10779777
-0.36469477
-0.25395975
-0.31925294
-0.31270048
-0.2582158
-0.30240685
-0.27557132
-0.34406438
-0.27402833
-0.4742187
-0.23302637
-0.3693079
-0.29462484
-0.08922396
0.39166313
-0.052885704
0.3600709
0.3645096
0.44309598
0.35675293
0.4789172
0.4590087
0.34391657
0.5982084
0.47404924
0.67943174
0.6571897
0.7602717
-0.61454946
0.8510326
-0.46660337
-0.01445793
-0.54189944
-0.12104175
-0.87433887
-0.76495296
-0.8839725
-0.07881351
-0.7770908
-0.24298626
0.8336601
0.5285975
0.8941938
0.6751604
0.41150686
0.7136874
0.29061684
0.3676709
0.3335609
-0.13522208
-0.38667676
-0.2146817
-0.40712082
-0.38742152
-0.39821112
-0.2548518
-0.4116256
-0.345526
-0.16181736
-0.38190764
-0.30258727
-0.4283818
-0.20594205
-0.43408296
-0.1777457
-0.38832825
-0.27246666
-0.15010369
-0.21746385
-0.18877873
-0.30057698
-0.16181341
-0.30159116
-0.21222201
-0.25816998
-0.27631128
0.105524346
0.58955115
0.22105502
0.52509844
0.4041221
0.55093527
0.18467714
0.7004086
0.33355838
-0.37930244
-0.37866735
-0.50216234
-0.3576005
-0.27758926
-0.41427338
-0.5793351
-0.40435925
-0.69446176
-0.49278885
-0.45408264
-0.61409515
-0.47431248
-0.29475138
-0.50413954
-0.37303042
-0.41293395
-0.46925744
-0.37012073
-0.3458834
-0.4054191
-0.49949777
-0.2875875
-0.51870394
-0.521054
-0.41933128
-0.66696435
-0.5563454
-0.449763
-0.69316906
-0.51976806
-0.30542114
-0.58883953
-0.65080583
-0.6297918
-0.7501914
0.74941707
0.41587994
0.8068758
0.3892594
0.07804857
0.37533975
0.8417776
0.46364662
0.9200535
0.32516527
0.7891282
0.47881097
0.80011547
0.57863986
0.83185047
-1.0943304
0.86372495
-0.18706952
-0.1806079
-0.26604408
-0.22265463
-0.26632434
-0.21739382
-0.29983225
-0.1877361
-0.2974434
-0.26383686
0.29890642
0.28865096
0.36923125
0.34679455
0.23410873
0.39582378
0.21626574
0.2358329
0.27519208
-0.32337722
-0.31431115
-0.37911546
-0.409239
-0.2713805
-0.39017043
-0.29586628
-0.26611224
-0.39512727
-0.2914718
-0.36117023
-0.40020835
-0.5867094
-0.26053515
-0.62000287
-0.4415561
-0.3928949
-0.58792055
-0.12483732
0.78320765
0.26724556
0.95092434
0.759458
0.7405727
-0.3659038
0.97780395
0.31861675
-0.14802796
-0.36205634
-0.25209957
-0.37298846
-0.15022106
-0.37532535
-0.23067397
-0.3992967
-0.34023717
-0.25837612
-0.3003657
-0.3166976
-0.40671277
-0.11329517
-0.40167364
-0.30623272
-0.34684974
-0.3846194
0.09651156
0.67644954
0.26873514
0.59805954
0.4836085
0.5864681
0.19191682
0.6896938
0.36669126
-0.2636158
-0.3762677
-0.3653022
-0.4948033
-0.32825387
-0.5153007
-0.3477386
-0.49783102
-0.43664235
0.014300556
0.45450768
0.11921872
0.5802303
0.490986
0.59535074
0.18689346
0.55719256
0.33911797
0.21645387
0.58334625
0.36523756
0.71480876
0.5487192
0.74953043
0.4536841
0.6485967
0.62288165
-0.31742534
-0.5027739
-0.42359483
-0.71394646
-0.58524466
-0.7285612
-0.40805027
-0.589804
-0.5337161
0.31852084
0.36450106
0.36589485
0.5116759
0.3547159
0.52528965
0.2668478
0.5989028
0.3739262
0.116880745
0.41957107
0.19154094
0.46997467
0.4065085
0.5031247
0.088734925
0.43041205
0.2087671
-0.14749396
-0.29615062
-0.21662492
-0.34886786
-0.21008281
-0.35697258
-0.22514829
-0.35175714
-0.32048032
-0.22921807
0.54531574
0.12911221
0.66231555
0.48660117
0.58942974
0.09033953
0.51985836
0.24530527
-0.15106268
-0.43564457
-0.26471305
-0.50133973
-0.24664564
-0.45354855
-0.07994386
-0.36738196
-0.18955885
-0.20687021
-0.26481467
-0.24002166
-0.27039966
-0.23522136
-0.28807214
-0.23139061
-0.31093144
-0.27013692
1.0576396
0.24338348
1.1168606
0.23058541
0.14316247
0.28534696
0.86940867
0.3000937
0.8553972
-0.48465732
-0.4165942
-0.5517705
-0.42347306
-0.24984097
-0.44902247
-0.48977914
-0.39285693
-0.6752225
0.14092176
0.66209936
0.3026615
0.6139647
0.31553504
0.5967605
0.18907274
0.712481
0.36650908
-0.30667865
-0.33887735
-0.3805054
-0.33741063
-0.22316292
-0.37155882
-0.5494632
-0.39918494
-0.6755204
0.47171065
0.9277509
0.6442735
0.8874899
0.92200077
0.98029
-1.4372603
1.274591
-1.3005242
0.43233535
0.58593017
0.5554902
0.5728308
0.4471304
0.6344099
0.10477714
0.4358183
0.21189605
-0.20820399
-0.3020582
-0.25818825
-0.41729766
-0.26869088
-0.46802306
-0.3601922
-0.47131813
-0.5508469
-0.35043395
-0.52241105
-0.44967526
-0.65104115
-0.35596427
-0.7136323
-0.42124695
-0.5419047
-0.5773105
0.47223887
0.6587595
0.5180836
0.067447536
0.12740391
0.0476946
-0.6287669
-0.45253715
-0.6620609
0.46689698
0.5757544
0.5217842
0.08768985
0.27544114
0.109235555
-0.8798864
-0.5976399
-0.97615397
-0.119206145
-0.2937838
-0.20408341
-0.430475
-0.18642987
-0.4388802
-0.22595942
-0.384504
-0.33104464
-0.51507664
-0.37456074
-0.6661159
-0.49407798
-0.27797568
-0.49669188
-0.5634932
-0.43580988
-0.73480785
-0.15919816
-0.35833338
-0.27874094
-0.40794897
-0.25961867
-0.4371468
-0.23461671
-0.41011304
-0.34270093
0.21904051
0.5199916
0.3483152
0.46629277
0.49522123
0.4915391
0.0971884
0.5150186
0.21305402
-2.4008548
0.9754011
-0.5741927
1.4251567
1.0555067
1.1049465
-0.8502967
1.4085199
0.58059967
-0.2201586
-0.39280757
-0.29218298
-0.44717088
-0.21012434
-0.43825632
-0.22351852
-0.3869228
-0.31710145
-0.3669394
-0.71103215
-0.464642
-0.9225631
-1.041616
-0.88544214
-0.5256795
-0.7826141
-0.6048969
-0.09055875
-0.30847725
-0.16108103
-0.36389416
-0.13854551
-0.36449778
-0.12593944
-0.34272793
-0.21057665
-0.83832145
-0.5941301
-0.8990551
-0.5181742
-0.2799915
-0.5040845
-0.5942103
-0.46655676
-0.7366104
-0.29878768
-0.37904087
-0.39356467
-0.5535922
-0.47564194
-0.61866933
-0.64909583
-0.65765876
-0.8324738
0.4104685
0.5149584
0.5029228
0.6304398
0.60283226
0.6449866
-0.38823706
0.60632044
-0.1622829
1.8872905
0.14131393
1.8939278
0.16316722
-0.09292116
0.16169445
1.4473141
0.5623686
1.4520009
0.019628374
-0.19885422
-0.016544614
-0.37851247
-0.35669562
-0.41948774
-0.33447197
-0.4525068
-0.44617304
-0.43127474
-0.3420569
-0.5293357
-0.37596285
-0.13657671
-0.3922095
-0.5410884
-0.31130442
-0.6354556
-0.24991009
-0.33693808
-0.3083965
-0.3676986
-0.19164446
-0.41797894
-0.2834608
-0.30810392
-0.35981926
-0.12041096
-0.44917428
-0.250693
-0.46186385
-0.32727095
-0.51307094
-0.20868851
-0.46901265
-0.34971958
-0.19562519
-0.446484
-0.37826118
-0.5329318
-0.14593641
-0.5175939
-0.38373762
-0.4762137
-0.5207095
-0.39238212
-0.5223432
-0.5326616
-0.5111488
-0.2897959
-0.5248481
-0.6040976
-0.43446603
-0.7328734
-0.56525135
-0.40455303
-0.66129357
-0.5103478
-0.100120135
-0.47370574
-0.76206154
-0.4879139
-0.8742807
0.120053284
0.38261864
0.1433249
0.37710756
0.4321164
0.48973173
0.49983254
0.47883406
0.58921605
-0.098934874
-0.2917722
-0.15062284
-0.33265418
-0.19871147
-0.34660977
-0.18043683
-0.3056688
-0.23292974
-0.183205
-0.3391689
-0.2974682
-0.32026136
-0.22867012
-0.32327813
-0.19612946
-0.32121977
-0.28529435
-0.15623076
-0.34514835
-0.23375137
-0.33435017
-0.20914048
-0.34878156
-0.15122625
-0.35953784
-0.24987558
0.15785804
0.7645575
0.35832012
0.9492258
0.7885422
0.7738858
-1.9415283
1.127139
-0.31782508
-0.32519087
-0.29702973
-0.39762488
-0.32809427
-0.21682234
-0.32453695
-0.40862158
-0.348115
-0.51265806
-0.37886935
-0.4276286
-0.46248528
-0.41681314
-0.30072066
-0.5134138
-0.44807246
-0.42564854
-0.58281636
-0.29183286
-0.24920532
-0.34655178
-0.36534992
-0.2195258
-0.4327433
-0.4453905
-0.29973885
-0.48906198
-0.25551084
-0.24358763
-0.28797692
-0.25547746
-0.1578584
-0.263158
-0.28764376
-0.23553659
-0.32589722
-0.28612575
-0.951519
-0.23975062
-0.8466139
-1.0854883
-0.8306478
-0.28579304
-1.0241526
-0.36708018
-0.45585454
-0.42305487
-0.5389601
-0.47023964
-0.31591314
-0.49783596
-0.5081092
-0.42391852
-0.62363124
0.122477196
0.45792514
0.19738963
0.46797293
0.45222488
0.5271046
-0.12975274
0.48627242
0.007391132
-0.11381363
0.53003895
0.19560228
0.68998563
0.47917363
0.56214267
-0.01940427
0.792333
0.35034448
0.16311076
0.42971364
0.2060384
0.1221648
0.37931544
0.15767764
-0.5421249
-0.3153144
-0.5752765
0.3159812
0.613338
0.3621459
0.7932608
0.54245514
0.83648926
0.5070839
0.5322211
0.63767445
-0.45258653
-0.53568673
-0.49613038
-0.5832684
-0.58373594
-0.7009822
-0.5449437
-0.7152628
-0.63315535
0.050577138
2.268168
0.89169526
1.8748239
0.8493601
1.5756017
-2.5754094
2.0894008
0.3763979
0.26608017
0.46745378
0.4071313
0.53260076
0.40118355
0.55416703
0.36036366
0.46796364
0.4803409
-0.34526458
-0.37713394
-0.4390966
-0.47050187
-0.29553914
-0.5047298
-0.4503212
-0.5030323
-0.6050931
0.048362162
0.51739955
0.16262875
0.5251935
0.4775225
0.5682584
0.23890182
0.5733203
0.34467283
0.16531749
0.43106687
0.29551727
0.4078859
0.42253113
0.45659834
0.18406558
0.4186674
0.29307806
-1.0304526
0.12679543
-0.8777427
0.37903693
1.0128566
0.6628521
0.63753086
0.87457615
0.8030135
-0.3888948
-0.37256274
-0.50839984
-0.42198697
-0.16681555
-0.4671233
-0.5468986
-0.5040969
-0.7553181
-0.083233066
-0.37777096
-0.16774963
-0.45157537
-0.228201
-0.42254308
-0.12101729
-0.38229853
-0.23387715
-0.24233882
-0.3909764
-0.34187466
-0.49297604
-0.20558606
-0.4780002
-0.32994986
-0.38753623
-0.4056059
-0.31630006
-0.351174
-0.397819
-0.45040736
-0.20632099
-0.4917868
-0.39826265
-0.4341853
-0.5333368
-0.7041746
-0.43727863
-0.830287
-0.5003622
-0.50213957
-0.49347782
-0.7035344
-0.4281069
-0.7521701
-0.1305002
-0.25639695
-0.24421929
-0.2826856
-0.278374
-0.3055013
-0.21646737
-0.31427616
-0.32502788
0.86331093
0.5585293
0.91390675
0.43551102
0.28183755
0.56238276
0.69762117
0.5825365
0.7011431
-1.3401855
-1.1749845
-0.6785113
-1.6080036
1.4551133
0.74616414
-1.7456723
0.213888
0.56921107
-0.28176382
0.38195294
-0.1811156
0.45557952
0.49716216
0.495478
0.21001996
0.49509463
0.3024876
-1.1796529
0.1777763
-1.2316754
0.29650754
1.1040189
0.31613094
-0.31902316
0.6385578
-0.27260196
-0.81717396
0.78502434
-0.09933437
0.7394349
0.541657
0.63745505
0.22918366
0.5589551
0.34299374
0.26538008
0.40645796
0.32216287
0.48549008
0.21446586
0.5076593
0.37647408
0.42427367
0.46470076
0.5423085
0.92692465
0.7686275
0.80218905
0.9541681
0.915422
-1.4339265
1.1586559
-1.1334668
-0.19894834
-0.32203507
-0.27811286
-0.30936098
-0.2226273
-0.234069
-0.26070982
-0.34616536
-0.32070723
0.081688926
0.634494
0.2137585
0.65383077
0.43184456
0.6917537
0.29113787
0.55333525
0.42343217
-0.16882126
-0.25654608
-0.23801926
-0.35152292
-0.3408551
-0.4010259
-0.34277067
-0.43901008
-0.40136328
-0.37290138
-0.44519722
-0.45214334
-0.5564643
-0.27524328
-0.62566346
-0.47284532
-0.46357685
-0.84434724
-0.4509516
-0.38912833
-0.4861136
-0.47876152
-0.24201691
-0.50208986
-0.42685542
-0.3552129
-0.49014288
0.35037616
0.5373251
0.45904687
0.55987656
0.5474946
0.6974917
-0.9060109
0.4917816
-0.8615846
-0.3278354
-0.4843239
-0.41381693
-0.4906849
-0.21195006
-0.49625555
-0.33607304
-0.43663776
-0.4180169
-0.26980352
-0.32504934
-0.3719498
-0.3902685
-0.27005753
-0.3953362
-0.335612
-0.3516558
-0.4632914
-0.8545298
-0.5348481
-1.0355114
-0.5605924
-0.24376033
-0.63015133
-0.6099155
-0.4547604
-0.74826735
-0.14332117
-0.28733364
-0.21494862
-0.42375425
-0.17545216
-0.4281947
-0.29352966
-0.37235606
-0.38364676
-0.107053645
-0.21973667
-0.14695826
-0.24844728
-0.19737546
-0.25845647
-0.16918759
-0.26759624
-0.22750878
-0.33850703
-0.36360866
-0.39258814
-0.37914285
-0.1710458
-0.41556883
-0.33521008
-0.34807065
-0.4379141
0.3255415
0.47060066
0.3815179
0.46193036
0.43761632
0.4677753
-0.028139986
0.46797025
0.13321388
-0.26917005
-0.49717128
-0.32990643
-0.63522243
-0.81839544
-0.66545856
-0.42810425
-0.63923085
-0.54812175
-0.17643811
-0.34658855
-0.2534665
-0.3813909
-0.17056602
-0.37528783
-0.27995566
-0.3512433
-0.36269754
0.027646894
0.17220153
0.13260768
0.4827266
0.5272981
0.47077098
0.76579875
0.86782664
0.9631564
-0.06494503
-0.4570483
-0.07960792
-0.039713014
-0.44523755
-0.06938327
0.80739814
0.38261074
0.8508876
0.7253795
0.43017113
0.7894215
-0.14776304
-0.29279143
-0.18920639
-0.33534625
-0.62180936
-0.36872745
0.3990034
0.62084633
0.47893307
0.74300975
0.68746257
0.7463101
-0.96875405
0.9253154
-0.7025922
-0.5596562
-0.62507844
-0.67331356
-0.78916025
-0.65649116
-0.8184679
-0.6109337
-0.6582826
-0.7693154
0.0435542
0.4942005
0.2043879
0.4311793
0.4570895
0.5141151
0.25904676
0.4878588
0.31196022
-0.3799715
0.42652383
-0.24337533
0.44809708
0.6796477
0.52561355
0.14935721
0.5968113
0.29668167
-0.0397689
-0.16343379
-0.047377367
-0.31160992
-0.3956349
-0.35906157
-0.22071339
-0.38534564
-0.3125852
-0.13454889
-0.26459053
-0.19654842
-0.3536187
-0.16739886
-0.37761676
-0.21174122
-0.2791583
-0.27943566
-0.40766096
-0.34008417
-0.50506157
-0.35485253
-0.25447252
-0.44854653
-0.46145797
-0.38708568
-0.58270836
-0.31877512
-0.2841927
-0.4333637
-0.50186914
-0.32956168
-0.59956217
-0.51177603
-0.49727497
-0.65578634
0.5117934
0.7370784
0.5261542
-0.19214836
-0.31670323
-0.22602886
-0.378955
-0.5983128
-0.5090242
-0.21377172
-0.39500624
-0.29463804
-0.4750058
-0.2275655
-0.48637414
0.09439632
-0.48217538
-0.044642925
0.32394013
0.5217188
0.45230508
0.49589038
0.49960008
0.5590338
0.21162264
0.27752483
0.2766104
-0.22067212
-0.30714357
-0.32279858
-0.34987465
-0.18178594
-0.37037745
-0.22496527
-0.2707463
-0.28930137
-0.17352882
-0.388352
-0.16419041
-0.47470564
-0.72811794
-0.6520889
-0.46551225
-0.7761423
-0.65390813
-0.14166275
-0.2695325
-0.30238894
-0.59746087
-0.28331423
-0.54063964
-0.42040902
-0.55660856
-0.57905984
-0.1903474
-0.27138495
-0.2786019
-0.31993502
-0.24887218
-0.36580566
-0.114119515
-0.28216437
-0.20914175
-0.7732095
1.2967564
-0.29454476
1.0746784
0.7224085
0.9234273
-0.5102698
0.96302605
0.24396208
-0.22789867
-0.32566708
-0.30211475
-0.30870095
-0.23104988
-0.30757242
-0.21055047
-0.29733035
-0.28887513
0.38980415
0.27924737
0.44515115
0.4567778
0.4046014
0.49697423
0.29405826
0.44192713
0.36518976
-0.46948192
-0.66463697
-0.61038244
-0.74518126
-0.88442564
-0.7508416
-0.724337
-0.73577815
-0.9280505
-0.29760748
-0.32248342
-0.3872377
-0.38038704
-0.27859205
-0.3996017
-0.39382875
-0.34368417
-0.4841384
-0.6002823
-0.41604513
-0.6758429
-0.46824655
-0.34401822
-0.44424212
-0.59444815
-0.4426209
-0.738892
-0.28716493
-0.40438843
-0.38819867
-0.47655964
-0.32776725
-0.56157345
-0.5996797
-0.63018376
-0.7986588
0.87644506
0.39918473
0.8466001
0.3102732
0.20585214
0.42940947
0.9905946
0.5981264
1.0272071
-0.28099048
-0.2284658
-0.38888735
-0.4085904
-0.2667932
-0.46075982
-0.7342812
-0.47893667
-0.93568
-0.21488646
-0.38819158
-0.2823479
-0.41272974
-0.20999339
-0.4299232
-0.2620276
-0.31546396
-0.36050513
-0.09160353
0.5834939
0.09891957
0.60351706
0.6622379
0.6484925
0.19617788
0.6110188
0.29733506
0.055586923
0.5125938
0.23183575
0.56451553
0.36995858
0.52457887
0.23535898
0.50685483
0.36108398
-0.3731459
-0.45447117
-0.4938286
-0.484119
-0.429104
-0.5328172
0.92602515
0.917356
1.0462004
-0.16035119
-0.2760526
-0.2151345
-0.31211957
-0.20392337
-0.3115686
-0.2821485
-0.28752106
-0.35179368
0.1905954
0.54219455
0.309085
0.5207083
0.50085175
0.5324632
0.29786304
0.5494135
0.39090633
0.2626258
1.1559204
0.558853
1.0996059
1.1731148
1.1233578
-1.5467849
1.350283
-1.6420823
-0.24772106
0.5206202
0.08783818
0.53270555
0.43213612
0.5338689
0.30360565
0.45881248
0.3893615
-0.26269406
-0.29314426
-0.31083974
-0.30500102
-0.12981579
-0.3084133
-0.32041407
-0.32297096
-0.3794079
0.3902375
0.86875737
0.5858413
1.0182295
0.8691276
0.98508304
0.7063991
1.2199117
1.0214509
-0.24536149
-0.2986715
-0.3067244
-0.3825574
-0.14538687
-0.39653358
-0.4169777
-0.4058172
-0.5339757
-0.2258198
-0.15783727
-0.27909672
-0.27764094
-0.2430519
-0.30419084
-0.2630798
-0.2400153
-0.3034492
-1.5296332
-0.7599929
-1.5916413
0.24181323
0.99410963
0.39622977
0.19760092
1.0159688
0.4177769
-0.028909335
-0.3237286
-0.13070248
-0.3970872
-0.19867727
-0.3779342
-0.16154866
-0.27286953
-0.24434035
0.7041871
0.40397638
0.7819363
0.3772616
0.24273105
0.46250245
0.7665285
0.37811834
0.8056877
-0.22859854
-0.33055803
-0.3162282
-0.34326187
-0.23462383
-0.34332165
-0.27541456
-0.320711
-0.33221143
0.3295754
0.39402962
0.38437134
0.42071176
0.32723284
0.4991862
0.38394696
0.4693904
0.44806564
-0.55117446
-0.6882168
-0.6559923
-0.95646983
-0.6968181
-0.9413588
-1.0856632
-0.87547296
-1.2601777
-0.2370639
-0.38748568
-0.31115296
-0.36572307
-0.28586522
-0.3751054
-0.079953395
-0.40749595
-0.17786235
-0.19636452
-0.31837213
-0.2582817
-0.4077151
-0.32573467
-0.49269763
-0.26707932
-0.27649245
-0.37607288
-0.30154696
-0.3595719
-0.40905935
-0.39016125
-0.21139285
-0.42429963
-0.49808583
-0.4810125
-0.6044734
-0.34857905
-0.3433596
-0.4031074
-0.4204973
-0.26152945
-0.4770691
-0.4567546
-0.4516119
-0.5440708
-0.68055373
0.7586841
-0.115362726
0.64668226
0.53476894
0.6282722
0.24582164
0.5422072
0.3557093
-0.18685505
-0.2893174
-0.251807
-0.39380825
-0.24788812
-0.4144104
-0.28446174
-0.38096243
-0.35793683
-0.3208678
-0.33820087
-0.42731673
-0.41808596
-0.20169221
-0.46331805
-0.47400007
-0.39246404
-0.6832849
-0.013753953
-0.28966272
-0.06594745
-0.31189743
-0.27089646
-0.34719193
-0.20245036
-0.30928147
-0.28208363
-0.45044404
-0.55471474
-0.5928619
-0.55225784
-0.38852122
-0.65840095
-0.322585
-0.41293058
-0.3755367
1.0250279
0.29518664
0.99383426
0.28755516
0.4171447
0.36866173
1.071887
0.33357123
1.1229863
-1.8463638
0.5577307
-1.4532411
0.77966
1.1969396
0.97419226
0.39687783
0.8278898
0.49785194
-0.26083705
-0.40573505
-0.3295649
-0.45081773
-0.19770905
-0.43664607
-0.35998285
-0.44875267
-0.48312846
-1.4687858
-0.050493985
-1.711439
-0.028044228
0.803916
0.075806946
-1.7875316
-0.23031814
-2.1270015
-0.19463898
-0.18299392
-0.22136806
0.37363467
0.64756805
0.4591324
0.5703725
0.6475637
0.6512648
-0.20642103
-0.2686516
-0.24268283
-0.2888353
-0.10853544
-0.2949899
-0.22816321
-0.2616918
-0.30162224
-2.5859778
0.88699114
-2.5495784
0.97358876
1.3507475
1.2339303
0.25246495
1.0516057
0.54692715
-0.83132434
-0.42145142
-1.1189672
-0.45999488
-0.19269057
-0.46874708
-0.5954288
-0.3322863
-0.7564116
-0.032669086
0.32154155
0.074043564
0.45227665
0.48091576
0.47532165
-0.07652027
0.5180919
0.09360359
-0.36439326
-0.43165103
-0.4624077
-0.42700657
-0.21140717
-0.45415786
-0.39210963
-0.4071664
-0.46619084
-0.17664793
-0.28265017
-0.21089543
-0.3197254
-0.32960284
-0.35899782
-0.29107192
-0.33930528
-0.36516368
-0.7757495
-0.42310375
-0.8664555
-0.4515388
-0.5680668
-0.45602742
-1.0623579
-0.5158114
-1.1286727
-0.18705907
-0.33937812
-0.2582699
-0.32625
-0.21469067
-0.349859
-0.15895428
-0.34401578
-0.22756678
0.8175159
0.45827442
0.8138652
0.32980052
0.0077740587
0.42753428
0.7884638
0.5085736
0.7932961
-0.385634
-0.45733145
-0.4665268
-0.49319613
-0.31147575
-0.5750907
-0.5267052
-0.47712144
-0.63850677
0.18389904
0.47843382
0.25622123
0.5979622
0.57110745
0.6092515
0.0152662685
0.48806512
0.15246977
-0.5619673
-0.51840585
-0.5774898
-0.56682175
-0.33765796
-0.648467
-0.8773404
-0.550291
-0.9633173
0.15564579
0.45659184
0.2989586
0.5389552
0.38295987
0.57398295
0.2178778
0.49686617
0.39143232
-0.6752765
-0.6108789
-0.86620593
-0.5911784
-0.17688724
-0.641864
-0.34239316
-0.38656285
-0.45670924
0.8362156
0.5295707
0.83744204
0.3459441
0.28411826
0.3829461
0.8581662
0.52705485
0.91208524
-0.15742306
-0.23144218
-0.20454042
-0.28481683
-0.15926729
-0.2879771
-0.21284851
-0.2608751
-0.26297295
-0.2712075
0.58098096
0.11286599
0.5182456
0.3611501
0.46261314
0.18553299
0.4691373
0.29877332
-0.45234516
-0.5337514
-0.47361702
-0.48761857
-0.50862813
-0.44153374
-0.41901714
-0.4838884
-0.4844972
-0.35675913
-0.3355557
-0.48531094
-0.4513164
-0.20196436
-0.47891465
-0.61264056
-0.51639855
-0.83733004
-0.31851524
-0.36427292
-0.42323428
-0.49326825
-0.31252384
-0.5553464
-0.40782616
-0.4875939
-0.56144696
-0.2538469
-0.30163148
-0.33769304
-0.31149587
-0.14546886
-0.33136392
-0.23453556
-0.30328563
-0.31105512
-0.15820117
-0.33603376
-0.22013088
-0.3880999
-0.19206834
-0.41038546
-0.2339683
-0.3656622
-0.34720337
-0.5397006
0.9000232
-0.05598655
0.8045361
0.6013464
0.75195265
0.21348457
0.5667321
0.36622792
-1.1741697
0.6807946
-0.7078345
0.897451
0.9807448
0.8467096
-0.1084994
1.1332717
0.39154038
-0.39333645
-0.44465992
-0.4956074
-0.53169066
-0.22732928
-0.51632345
-0.65566796
-0.57113403
-0.7938877
0.23293144
0.3260745
0.30379516
0.39783204
0.3538271
0.39860258
0.17590216
0.34214583
0.24789782
0.14137001
0.3445268
0.21343517
0.3741754
0.39656344
0.4128067
0.21296388
0.35963318
0.27689162
-0.1747668
-0.3588019
-0.28914228
-0.40755633
-0.16574915
-0.40175524
-0.30536357
-0.40517446
-0.42034402
0.276066
0.5254412
0.48321176
0.5403616
0.58022594
0.6207251
0.27434644
0.66577196
0.45145866
0.32890272
0.5906128
0.41953805
0.5216418
0.64476246
0.62418735
-0.34631366
0.6942688
-0.26906726
-2.9384027
1.2118795
-2.6168473
0.9267507
1.4650342
1.206187
0.8363906
1.4363998
0.96750367
-0.72715515
-0.45842317
-0.8450796
-0.39738584
-0.3099798
-0.40418547
-0.46959504
-0.36646017
-0.5712417
-0.1919237
-0.2933974
-0.24412745
-0.34024575
-0.18670905
-0.3476006
-0.22512908
-0.2747416
-0.2926843
-1.0472647
0.91094095
-1.0071652
0.8593851
0.94968253
1.0680798
0.5032558
0.89129853
0.8024118
-0.6434103
0.7195083
-0.3366093
0.82440627
0.5890237
0.8471246
0.2839296
0.8004525
0.4199526
-0.49824208
0.57024425
-0.114636324
0.5136371
1.2002671
0.6203449
0.8412963
0.8942308
0.9747982
0.069976285
0.42745548
0.17255077
0.5198764
0.471062
0.5309916
0.19615218
0.58329666
0.32915163
-0.4047729
-0.3098682
-0.4829132
-0.41318813
-0.20560446
-0.4448629
-0.44568783
-0.42887166
-0.56790596
-0.39479262
-0.7075017
-0.5186986
-0.6803456
-0.63730335
-0.70610434
-0.6061558
-0.64399505
-0.7407006
0.6527483
0.061656885
0.6666955
0.35649723
0.096524164
0.3832361
1.3319079
0.8465868
1.4877177
0.09973718
0.5670431
0.24852833
0.6393655
0.506412
0.64006317
-0.54999566
0.82369
-0.26849443
-0.2818669
-0.19506319
-0.34204417
-0.38471925
-0.24205713
-0.41777614
-0.4464524
-0.39945453
-0.5553041
0.012602871
-0.23362955
-0.04455998
-0.3503046
-0.20996256
-0.40993482
-0.38397506
-0.3360923
-0.45751593
0.8256558
0.41857278
0.7930986
0.28675056
0.39952394
0.4496886
0.76292706
0.6291836
0.8383902
-0.029332826
-0.439111
-0.14709583
-0.52931803
-0.31726685
-0.5103267
-0.24165456
-0.4132577
-0.36112735
-0.38374966
-0.4118136
-0.45433745
-0.41634876
-0.24303158
-0.45778587
-0.38528126
-0.41725394
-0.5110926
-0.43539107
0.4257443
-0.4443105
0.47380766
0.6098341
0.62736464
0.4054509
0.54231757
0.5590539
-0.061161403
0.57685196
0.10042626
0.69155985
0.44747314
0.63952476
0.14772974
0.6832396
0.3062203
-0.13823074
-0.27364495
-0.21236373
-0.38030836
-0.22543694
-0.38745123
-0.24287905
-0.3288586
-0.33369514
-0.13047159
-0.30332425
-0.19656278
-0.35850632
-0.23203403
-0.4167575
-0.34168896
-0.4042218
-0.47956127
-0.46618596
-0.5743779
-0.5206774
-0.6161467
-0.4258184
-0.63152546
-0.4189058
-0.5404228
-0.43891767
0.16370282
0.40698817
0.250522
0.3263127
0.29923248
0.37884748
0.16488597
0.3301924
0.21366078
-0.6864848
0.8865008
-0.18394838
0.6235216
0.56690997
0.6180478
0.065046765
0.73243225
0.29046902
-0.8157534
0.643172
-0.6327338
0.7319024
0.72772706
0.8158551
0.5680439
1.120468
0.8211204
0.11836685
0.3583955
0.18698446
0.39644945
0.41822663
0.43577147
0.21189441
0.42794243
0.2889256
-0.6166735
1.0999422
0.04385263
1.0109552
0.791796
0.8826734
-0.1187868
0.93661684
0.34605992
0.14225297
0.2726574
0.21843518
0.34266475
0.275635
0.36712474
0.15118179
0.3602052
0.21328802
-0.6069241
0.5679068
-0.6482732
0.504647
0.5779917
0.6205397
0.21571097
0.51293296
0.34492573
-0.10185591
-0.20637208
-0.16232283
-0.35194498
-0.18132529
-0.3692981
-0.08140654
-0.3050113
-0.13948098
-0.33989987
-0.34779426
-0.4352123
-0.43582192
-0.1965482
-0.62086815
-0.5014639
-0.39872214
-0.5751837
-0.422376
-0.41367716
-0.5258095
-0.47089398
-0.2548874
-0.47100532
-0.37114018
-0.38654542
-0.44799775
-0.030487407
-0.24557577
-0.11562694
-0.29926667
-0.24474138
-0.3447152
-0.19185174
-0.33952248
-0.29307267
0.29638258
0.31253397
0.35891163
0.4118699
0.24743228
0.3862399
0.22935791
0.3606328
0.30347723
-0.007861463
-0.2677188
-0.06462427
-0.30560043
-0.29538625
-0.3497936
-0.17961633
-0.4134982
-0.26059934
-0.12933446
0.7316566
0.23211549
0.8543088
0.66432464
0.7975279
0.4499712
0.7918568
0.56890255
-0.35550493
-0.3076189
-0.4319169
-0.36319953
-0.20994794
-0.37711206
-0.4668318
-0.42279956
-0.553797
-0.26725918
-0.28792825
-0.31155044
-0.36415058
-0.20272373
-0.38417405
-0.33418056
-0.36409798
-0.4088555
-0.3621902
-0.3702794
-0.4454416
-0.44133455
-0.18539158
-0.46341544
-0.46189123
-0.3837466
-0.53856224
-0.2154964
-0.31245404
-0.29443207
-0.3546493
-0.17884412
-0.36794847
-0.32132813
-0.34880373
-0.41009113
0.2929833
0.36806133
0.36413768
0.7523045
0.50273716
0.77444184
0.32626742
0.6232664
0.4174792
0.6311282
0.44491166
0.6801517
0.071353175
0.0056963935
0.048388295
-0.15911162
-0.33175933
-0.18137427
0.21076289
0.36832622
0.27829003
0.544323
0.4630524
0.61292404
0.3344885
0.57265466
0.44581258
0.90138817
0.4456492
0.9002571
0.3248306
0.14225
0.36763704
1.0404717
0.59264326
1.0997157
-0.36105376
-0.36635682
-0.44966897
-0.5446472
-0.29358616
-0.60368246
-0.46966904
-0.42570382
-0.58663857
-0.22595425
-0.28176203
-0.32074308
-0.37839472
-0.23796931
-0.36062452
-0.3808514
-0.32547802
-0.4597666
-0.23589034
-0.3067362
-0.30121794
-0.39042097
-0.1812042
-0.40178326
-0.32184297
-0.39064375
-0.4055188
-0.5391919
-0.58206296
-0.7491153
-0.5883257
-0.34538317
-0.6972167
-0.5672885
-0.5827963
-0.802752
0.10619609
0.6507169
0.18992026
0.6094697
0.4679321
0.5789417
0.2036253
0.535311
0.26336944
-0.8680714
-0.41227728
-0.98631924
-0.42782396
-0.6342276
-0.503307
-1.2021672
-0.50521576
-1.2873458
-0.23270765
-0.32085103
-0.34550893
-0.3953706
-0.22944677
-0.39475104
-0.39017448
-0.38229638
-0.47247487
-0.39641756
-0.37145358
-0.46531582
-0.44112128
-0.21395177
-0.4526919
-0.6152396
-0.45107305
-0.90115094
-0.5030841
-0.24758928
-0.5658369
-0.32752377
-0.24319385
-0.3447089
-0.48802626
-0.30806297
-0.61875844
-0.2887011
0.5486893
0.1984237
0.6036278
0.4667989
0.54181963
0.291196
0.3714587
0.31349686
-0.010348664
0.66961384
0.16990472
0.6900354
0.41180995
0.67196125
0.2878074
0.68818116
0.4769316
-0.11343048
-0.24176268
-0.19185843
-0.32083353
-0.18365371
-0.33117038
-0.28088063
-0.32835278
-0.38225824
-0.26108018
-0.3262987
-0.30124798
-0.33730823
-0.30366728
-0.37405238
-0.3160974
-0.32722422
-0.36886886
-0.6079788
-0.43337592
-0.7591281
-0.3541432
-0.09807077
-0.3732383
-0.43875217
-0.298517
-0.5508336
-0.4169441
-0.4917473
-0.5270675
-0.4961776
-0.32474676
-0.50219804
-0.29805943
-0.34471884
-0.42713997
0.07059091
0.42549455
0.2151037
0.47292522
0.44890273
0.55241925
0.24914713
0.49379689
0.38482913
0.5790268
0.7501665
0.70204437
0.87024415
1.2248831
1.1284921
-1.3292505
0.82841355
-1.2771533
0.13476743
0.4480287
0.24140844
0.41763288
0.3943863
0.48567253
0.09495488
0.43756497
0.21856055
0.23096521
0.57660013
0.3373234
0.6711158
0.740441
0.6802609
-1.1949688
0.9534626
-1.0921078
-0.19285034
-0.37451914
-0.30649185
-0.5119008
-0.19760466
-0.51138085
-0.27203953
-0.41506976
-0.38177744
-0.13296884
-0.2693634
-0.1798199
-0.3041976
-0.19304794
-0.31678095
-0.34363768
-0.36568603
-0.40210804
-0.19058387
-0.2933046
-0.27965584
-0.39655852
-0.19420111
-0.38192716
-0.30510104
-0.39340284
-0.3897549
-0.04689866
0.5262435
0.15054286
0.72049206
0.578558
0.73272055
-0.7644728
0.7634757
-0.5530808
-0.015879188
0.38527465
0.17387213
0.52149266
0.45819646
0.5259883
0.31985608
0.50385046
0.39395046
0.033609807
0.4596797
0.13868089
0.4410141
0.40315953
0.46863773
0.16800119
0.41863635
0.2674496
0.06878459
0.32077
0.12271555
0.34511575
0.5418577
0.3744272
0.538672
0.8187335
0.68380123
-0.36012885
0.8269407
-0.20915693
0.82598764
0.7657836
0.8634978
0.5394035
0.6192377
0.6425614
-0.33151525
-0.36348704
-0.37622222
-0.3960721
-0.2109829
-0.47453034
-0.29515868
-0.38841972
-0.3713745
0.10569277
0.43154746
0.19947305
0.4361591
0.35770085
0.4673725
0.19844623
0.40827024
0.30536062
0.19447778
0.49487832
0.22327605
0.46953544
0.45368168
0.54695934
0.15994456
0.5436297
0.3635886
-0.0042810407
0.5125488
0.11416226
0.48302996
0.46181193
0.5332395
0.15859658
0.587597
0.26638383
-0.27591795
-0.35127962
-0.39222312
-0.46660107
-0.23594634
-0.46090043
-0.40930846
-0.4440123
-0.48392773
-0.2498364
-0.35007358
-0.30010656
-0.40446788
-0.2272348
-0.41758743
-0.3352073
-0.3845426
-0.4102219
-0.22564334
-0.28953102
-0.3285603
-0.3978917
-0.2900423
-0.413584
0.043607883
-0.2683923
-0.04990325
-1.8966268
1.1584918
0.11356013
1.1935401
1.3269897
1.0566409
-1.446096
1.3113747
0.41901454
0.25915056
0.6309648
0.37031552
0.8904341
0.62523586
0.6631139
-0.8258254
0.8244582
0.3030667
-0.8213687
-0.27997357
-0.87503743
-0.2935748
-0.32039404
-0.29714793
-0.943619
-0.22492684
-0.973634
-0.5472102
-0.62425804
-0.64323497
-0.68678385
-0.48861745
-0.7359548
-0.65779084
-0.6607263
-0.8353128
-0.2891375
-0.580968
-0.4547585
-0.53478473
-0.42817134
-0.63375443
-0.53255254
-0.6268175
-0.7416075
-0.80916405
1.0997136
0.39917746
1.0055755
0.7010175
0.7090106
-0.04353321
0.97603893
0.4080947
0.49046102
0.35454518
0.54056907
0.030003903
-0.14490911
0.009613591
-0.23040392
-0.46106875
-0.26407814
-0.42989177
-0.51372665
-0.55663025
-0.5007809
-0.24363664
-0.51589113
-0.25623667
-0.37883735
-0.37783965
0.14437158
0.662123
0.30540448
0.7882
0.60507846
0.76692677
-0.62452286
0.60688335
-0.4543021
-0.41820988
-0.46516967
-0.55938834
-0.57606375
-0.15359528
-0.6872843
-0.48391184
-0.56668586
-0.6912768
-0.44546515
0.71891207
-0.14101456
0.8156343
0.62076527
0.846788
0.32441747
0.76253146
0.44267768
-2.7317162
1.3384315
0.49121362
1.4127895
0.81560916
0.906553
0.515246
1.1598735
0.5525992
-0.1454093
-0.22094965
-0.20692453
-0.29780054
-0.20172523
-0.33043423
-0.22658119
-0.3032352
-0.31114084
-0.42337027
-0.43547815
-0.5172118
-0.4658684
-0.23668455
-0.48616248
-0.28743076
-0.3460316
-0.37497237
-0.2821616
-0.1824165
-0.3219392
-0.2737141
-0.17465802
-0.27873638
-0.43983233
-0.25852016
-0.5172451
0.10913364
0.46263582
0.23746237
0.5183636
0.47065547
0.51744574
0.15940194
0.4853734
0.30878633
0.10471268
0.29055154
0.18972737
0.26926515
0.3199767
0.32781383
0.13327996
0.3299061
0.21127763
-0.52444714
0.5573901
0.14585035
0.5620689
0.4706793
0.44759518
0.14679694
0.40779713
0.2566163
0.4018945
0.78153646
0.5475957
0.6982538
0.7332961
0.86751485
-0.953991
1.0327513
-0.7310917
0.024812002
0.37994376
0.15506712
0.5550504
0.30918732
0.55770296
0.3824275
0.38312367
0.49621925
-1.0023167
0.71680367
-0.768633
0.6784756
0.8229091
0.88408685
0.56573325
0.94962084
0.87304074
-0.20389387
-0.37484756
-0.30538574
-0.50784504
-0.31993222
-0.49582067
-0.2730193
-0.39844024
-0.3859604
-0.2498774
-0.33072776
-0.3318277
-0.37321305
-0.19326326
-0.408145
-0.29647818
-0.35873264
-0.3716966
-0.07100835
-0.3147296
-0.15503865
-0.33866945
-0.2700114
-0.34960636
-0.21991238
-0.29397056
-0.29389334
0.5533458
0.7886205
0.6292448
0.8197306
0.743686
0.8766139
-1.2678871
0.9166099
-0.9770127
-0.019780636
0.3900205
0.07693329
0.60299873
0.30916265
0.5971181
0.14437795
0.6244261
0.32212955
-0.109115615
-0.4777759
-0.23429747
-0.5599827
-0.3081323
-0.54786533
-0.452681
-0.5696455
-0.56570446
-2.6178112
1.2627884
-0.4160491
1.3807638
1.0545733
1.2663152
0.18123433
1.320804
0.59869015
0.47440508
0.8999539
0.75815976
0.94448316
0.90336293
0.7845891
-0.92091566
0.89796025
0.23185143
-0.3576302
-0.3853131
-0.4410498
-0.43056452
-0.2675371
-0.5095038
-0.47803938
-0.394552
-0.5775408
-0.34885478
-0.3846156
-0.43703896
-0.45181653
-0.18763448
-0.44573632
-0.59775627
-0.5150196
-0.75928885
0.6108447
0.82210386
0.78235006
0.5046286
0.79863554
0.66860175
-1.0703028
0.29824385
-1.1108413
-0.4451597
-0.34839204
-0.525782
-0.28373018
-0.16721049
-0.31961718
-0.5678702
-0.39808595
-0.6662021
-2.1538987
0.96953106
-1.7034525
0.96710557
1.2367334
1.2498616
0.20535547
0.9681863
0.60847944
-0.13111387
-0.2801317
-0.19902976
-0.37769696
-0.2315244
-0.3780427
-0.3151248
-0.37408727
-0.3728275
-0.17999329
-0.34181482
-0.2626028
-0.4046221
-0.17291266
-0.40530562
-0.2888086
-0.37185633
-0.41931286
-0.20249026
-0.41773966
-0.3318034
-0.45886838
-0.28063396
-0.4810042
-0.3028228
-0.41030386
-0.41849235
0.8271434
0.4501426
0.8836334
0.37099892
0.15854627
0.47004074
0.92318916
0.5176996
1.0158945
-0.6763526
-0.39129215
-0.8051363
-0.55548316
-0.24350256
-0.5326528
-1.0185884
-0.45793736
-1.2143841
-0.26434916
-0.40237418
-0.35286444
-0.50240815
-0.41096467
-0.52652746
-0.3287225
-0.43195435
-0.45993832
0.058682602
-0.71638787
0.06212636
-1.4429058
-1.477126
-1.546932
-0.12935518
-1.2363074
-0.18412846
-0.044708665
-0.59656835
-0.21491526
-0.5888257
-0.3937144
-0.6730045
-0.39566815
-0.5539387
-0.5242051
-0.3055729
0.938927
0.19705153
1.0744236
0.70480704
0.9766442
0.409427
0.86393535
0.5917548
-0.6758107
-0.57747746
-0.7716226
-0.67109436
-0.26645628
-0.6348222
-0.6443849
-0.4969168
-0.82175624
-0.15622981
-0.34972197
-0.219161
-0.39747515
-0.1919308
-0.38544384
-0.116846174
-0.34994578
-0.22124907
-0.43416306
-0.36005878
-0.47560647
-0.5018184
-0.27132112
-0.51116234
-0.4971349
-0.43901747
-0.5758552
-0.5925863
-0.38497654
-0.66599846
-0.61710495
-0.3824791
-0.6526696
-0.45994425
-0.61000013
-0.6743529
0.28778556
0.83909905
0.49915224
0.89766544
0.7014619
0.93865764
0.29838303
1.0315583
0.5528696
-0.2026357
-0.4136025
-0.33730182
-0.48133177
-0.21569133
-0.50972706
-0.17552957
-0.4507251
-0.31841674
-0.49630937
-0.39731038
-0.5178152
-0.31689948
-0.13591789
-0.33450913
-0.43284148
-0.33426642
-0.51571304
-0.38319793
-0.4287476
-0.5120427
-0.49760568
-0.22458129
-0.56663525
-0.47074658
-0.40789708
-0.553369
-0.15394461
-0.22003174
-0.20648773
-0.33211154
-0.19979605
-0.36378288
-0.2163603
-0.2641387
-0.2900924
-0.10955208
-0.24059652
-0.18928619
-0.27539572
-0.13219014
-0.2896124
-0.18901742
-0.28008324
-0.265254
0.3297854
0.8145802
0.49498567
0.75205636
0.75771457
0.80397946
-0.99461544
0.6888862
-0.83441025
-0.25275645
-0.27465862
-0.31074747
-0.3005766
-0.18429007
-0.32221672
-0.31648692
-0.30572018
-0.38879806
0.9847954
0.3409384
0.9728904
0.18478034
0.35597047
0.24685122
0.7464579
0.25249338
0.7082746
0.2676759
0.38060853
0.35488176
0.49823788
0.2973159
0.5319826
0.24979816
0.525693
0.36937892
0.95865154
-0.08822406
0.9961507
-0.0882402
-0.71440387
-0.117899895
0.30864197
-0.65389353
0.27210617
-0.09363368
-0.25489825
-0.1721678
-0.2656481
-0.27316162
-0.30286258
-0.18296391
-0.29763207
-0.23147033
-0.55342793
-0.34092814
-0.6608731
-0.4256055
-0.21652816
-0.45283931
-0.66752636
-0.3796999
-0.7699407
0.030179901
0.47267017
0.17515011
0.47578922
0.41807845
0.45022467
0.074230954
0.4483643
0.22429307
-0.06281706
-0.29093355
-0.114114225
-0.34326676
-0.3378219
-0.37720227
-0.26113978
-0.37152225
-0.33732346
-0.08709633
-0.3881687
-0.08312048
-0.056980398
-0.16499452
-0.07061753
0.68099475
0.44305527
0.7528772
0.26927194
0.239073
0.38957512
0.5435888
0.5727092
0.5564419
0.2906296
0.43446943
0.47069424
-0.15154918
-0.33818114
-0.24282834
-0.38367373
-0.23609649
-0.4035673
-0.257123
-0.41493765
-0.3370609
-0.29600915
0.8040402
0.33917624
1.0696683
0.7223495
0.67261374
-0.24448782
0.8853964
0.36175886
-2.0793717
1.0767628
0.21944588
1.8245662
0.76814234
1.140912
-1.4770573
1.4319766
0.45931673
-0.1667623
-0.3563301
-0.27399153
-0.40622672
-0.1763557
-0.40506527
-0.3490301
-0.39681128
-0.42673615
0.702027
1.644191
1.1095362
1.4174734
1.6966319
1.5790564
-2.2745795
1.470177
-2.0036495
0.1412128
0.28981856
0.19166821
0.375661
0.28838712
0.40291977
0.21536379
0.35532725
0.2891242
-0.123695865
-0.29220846
-0.18123813
-0.39814952
-0.1129904
-0.38551414
-0.233074
-0.3164548
-0.32837686
-0.36420554
-0.380999
-0.401215
-0.3845861
-0.23665915
-0.36960098
-0.39989984
-0.30262113
-0.43762785
0.17964356
1.2651364
0.6461953
0.5956203
1.6624651
0.91045344
-1.1858839
0.9387318
-1.0491879
-0.13345124
-0.42944875
-0.26532656
-0.46449015
-0.21303943
-0.4527123
-0.25033227
-0.4922905
-0.36066073
-0.18541332
-0.3361922
-0.27344877
-0.35104224
-0.15427601
-0.35590017
-0.25150114
-0.3676703
-0.34588057
-0.30999896
-0.45569402
-0.35693607
-0.5781968
-0.4265733
-0.5897509
-0.45328745
-0.642279
-0.5648419
-0.33102697
-0.3917468
-0.40382093
-0.532888
-0.24305062
-0.69519645
-0.3882121
-0.4400718
-0.54693687
-0.35020396
-0.49618348
-0.47948676
-0.6088966
-0.14427526
-0.622131
-0.38077927
-0.49769545
-0.4988016
0.639883
0.2230958
0.74171394
0.5694176
0.67771053
0.6877496
0.797675
0.67936844
0.9725376
-1.193474
1.3850744
-0.8436706
0.7927851
0.8132065
0.9342115
0.6250407
0.97730935
0.809531
-0.19774075
-0.3737457
-0.25732118
-0.40473792
-0.33723563
-0.454971
-0.25265828
-0.38475105
-0.33726534
-0.34470242
-0.402492
-0.4238102
-0.35305193
-0.2719234
-0.3984578
-0.29067695
-0.3397712
-0.3386199
-0.5212669
-0.5954417
-0.6278431
-0.4717295
-0.29244787
-0.5013791
-0.39570317
-0.48913258
-0.5072426
-0.24159501
-0.3335205
-0.2822964
-0.32833296
-0.32031906
-0.37330127
-0.4311081
-0.39080912
-0.484473
-0.4541022
-0.51508075
-0.48072726
-0.5326718
-0.381764
-0.60398436
-0.60725796
-0.50716084
-0.6952441
-0.15436488
-0.34663212
-0.2517557
-0.4592362
-0.22100888
-0.44972003
-0.29123446
-0.36848363
-0.38637787
-0.60918415
0.9367076
0.17825492
0.84003025
0.6306991
0.54421276
-0.0039133118
0.8458632
0.4131407
-0.14224479
0.48638305
0.10223635
0.6581585
0.4656502
0.555689
-0.29024735
0.6406954
0.09892381
-0.18707778
0.13839024
-0.21316782
0.43790546
0.6658027
0.5200253
0.47386867
0.61997247
0.60813695
-0.4132775
0.60226226
-0.31049842
0.48789477
0.5209725
0.53935
0.22408122
0.46399975
0.30814815
0.019981656
0.5052634
0.18064363
0.56636024
0.27810842
0.5168164
0.14418131
0.46053967
0.26212344
-0.09686849
-0.3603301
-0.18683983
-0.4118611
-0.26916438
-0.4317917
-0.37409914
-0.45024014
-0.483767
-0.033370934
-0.21135783
-0.07415255
-0.27341142
-0.28816295
-0.30592114
-0.087547064
-0.30389395
-0.16327575
-0.12070887
-0.1878588
-0.1828119
-0.27190134
-0.18881504
-0.3095245
-0.25187907
-0.27148178
-0.31689584
-0.25207
-0.35424474
-0.30583265
-0.39938658
-0.21261819
-0.40149796
-0.49200863
-0.46335372
-0.50816923
0.040492058
0.9125729
0.24105716
0.95925385
0.4290041
0.90163785
-0.058968533
0.82925665
0.20562907
-0.62025285
0.030189587
-0.57846487
0.36976075
0.6598919
0.42393756
0.36888012
0.72792536
0.48790154
-0.20056805
-0.33267272
-0.2965029
-0.37774217
-0.22911495
-0.39586446
-0.4656428
-0.44070497
-0.5902077
-0.17425832
-0.5901852
-0.24865037
-0.6936048
-0.8288645
-0.70140225
-0.6571874
-0.71805906
-0.7943435
-0.1563616
-0.3172667
-0.23187412
-0.37848327
-0.19524561
-0.3817698
-0.27004424
-0.35858142
-0.3518023
-0.15693077
-0.39557177
-0.29741046
-0.4568033
-0.20303752
-0.48535332
-0.3427456
-0.4485314
-0.5730568
0.3107672
0.57467914
0.3722236
0.6260416
0.53531706
0.72889954
0.22821946
0.44503498
0.30182788
0.27343562
0.57518435
0.38419083
0.64308316
0.6006051
0.71913487
0.49343112
0.6946861
0.62408423
0.32602492
0.5714996
0.43565196
0.57907414
0.51756465
0.59783524
0.40214297
0.5665951
0.5066955
-0.16068487
-0.36147743
-0.21154907
-0.3706509
-0.36031315
-0.40048027
-0.10478221
-0.40318725
-0.161097
-0.5347158
-0.4024519
-0.6876657
-0.54887277
-0.33664587
-0.6461977
-0.73211235
-0.5724674
-0.96729964
-0.12728955
-0.27269366
-0.22281718
-0.41237736
-0.18439902
-0.4035394
-0.22038838
-0.3484671
-0.30129135
-0.26931953
-0.31946364
-0.34676123
-0.46341938
-0.22147249
-0.49412918
-0.42049244
-0.46907192
-0.4762518
0.10176228
0.40778014
0.19538319
0.57530653
0.41414565
0.5282376
-0.27702168
0.60626966
0.023351429
-0.15487379
0.8638386
-0.0702018
0.7990555
0.55679995
0.7645476
0.111716956
0.6960788
0.330093
-0.35148117
-0.43862563
-0.48730743
-0.43853584
-0.37019414
-0.43937987
-0.11662719
-0.38342422
-0.16469027
-0.4356784
-0.24224795
-0.49240413
-0.39052707
-0.25983495
-0.4426997
-0.68932056
-0.31402317
-0.8843477
-1.2641512
0.7975223
0.31471437
0.8486753
0.6519519
0.72038394
0.3701344
0.7225529
0.46786544
0.27219015
-0.31716982
0.2842622
-1.1649327
-1.024471
-1.2660068
-0.0070771542
-0.99654675
-0.16794817
-0.39832675
-0.45029512
-0.5515125
-0.53744996
-0.23862068
-0.67636156
-0.3776684
-0.51254714
-0.5121295
0.15436411
0.50442076
0.26446584
0.5725112
0.4950153
0.6022134
-0.43062904
0.63416106
-0.2305248
-0.6190319
0.9148981
0.18105282
0.83969545
0.510949
0.68133044
0.24345301
0.72261274
0.51105815
-0.21826434
-0.3211202
-0.2686947
-0.35882086
-0.1948726
-0.35324374
-0.29122165
-0.35049185
-0.3480757
-0.2517378
-0.34609097
-0.32907113
-0.37294334
-0.22258157
-0.35932755
-0.25941506
-0.3387954
-0.30737895
-0.029536607
-0.24130335
-0.11360203
-0.31393462
-0.28666842
-0.35882547
-0.17052409
-0.35650188
-0.24136238
0.21172337
0.4636564
0.30928493
0.49947277
0.3924383
0.5228846
0.26579547
0.4633678
0.3539371
-0.38600776
-0.37368238
-0.4942788
-0.54798836
-0.28749347
-0.64118344
-0.6715992
-0.49047616
-0.932198
0.61122817
0.099633545
0.65576893
0.71935594
0.3581714
0.72889495
0.611012
0.011272186
0.7450964
0.40393624
0.71061635
0.52097934
0.5938136
0.8534988
0.77986586
-1.2105235
0.6172173
-1.2515169
0.12163366
0.80937004
0.42757636
0.94068277
0.5914533
0.6762839
-0.80157113
0.8254095
0.39615583
-2.5067785
1.4266956
-1.1971681
1.7080001
1.2353586
1.2675476
-1.4805524
1.4154055
0.88106364
-0.14176548
0.40197128
0.11522449
0.59824836
0.3980744
0.5299456
0.16482209
0.4272079
0.30738053
-0.13731214
-0.21314803
-0.20493247
-0.3445084
-0.23562466
-0.36800107
-0.2706385
-0.3373765
-0.36080742
-0.25715935
-0.2768128
-0.3385469
-0.35025084
-0.21868947
-0.37368774
-0.26898172
-0.3159463
-0.37853572
-0.5298501
-0.4510509
-0.60102385
-0.5239599
-0.2832417
-0.57807016
-0.6315957
-0.43155617
-0.73026633
-0.7266586
-0.45983937
-0.9550029
-0.3844918
-0.11147161
-0.453596
-0.697378
-0.40046355
-0.8736977
-0.007926715
-0.32192373
-0.11388303
-0.43908048
-0.32100263
-0.4276123
-0.16955702
-0.39298886
-0.25216728
0.5011284
0.36429673
0.5106485
0.48725984
1.0099145
0.48414513
0.49580267
0.38520643
0.5978622
0.15955397
0.55160695
0.2615742
0.7384731
0.411882
0.7842626
0.15567423
0.43166006
0.3064171
-0.40599367
-0.40470362
-0.49287033
-0.5165986
-0.30598906
-0.6038277
-0.72404784
-0.7157438
-1.1271412
-0.112662055
-0.38803455
-0.18964833
-0.45348522
-0.17791949
-0.3759777
-0.14490251
-0.39903882
-0.21232261
0.3604138
0.64886
0.46075496
0.5517205
0.53204465
0.6026007
-0.3027537
0.62607044
-0.12888527
-1.321584
0.6461986
-0.64349234
0.91459954
1.1294919
0.95280254
-0.50600743
1.0157777
0.19209564
-0.24255048
-0.3314251
-0.31612518
-0.40222195
-0.1085338
-0.408626
-0.30777067
-0.39708775
-0.43057334
1.6010934
-0.65030056
1.7035357
0.036849387
-0.74571913
0.06606941
0.29624474
-0.89862967
0.19215737
-0.13829096
-0.4033748
-0.25343156
-0.50180316
-0.26564428
-0.50647116
-0.27132192
-0.44222274
-0.4140084
-0.28969696
-0.34109512
-0.38145438
-0.41138187
-0.14356856
-0.39853835
-0.34264737
-0.4101202
-0.49565676
-0.22729917
-0.33682248
-0.26983288
-0.2996525
-0.2158672
-0.33682764
-0.2257511
-0.29101893
-0.33186683
-0.75536007
-0.8322394
-0.8749859
-0.8930392
-0.7367914
-0.9614523
-0.92943215
-0.54248106
-1.0861797
0.052073035
0.66266274
0.17320512
0.3906482
0.41277263
0.45973948
0.30888173
0.63533616
0.46726406
-0.19714218
-0.6147448
-0.332223
-0.6697264
-0.7173198
-0.7449854
-0.1875569
-0.5803254
-0.31052032
0.49813274
0.5239488
0.53734934
0.4444253
0.15210144
0.50914705
0.6326103
0.5985578
0.6744812
-1.107535
0.5387207
-0.7994304
0.6553035
0.782941
0.7970919
0.27384385
0.6905946
0.45969704
0.48350728
0.878709
0.58662295
0.5249952
0.46838674
0.55355656
0.25156385
0.49169132
0.29137054
0.31707448
0.4897891
0.45450026
0.6078634
0.37593248
0.6284141
0.4159347
0.64107525
0.5451402
0.18315902
0.49638006
0.28752705
0.4788194
0.41230494
0.5172281
0.21700896
0.5678602
0.32563397
-0.19594362
-0.26878512
-0.26421916
-0.3213128
-0.16176163
-0.30036196
-0.3468028
-0.30460227
-0.43960753
0.9875304
0.7513082
1.1929926
0.43128023
0.5337056
0.50518584
0.88141024
0.6068764
1.0052907
-0.15073986
0.55178934
0.15488766
0.69889814
0.58529896
0.5904971
-0.640319
0.8736516
-0.015988024
0.0749789
0.5972117
0.22765751
0.55439985
0.48035735
0.55822754
0.027058432
0.5906615
0.22683598
-0.36822283
-0.35438138
-0.5345935
-0.43819937
-0.17676476
-0.41350046
-0.4801488
-0.37321773
-0.5802762
-0.261147
-0.2975786
-0.31330696
-0.2993963
-0.2211677
-0.3268129
-0.22282608
-0.30155385
-0.31075674
-0.1954819
-0.33476964
-0.27984065
-0.38843527
-0.17883082
-0.3835613
-0.35005
-0.37172818
-0.42791244
0.18920161
0.39970788
0.31304416
0.38560912
0.30458224
0.40642956
0.20469855
0.36982888
0.29442596
-0.5064042
-0.6201289
-0.5897824
-0.06691156
0.04154294
-0.05551852
0.66261524
0.38923642
0.7209483
-0.06179793
-0.31733835
-0.1711463
-0.39254317
-0.21227981
-0.4281398
-0.27699637
-0.29262367
-0.3650039
0.23921971
0.6311743
0.34300214
0.70477414
0.5856627
0.703819
-0.97161114
0.8422706
0.028122656
0.24404894
0.35205942
0.3224419
0.39910385
0.27326715
0.3833578
0.26192006
0.43351468
0.34426063
0.14806774
0.52611357
0.27473047
0.7796505
0.5092036
0.67701095
0.15880252
0.77739996
0.3803996
-1.248474
0.78456897
-1.2272215
0.10372323
1.6696345
0.21422192
-1.2626166
1.114982
-1.1630332
-0.9222975
-0.6899442
-1.2989526
-0.47298887
-0.33100978
-0.5702798
-0.59716195
-0.4148335
-0.73450536
-0.27268404
0.67246544
0.058454286
0.62611
0.41769442
0.6132871
0.115610085
0.5759624
0.21584171
-0.1449553
-0.3093288
-0.20111576
-0.38794345
-0.28136632
-0.425134
-0.20060363
-0.38318226
-0.27409568
0.06488269
0.3498163
0.15796001
0.44215524
0.4999066
0.46066004
-0.3169607
0.6197819
-0.022166654
-0.22537617
-0.4538377
-0.28822088
-0.57402307
-0.51251304
-0.69012547
-0.45126218
-0.6596042
-0.61910486
-0.15586634
-0.25316226
-0.24994974
-0.3860107
-0.22169927
-0.4001222
-0.16394044
-0.38798735
-0.26435223
-0.22561285
-0.2905622
-0.30460384
-0.3000331
-0.15250319
-0.30991253
-0.19723023
-0.256621
-0.23928161
-0.08593232
0.75519377
0.11012327
0.86682063
0.4672381
0.8377011
0.4041831
0.37250674
0.50867254
0.24856593
0.37918764
0.31878227
0.46321416
0.41913712
0.50290865
0.02193623
0.5334402
0.157162
0.10043632
0.23170088
0.13921694
0.47464922
0.5208031
0.54967237
0.32207036
0.60831034
0.46223155
-0.27350435
-0.6743409
-0.2904215
-0.71651715
-0.83992875
-0.8000516
-0.4932001
-0.6937931
-0.5926416
-4.4737635
0.87357116
0.59376305
-0.070124574
1.667324
1.5705985
-5.4224634
1.126125
-4.4343004
-0.12760468
0.4947921
0.04206069
0.5027792
0.62657124
0.5289092
0.05319171
0.46974954
0.18885697
-0.162389
-0.26018915
-0.23994967
-0.31070155
-0.18522432
-0.32981372
-0.24715959
-0.33147502
-0.31395933
0.28708413
0.44299382
0.35385537
0.42169872
0.4400813
0.46183676
0.17065331
0.46324015
0.26997778
-2.1817827
1.0027583
0.3577019
1.3228172
0.99012166
0.8627698
-2.2771378
0.97694916
0.20594424
-0.32539636
-0.35837838
-0.45037505
-0.54074645
-0.2740759
-0.57812166
-0.55818063
-0.6257248
-0.74829006
-0.40329143
-0.6252763
-0.52657145
-0.73906446
-0.5138912
-0.76023835
-0.48962095
-0.71627164
-0.62137276
-0.43775508
-0.46256799
-0.6135669
-0.61450183
-0.292267
-0.5775764
-0.6053817
-0.51661164
-0.805176
-0.8794145
0.7173074
0.23993802
0.68092155
0.6028677
0.56464165
0.2332708
0.5657074
0.3471879
0.6657961
0.6017063
0.7715874
0.4137965
0.1946073
0.49531698
0.67717874
0.45912835
0.72291565
-0.21221246
-0.33306065
-0.25978768
-0.43584177
-0.16996811
-0.45809633
-0.39814088
-0.3777819
-0.45544305
-0.2851712
0.99489343
0.2222473
0.95584714
0.99397063
0.9152798
-1.1564733
1.2416769
-0.32325438
-0.2583978
-0.4506651
-0.37076142
-0.50427556
-0.2620846
-0.5062376
-0.29853204
-0.4537927
-0.42307422
0.08790316
0.68235666
0.25406545
1.036049
0.90231884
1.0767213
-1.8926468
1.3616053
-0.24830522
-0.123763315
-0.2599929
-0.18838023
-0.3501901
-0.2959473
-0.38326445
-0.20447597
-0.34979212
-0.27229333
-0.26029566
-0.35851485
-0.37619755
-0.3880747
-0.2654022
-0.48098835
-0.44720456
-0.5964435
-0.8148728
0.08229913
0.6335633
0.25251138
0.67357904
0.43566117
0.6866898
0.05190529
0.8156815
0.35351625
-0.14716437
-0.31544998
-0.24556345
-0.39181754
-0.1658582
-0.37271285
-0.2482559
-0.33604512
-0.32909697
-0.25683582
-0.36021057
-0.36671776
-0.41848472
-0.23186184
-0.47357497
-0.317309
-0.36172646
-0.40209404
-0.14313014
0.6763999
0.22123902
0.77702886
0.54332894
0.5970364
-0.17557578
0.64518255
0.14680342
-0.17581911
-0.20714407
-0.19694753
-0.19901028
0.019128244
-0.17680244
-0.2094545
-0.1662459
-0.20632349
0.4183085
0.63912696
0.5227835
0.75451493
0.34800577
0.748369
0.37587914
0.55303293
0.5220989
-0.30847985
-0.41458812
-0.4228192
-0.4705873
-0.31381595
-0.51363117
-0.461083
-0.5558113
-0.5771158
-0.0060999948
0.5687404
-0.0054395613
0.5906592
0.4956129
0.63515246
0.4075635
0.5745272
0.5132623
0.124072246
0.43309477
0.23883402
0.43398523
0.41607225
0.46641436
0.22422163
0.5027134
0.3081551
-0.017423844
0.5670296
0.20070057
0.582773
0.47931173
0.6644458
0.5479212
0.7100301
0.6524074
0.19915958
0.3429419
0.26139027
0.40667486
0.35294974
0.48643145
-0.19570501
0.55609304
-0.1347007
0.13558057
0.30238575
0.18913522
0.2999514
0.36418834
0.32891306
0.12358096
0.34283897
0.18907323
-0.22681807
-0.2924172
-0.31559455
-0.34183922
-0.15222341
-0.3626708
-0.2482691
-0.35561076
-0.3341803
0.05746438
0.5370464
0.18138896
0.5440379
0.5037392
0.5150013
-0.0393788
0.56543034
0.16011663
-0.048819713
-0.31945056
-0.1163365
-0.39230648
-0.16051327
-0.40110573
-0.28923726
-0.3098637
-0.36771432
-0.35106805
-0.30538854
-0.42804474
-0.4139653
-0.27194238
-0.4453744
-0.46271095
-0.39090878
-0.5125069
-0.30869097
-0.37712878
-0.44304743
-0.40652394
-0.11385624
-0.45753756
-0.34300748
-0.35801435
-0.4781707
0.14391738
0.64720243
0.24875432
0.5680448
0.51826894
0.6527299
0.364298
0.7215509
0.43315732
-0.20954835
-0.4142419
-0.26201594
-0.37830812
-0.30175984
-0.43476772
-0.3477023
-0.3106785
-0.42099687
-0.10322162
-0.3007064
-0.15148811
-0.37947392
-0.23639643
-0.39538935
-0.19153062
-0.4083456
-0.24604313
0.17258622
0.47488567
0.28967342
0.641438
0.4810737
0.6142033
0.2750797
0.6214425
0.4018661
-0.2557264
-0.59017855
-0.3433615
-0.6993152
-0.7271772
-0.845909
-0.29792547
-0.7010964
-0.44060418
0.07745102
-0.12857556
0.02059501
-0.32621276
-0.3432061
-0.35863078
-0.33915153
-0.44449714
-0.4055484
-0.4755671
-0.31079373
-0.5956029
-0.2733002
-0.10869317
-0.31490016
-0.527736
-0.34530136
-0.63023907
-0.33447298
-0.37253284
-0.43460068
-0.46293944
-0.3096454
-0.50777984
-0.4798871
-0.50894475
-0.64395237
-0.107054636
0.37585428
0.00014870535
0.5066351
0.6231909
0.5934105
0.012198525
0.5171125
0.19477215
1.5849319
0.2590409
1.6354643
0.40273988
-0.6072731
0.5744457
1.603388
0.3947979
1.5355021
-0.15996298
-0.28748754
-0.27025133
-0.3886688
-0.30530354
-0.4541869
-0.34437838
-0.35334057
-0.4421956
-0.2095837
-0.28632325
-0.2801116
-0.37354892
-0.19830544
-0.37096432
-0.2389684
-0.29872546
-0.3109918
-0.2301234
-0.34671667
-0.31500772
-0.37946302
-0.14656922
-0.3982786
-0.2722039
-0.3845258
-0.35194582
-0.2543056
-0.42551768
-0.35744295
-0.4731534
-0.25464517
-0.4625021
-0.38779822
-0.4665999
-0.48438635
-0.29308283
-0.38439265
-0.46289194
-0.43539083
-0.26715377
-0.4766575
-0.41416863
-0.45516762
-0.5331019
-0.12292182
-0.28997555
-0.17357253
-0.33106035
-0.08252834
-0.33725762
-0.2548698
-0.29656896
-0.30598205
-0.113995776
-0.27273262
-0.17599003
-0.35641554
-0.23537777
-0.36274976
-0.2309568
-0.40352413
-0.3123376
-0.028562395
0.5011094
0.15802822
0.54052824
0.43162918
0.505313
0.15252867
0.50600684
0.2588349
-0.2296177
-0.2534193
-0.28393665
-0.41361618
-0.15365645
-0.44007105
-0.32471862
-0.41455874
-0.39139825
0.08068416
0.56321007
0.31465226
0.8951041
0.6346133
0.93369067
-0.28651163
0.77165484
-0.11096008
-0.43401763
-0.5038375
-0.5578777
-0.65484315
-0.46299517
-0.66120106
-0.70250785
-0.51841956
-0.93488824
-0.370322
0.6309527
-0.08413751
0.5248191
0.42134
0.5506089
0.17444593
0.44403353
0.3083577
0.18203941
0.2564501
0.265107
0.3895512
0.26084793
0.39553547
0.47414115
0.32433975
0.5595764
-0.24942943
-0.2901532
-0.32582125
-0.49186826
-0.23496471
-0.50285435
-0.40640578
-0.38622892
-0.5071372
-0.847374
0.47693914
-0.8710043
0.055204865
0.9308065
0.074445784
-0.80792695
0.6232813
-0.80283177
0.399856
0.59725714
0.51596564
0.6129151
0.9413001
0.7532824
-1.7283593
0.9305501
-1.6400571
-0.2032118
-0.3695443
-0.25550842
-0.49099842
-0.41087273
-0.5995047
-0.36767143
-0.54654026
-0.49273846
-0.27443612
-0.3160543
-0.34304205
-0.31019005
-0.3011026
-0.34176248
0.004151118
-0.3780507
-0.08978128
-0.19752695
-0.30975536
-0.24206573
-0.3290105
-0.16329442
-0.3905934
-0.26285902
-0.30739003
-0.2945121
-1.0758677
1.3272796
-0.54393387
1.0182498
0.8207077
1.0696911
0.47779527
1.0609844
0.76025754
-0.023051906
0.82427895
0.12341555
0.8883734
0.1792759
0.79654807
0.351207
0.7267406
0.49506754
0.03473794
0.40796584
0.07451578
0.38255978
0.34369072
0.40915588
0.25179592
0.4356991
0.34288314
0.3282838
0.74996537
0.4588356
0.5787236
0.37402308
0.68515944
0.68357277
0.59498966
0.7406559
-0.1808587
-0.3711287
-0.2723467
-0.43053332
-0.26343533
-0.43839404
-0.30909637
-0.36866933
-0.36947504
-0.28314707
-0.13481767
-0.35841718
-0.34670642
-0.1600286
-0.37399837
-0.49409166
-0.35608616
-0.5836906
0.010656381
0.87484264
0.33922663
0.9286117
0.7233296
0.90975714
0.45737204
1.0207064
0.7519966
0.14424811
0.4369511
0.26724476
0.5813412
0.49253377
0.59798574
0.3105942
0.55170935
0.43132558
-0.20702197
-0.290219
-0.23774013
-0.36388367
-0.22731139
-0.3940059
-0.3233663
-0.43944794
-0.4367957
-0.27640033
-0.3851625
-0.31005138
-0.40133244
-0.19870497
-0.398898
-0.3164606
-0.37200284
-0.42043087
-0.21206991
-0.31360045
-0.28055513
-0.28043282
-0.20171963
-0.30020836
-0.21114327
-0.30765125
-0.26936892
0.06944525
0.4539072
0.18761224
0.43913764
0.42322525
0.41945043
0.1100404
0.40362436
0.22769013
0.07158832
0.60740274
0.21414
0.6751687
0.6108703
0.75393325
-0.057524376
0.7944598
0.13386427
-1.5995859
-2.143267
-1.2902682
0.98440284
1.0439202
-1.7018348
0.30595964
1.0028505
-2.091365
-0.2558317
-0.55130804
-0.28364527
-0.5613292
-0.49931255
-0.5917534
-0.3168872
-0.5466587
-0.40146983
-0.18663414
-0.30913296
-0.26521006
-0.35448605
-0.20017025
-0.40437314
-0.21530648
-0.2777026
-0.29691225
-0.8688093
-0.31329456
-0.9636961
0.3196326
0.6679498
0.387621
0.20148055
0.7599491
0.30960193
-0.12747541
-0.24157
-0.17220463
-0.4230764
-0.19781978
-0.57252735
-0.23815858
-0.35827774
-0.30333903
-0.31160557
-0.44499952
-0.41913104
-0.44676775
-0.23698187
-0.48197252
-0.41428843
-0.47102472
-0.49277753
0.15744136
0.76076317
0.3547738
0.9577281
0.8451728
1.1039131
-0.29778153
1.1538101
-0.2597516
-0.43025735
-0.42291734
-0.5335494
-0.5770582
-0.322646
-0.56578296
-0.66989064
-0.51617736
-0.88587314
-0.015290334
0.53811526
0.23811013
0.56195706
0.34917167
0.5490591
0.20882675
0.5317748
0.35771167
0.259748
0.611215
0.4366436
0.6710487
0.40357494
0.75485677
0.37695396
0.6528846
0.704695
0.46565878
0.9642163
0.71234
1.0888224
1.4093033
1.3349884
-1.9113526
0.7463745
-1.7392641
0.39597327
0.8496527
0.7628593
0.7102308
1.1931643
0.943165
-1.350218
1.4282837
-1.2598593
-0.11510372
0.78306794
0.32454464
0.9161137
0.52137977
0.936668
0.18833508
0.8626909
0.5588267
0.3318037
0.40941155
0.49287054
0.42898086
0.33175766
0.48182783
0.42928627
0.4199741
0.50412536
-0.27853876
-0.25707582
-0.35286424
-0.45533782
-0.21208298
-0.49121144
-0.6412234
-0.49635646
-0.8748345
-0.04233161
-0.518224
-0.20970903
-0.55645216
-0.25875938
-0.5142152
-0.15537642
-0.5158716
-0.32616124
-0.08266899
0.73281574
0.13045375
0.7602898
0.35824126
0.6895683
0.08922665
0.7786778
0.40643543
-0.27378395
-0.25430316
-0.3373237
-0.4287261
-0.2449803
-0.4478251
-0.097053654
-0.31829578
-0.1627322
0.19663286
0.7806208
0.40190208
0.72612214
0.4260877
0.6245706
0.0027556103
0.7356281
0.3026208
-0.3468423
-0.6440457
-0.45255756
-0.8070749
-0.59499043
-0.83225954
-0.62772405
-0.7709998
-0.86974746
-0.02518694
0.37448663
-0.042282376
0.65321165
0.5909218
0.75416905
0.44465756
0.617901
0.5694539
0.3799174
0.55131936
0.46088374
0.661686
0.5832711
0.6978754
-0.08338547
0.6430499
0.14704378
0.24879545
0.8340391
0.36211818
0.8505467
0.65352917
0.8955719
-0.5884263
0.9783188
-0.27510518
0.44121307
0.49779233
0.62502384
0.8870455
0.832303
1.0408541
-1.7459931
1.096528
-1.5431612
-0.72868687
-0.57843935
-0.7631005
-0.5726727
-0.7878581
-0.57414687
-0.7973822
-0.5157613
-0.8703158
-0.798686
0.6179912
-0.460927
0.63238627
0.6869663
0.6958457
0.3658313
0.71160024
0.4611697
-0.3511619
-0.41839212
-0.47785106
-0.48496765
-0.25643387
-0.52160555
-0.40597594
-0.46284875
-0.54389256
0.26008874
0.25635514
0.33906257
0.596452
0.37045372
0.61099577
0.45582712
0.47689813
0.52654976
-0.13071673
-0.281007
-0.22315443
-0.3711737
-0.15489005
-0.40125978
-0.17118686
-0.36681306
-0.25723124
0.19359395
0.8975858
0.32395154
0.9371847
0.4641653
0.9041118
0.38392124
0.5955078
0.6394479
-4.2356987
-1.2097995
-3.8688922
-1.1304052
1.911506
1.5453463
-3.882599
2.0371158
1.7746036
-0.42392838
0.8924422
0.21276635
0.8943711
0.64397395
0.59586954
-0.49870452
0.86380935
0.2128088
-0.1910888
-0.38875917
-0.33011913
-0.45539793
-0.2377803
-0.5000618
-0.27869207
-0.39945787
-0.42365953
-0.7146049
-0.7557005
-0.8772278
-0.1929239
0.3341995
-0.2545949
0.34406307
0.62069184
0.5307822
-0.44257978
-0.5246573
-0.61277604
-0.62997943
-0.41975972
-0.6744753
-0.6762579
-0.67154
-0.8363677
-0.26927805
-0.23240039
-0.33936876
-0.2738275
-0.1635186
-0.30221778
-0.29383063
-0.26954266
-0.3406588
-1.8083787
0.95875573
0.21122016
0.79112184
0.47142428
0.5537931
0.36822078
0.7747856
0.6160612
-0.4195667
-0.30505008
-0.48522586
-0.41700625
-0.108437546
-0.37095332
-0.74284303
-0.41723666
-1.1704936
0.58763003
0.4535286
0.6163124
0.39523473
0.35737246
0.5913707
0.6517081
0.61230916
0.6848999
-0.24642497
-0.26781124
-0.28762686
-0.3735839
-0.19274269
-0.4533346
-0.31224945
-0.34589633
-0.46892652
-0.21882696
-0.36907196
-0.2660401
-0.3781462
-0.24303813
-0.3776606
-0.2741954
-0.41404635
-0.35546148
-0.10457739
-0.3608763
-0.17685814
-0.45182347
-0.2411528
-0.46672365
-0.17366849
-0.27600238
-0.22456273
-0.24417126
-0.40603867
-0.36668935
-0.4978439
-0.2035893
-0.55720925
-0.44346535
-0.472839
-0.5719693
-0.5712463
0.47275084
-0.24345791
0.48497277
0.659809
0.52768654
0.22720465
0.6726812
0.3735881
-0.15691824
-0.29287094
-0.14980485
-0.5563124
-0.51234275
-0.63549733
-0.5339364
-0.6211777
-0.63321733
-0.09343964
-0.280742
-0.17086808
-0.3396734
-0.28137672
-0.37477288
-0.3578032
-0.36861503
-0.4069527
-0.13569954
-0.32142857
-0.12593384
-0.23398939
-0.21992685
-0.2500179
1.063045
-0.11281823
1.1205332
-0.15851009
-0.25598487
-0.22589286
-0.28957948
-0.17089431
-0.3087596
-0.22724544
-0.30162853
-0.29785627
-0.2333278
-0.26569712
-0.29535264
-0.32880962
-0.2624202
-0.3999762
-0.36899826
-0.43759668
-0.45229658
-0.2832949
-0.26417568
-0.33846945
-0.2491215
-0.35206163
-0.3091638
-0.0700081
-0.30601916
-0.15338182
0.37555116
1.1073182
0.5199395
0.8187753
0.7379241
0.8977961
-0.25253674
1.2409358
0.08493813
-0.28306082
-0.5148276
-0.33251107
-0.6289639
-0.62853813
-0.6708062
-0.3610583
-0.6199533
-0.5308583
-0.14425898
0.5806693
-0.058147788
0.57288134
0.44483948
0.59186786
0.33769807
0.6481453
0.49116665
-0.51118106
0.8792148
-0.40494376
0.71626717
0.6610747
0.8625019
0.36830717
0.5799759
0.43006474
-0.16044635
-0.25846246
-0.23044625
-0.3413591
-0.25642604
-0.35121334
-0.2524444
-0.35181123
-0.34282723
0.040475305
0.60377145
0.21970288
0.5689607
0.5911783
0.6241256
0.20809409
0.7456307
0.39597562
-0.45973203
-0.6745331
-0.59994876
-0.78520507
-0.6613925
-0.82163835
-0.57053256
-0.6836766
-0.738287
-0.04595789
-0.39077747
-0.13220546
-0.41622737
-0.30547044
-0.45458835
-0.1683113
-0.40564135
-0.28142592
-0.4193202
-0.5938151
-0.6001416
-0.72366625
-0.41373158
-0.8233365
-0.488215
-0.5526513
-0.6260896
-0.235684
0.72591937
0.17602617
0.6867689
0.5603477
0.6237744
0.16988437
0.5784088
0.25967243
-0.17495808
-0.6243033
-0.25869542
-0.9042927
-0.88153183
-0.93636394
-0.51852787
-0.73292965
-0.61740345
-0.4558042
0.6053107
0.034592062
0.68250984
0.44934556
0.5850107
0.28229874
0.50063646
0.35231352
-0.32616857
-0.62339073
-0.4639245
-0.71665615
-0.6415455
-0.73210245
-0.5393641
-0.6338454
-0.71089745
0.06874431
0.45710498
0.15088193
0.5309029
0.41487888
0.58622646
0.19533236
0.46480072
0.28966913
0.47095042
0.63113093
0.5642866
0.53697157
0.41315728
0.5748468
0.1717975
0.55714434
0.33638695
0.043296248
0.46626082
0.1890732
0.5073923
0.40444636
0.51088446
0.29685667
0.49787694
0.42973572
-0.9446997
0.7569044
-1.0246831
0.7240952
0.89925605
0.89335173
0.49107853
0.7713389
0.5983343
-0.06394008
-0.8833001
-0.022257097
-0.96766496
-1.103398
-0.9588285
-0.2571182
-1.1139827
-0.3017374
0.14658158
0.37843466
0.22889133
0.47982657
0.3309754
0.3942757
-0.106032774
0.43331027
0.116193734
0.40874764
0.8362735
0.5661607
0.99683046
0.93807954
1.1342496
-0.5935194
0.9513715
-0.7384981
0.26944697
0.36731175
0.35651043
0.4992611
0.38908365
0.5664451
-0.4043737
0.7026099
-0.16037276
-0.19059138
-0.2980963
-0.26480004
-0.33364603
-0.22429565
-0.37533924
-0.284981
-0.37678847
-0.40131977
0.24704854
0.5188948
0.3355732
0.44936466
0.37078702
0.47942415
0.12761341
0.4174214
0.24455912
-0.020643327
-0.44055066
-0.09709528
-0.23785795
-0.5629167
-0.25797144
1.1364115
0.48213294
1.2112519
-0.12454697
-0.35854277
-0.22925104
-0.33775058
-0.18280338
-0.360498
-0.20655543
-0.33132958
-0.27532163
-0.33759928
-0.374925
-0.4105487
-0.4433569
-0.24569821
-0.41195452
-0.18044117
-0.32585198
-0.24782895
-0.18920578
-0.39840487
-0.29559997
-0.49099338
-0.28942126
-0.51178616
-0.45613083
-0.52453285
-0.6071202
0.34885353
0.74930346
0.4358874
0.4772806
0.35524333
0.5953348
0.5063681
0.75616384
0.5325515
-0.05445601
-0.64401466
-0.08571378
-0.7826733
-0.8407292
-0.8949662
-0.34250194
-0.66101617
-0.40882853
0.14325127
0.40899515
0.21756971
0.4158053
0.39047912
0.45455247
0.1428781
0.37852755
0.25057328
-0.24933887
-0.21220136
-0.2976351
-0.444306
-0.33977905
-0.4243657
-0.3992787
-0.3846313
-0.46171665
0.28961578
0.55141646
0.39646962
0.3585523
0.25923952
0.4055131
0.3258895
0.5975018
0.4541721
0.047009528
-0.55078846
-0.032601353
-0.6283565
-0.7046369
-0.6588585
-0.16516341
-0.6760262
-0.24519981
-0.6881834
-0.46409947
-0.7197439
-0.49784237
-0.24728604
-0.5004959
-0.683465
-0.49223435
-0.8061179
0.26878557
0.6304008
0.3333588
0.56638736
0.5365412
0.539118
0.08310127
0.75367707
0.29887313
-0.17373224
-0.32794765
-0.28471732
-0.44356823
-0.21895477
-0.42546913
-0.18541506
-0.41992083
-0.29678172
-0.5012234
-0.53266084
-0.57632565
-0.45631793
-0.42338178
-0.51763564
-0.51547277
-0.4517249
-0.5618847
-0.10576382
-0.24784894
-0.21552709
-0.3905635
-0.26406962
-0.42390284
-0.26953596
-0.3007355
-0.36305526
-0.045146238
0.46271136
0.12760843
0.41402727
0.37455416
0.40981594
0.07766294
0.43108025
0.18717578
-0.29887813
-0.37324697
-0.40543598
-0.4249032
-0.21302108
-0.47680968
-0.49893284
-0.44454467
-0.5849996
-0.8386867
0.7964911
0.08852817
1.3403493
0.71335083
0.81049573
-0.94509804
0.97813606
0.25376624
0.042399548
0.49963486
0.18143286
0.5002886
0.40205112
0.54148024
0.145261
0.6169382
0.28068903
0.498225
0.7640107
0.6176685
0.71757513
0.57384175
0.7020619
0.4946528
0.7129018
0.64115566
-0.26999152
-0.36522543
-0.4112213
-0.47081554
-0.26042473
-0.49774843
-0.46102682
-0.5228311
-0.6621935
-0.43629515
-0.5607489
-0.6242169
-0.5612816
-0.28613472
-0.613945
-0.6047386
-0.5640582
-0.7470673
-0.29189777
-0.39034748
-0.46579525
-0.4145385
-0.17916538
-0.47631073
-0.3128133
-0.3687693
-0.46824378
-0.38848752
-0.28320143
-0.44268996
-0.5699183
-0.15243198
-0.567533
-0.42341283
-0.3719795
-0.48866007
0.055226717
0.579001
0.24400812
0.7482768
0.36057797
0.57713294
-0.48022813
0.7446003
0.09644122
-0.7533595
0.7000053
-0.07877676
0.7067945
0.5559325
0.60249233
-0.042488422
0.65829325
0.24886756
-0.111558154
-0.4013014
-0.21918337
-0.44024152
-0.22264579
-0.44282055
-0.23090388
-0.3982549
-0.30506623
-0.42565244
-0.4951627
-0.5422908
-0.6050978
-0.34469965
-0.6296992
-0.5813357
-0.52250105
-0.77554834
-0.32971403
-0.38151988
-0.42274377
-0.42635208
-0.20788264
-0.46859118
-0.4070612
-0.45258102
-0.56248087
-0.48240462
-0.3769236
-0.5512622
-0.45950127
-0.2250909
-0.4609042
-0.561154
-0.40809134
-0.5798974
-0.8355796
1.0036577
0.26241872
1.175236
0.7332051
0.7810102
-0.16473651
1.0097971
0.41588804
-0.59535986
-0.593465
-0.69831926
-0.55664927
-0.26603618
-0.56828827
-0.39111382
-0.51859206
-0.47424358
-0.68968445
-0.49866563
-0.8173515
-0.6055377
-0.53843695
-0.6034357
-0.9580308
-0.6389295
-1.1132681
-0.10814737
-0.22638121
-0.16601203
-0.2756526
-0.18160114
-0.29214203
-0.19670856
-0.30622095
-0.27687424
-0.101123445
-0.3082586
-0.17006426
-0.34262994
-0.17613716
-0.35687217
-0.30349967
-0.26680782
-0.37242198
0.026590258
0.52473664
0.10776183
0.6391674
0.6349536
0.7396628
0.31153417
0.5351103
0.3689772
1.0368061
0.6197447
1.1557393
1.0174868
0.42257878
1.0027921
0.5430568
0.62733316
0.7780707
-0.30419025
-0.16913304
-0.35227814
-0.34814444
-0.14206515
-0.3600838
-0.61374205
-0.2809918
-0.7628272
-0.06398539
-0.31110084
-0.17928477
-0.32225853
-0.20429498
-0.33865246
-0.24521726
-0.32645485
-0.32598475
-0.8004623
-0.60895157
-0.8830009
-0.6363069
-0.3176453
-0.7056634
-0.8303745
-0.5694246
-0.93407136
-0.36212623
-0.3958808
-0.46101025
-0.40390036
-0.2565642
-0.41391847
-0.33792996
-0.37110615
-0.38614094
-0.25280192
-0.2764986
-0.30282605
-0.34936142
-0.23642708
-0.39672992
-0.34006685
-0.41182926
-0.43950847
0.3111827
0.6809587
0.4396872
0.77364695
0.93831486
0.9198078
0.45027623
0.7812591
0.69000393
-0.35001725
-0.31527254
-0.43256232
-0.42363703
-0.28052175
-0.43195704
-0.45792207
-0.33850062
-0.52800035
0.08636021
0.5753742
0.22654179
0.5580487
0.35435373
0.5510266
0.26372316
0.59706634
0.3874719
0.046468318
0.46399683
0.16297811
0.5309984
0.49194974
0.5903194
0.2764964
0.63268244
0.40760592
-0.65729535
-0.36279777
-0.84932864
-0.49824783
-0.17174253
-0.5250197
-0.9037593
-0.39897534
-1.3154314
0.21485111
0.35548043
0.3029856
0.40503454
0.48935792
0.4696866
0.31378132
0.47344977
0.43600616
0.8877312
0.9611404
1.0083385
-0.80727774
-0.49645373
-0.98232627
-0.40835312
-0.6092342
-0.5119391
-0.28465715
-0.66727483
-0.31044808
-0.66534007
-0.7400702
-0.73930365
-0.32841352
-0.8981667
-0.5167571
-0.22460462
-0.3626642
-0.25122178
-0.36905813
-0.21556397
-0.42268485
-0.256668
-0.40672073
-0.29937568
-0.22531615
-0.2579575
-0.28183168
-0.33382502
-0.25319338
-0.34320152
-0.12571715
-0.27260008
-0.21702957
-0.019545395
-0.28332004
-0.055675875
-0.3741289
-0.29419047
-0.40550327
-0.22389027
-0.40040302
-0.29809994
-0.13476083
-0.8256813
-0.19260368
-0.6735258
-0.6466556
-0.8161242
-0.124736674
-0.70715857
-0.22707705
-0.3467589
-0.4701431
-0.4881002
-0.5126114
-0.2802331
-0.5606092
-0.3233082
-0.47117028
-0.4086439
-0.48210454
0.5810389
0.16324292
0.8906304
0.9754409
0.8446328
0.20509852
0.8329962
0.39812443
-0.37559864
0.25508094
-0.28968927
0.34655297
0.4931741
0.3900692
0.15525207
0.3809857
0.218536
0.30249786
0.37069738
0.3856198
0.49153665
0.48814535
0.58843213
0.118850015
0.46080592
0.24014704
-0.0514667
-0.33077866
-0.13175432
-0.55791116
-0.37905434
-0.6509651
-0.3192321
-0.515371
-0.45725453
-0.25102457
-0.27862284
-0.3269114
-0.3439075
-0.18925747
-0.3614779
-0.37500954
-0.35532412
-0.44751707
0.48272356
1.3355614
-2.012303
0.9795752
0.94034326
1.0654281
-2.1024406
1.0935897
0.60035425
0.26693243
0.46358132
0.32035246
0.50035894
0.40323508
0.55459154
0.22013049
0.5237656
0.31420785
-0.21701813
0.3711961
-0.22457494
0.44808325
0.40145418
0.53930503
0.32451648
0.4863459
0.4317903
0.30229756
0.58272815
0.42564684
0.65772295
0.7118758
0.7531683
-0.42463937
0.56596994
-0.34757766
0.14858115
0.3286608
0.21571039
0.37265134
0.34541872
0.40903333
0.2074537
0.4266063
0.29128113
-0.6895314
-0.4584735
-0.7425396
-0.023189586
0.12425453
-0.030304397
0.36569497
0.53765637
0.42341474
