3.6308522
-4.2214394
3.225808
3.4695506
8.744167
-0.0014983416
5.7516847
3.9176428
-2.5952435
3.6397521
-0.007820964
-0.013443798
3.8249807
4.7077527
4.6424937
-1.0606132
2.328352
3.1471376
3.4226549
3.1952062
-0.20295408
-1.8889506
4.6078176
4.5324492
-0.07200271
6.1247025
5.3738375
5.510615
4.1619864
-0.018663466
3.3436115
-1.4858787
4.398416
3.4046025
-0.041348338
4.690981
4.1560163
-0.5592507
-1.3861835
6.0358853
-2.6944752
3.579643
-8.74481
0.37186503
-0.3589074
-0.021682948
-0.013757646
-0.028900087
3.1392603
-1.4933789
-8.34425
-5.882475
0.7252481
-0.304741
5.6856813
-0.5104898
4.224887
-0.05172193
-5.050266
-0.6035815
-0.44965562
-4.531237
3.3379602
-0.7788682
5.168475
3.2046647
4.6219287
-0.25941154
3.7246232
7.6411953
3.5943012
4.606993
-1.4821149
-0.1931158
3.1726174
3.9997618
-0.015313998
3.460879
-0.7204268
3.817597
0.0005428791
4.4788013
-1.0519938
4.4320645
4.3846693
-4.8233995
4.2341495
-0.013955861
4.1902056
3.9911368
1.5378993
-12.716866
5.238384
-5.719594
4.3181076
3.504409
5.0826406
4.111634
9.085166
3.7918658
3.576888
-0.30541885
-0.17655367
6.7674165
-5.8415136
4.5879774
5.277068
3.9415956
-2.2474198
3.584195
3.6195817
3.134282
3.1152024
-7.6044216
-0.0021230578
3.8869793
-0.0014122725
3.4549613
3.209076
-0.55595875
4.3138294
3.3227053
-0.9914564
3.287642
-0.96956277
-0.015623689
5.0835385
-2.679049
-0.009030879
3.995879
-0.040684134
4.0531025
4.076831
-8.2962
2.93405
-3.3465688
3.3191776
-0.019949809
-1.4560673
3.8873043
3.2799735
3.6269329
1.6798487
4.219326
3.116755
4.5003552
-1.2708398
-0.019873306
5.295734
7.78208
4.4075856
3.1309712
4.0230064
-0.41483468
-11.089737
5.3231626
3.170877
3.652525
5.487524
3.9058118
3.9228182
3.3653245
-2.1197853
5.3954773
3.8439398
5.1242394
-0.014740735
3.6550236
3.2292063
3.74532
3.7365181
9.316675
3.2445393
-0.02670163
-0.0046093464
3.6300268
-1.8134553
5.467717
-2.1861248
-3.0833907
3.3311765
-1.2319661
-0.018086493
1.3136308
3.1815658
4.676812
4.6525426
3.367888
5.2338862
3.6931925
-8.553198
-0.31041455
0.11613625
5.4479823
-0.2963547
-3.0025434
-0.4831354
4.748666
-0.0073487163
4.872332
2.8323743
2.4177685
-1.0526078
3.6318402
4.0513406
3.4026527
3.874031
4.048189
3.5702658
-0.002210319
5.8177447
3.7305174
-3.659884
3.686746
3.7259302
-0.012138575
6.6440825
-0.0029771924
-0.023742735
5.60636
3.7105002
3.2855062
3.0335658
1.7203507
5.633669
-0.73008
3.6284695
4.721633
3.2438116
3.9919415
-1.097329
3.9914877
-0.93981564
6.439665
4.911964
4.0432158
2.8364522
-10.65271
3.219592
4.7832065
-0.01827687
-0.032384485
1.0322142
4.106268
0.0049701333
-0.16424161
-0.0065194964
5.349326
-0.02204983
3.003428
4.3860025
0.9006509
4.0492764
-6.108707
4.4094543
-1.7057021
8.906061
5.16932
3.7115042
3.2388158
4.0915794
-0.0367496
3.60975
3.4737327
4.4173675
3.649952
-10.643305
-0.21958418
4.0375714
5.312752
1.3000588
3.549943
-0.03473316
2.9948492
-0.32304868
3.13976
6.1303887
5.3111296
3.9378939
-7.031313
2.9432201
-0.27428824
4.9171867
-0.0014577806
3.2100751
-10.206963
5.081008
-0.005803585
5.2540383
3.2551906
3.1508257
4.4490776
4.2762246
-0.012913555
-0.42182818
2.8164015
-0.60603
-0.902015
4.061528
-0.038300753
-0.9088157
-0.002837643
3.4069824
4.070183
-1.1245798
-1.603066
-0.018972158
-0.849513
2.9420223
6.053702
-7.310902
-0.83071357
3.2642598
4.562117
-8.174646
4.8389373
3.14717
-0.12188923
-1.0727434
4.1000113
3.319058
6.0041614
-0.006398976
-0.010225326
-0.010455608
-0.36694023
-0.10623306
-0.57016647
-0.006730765
6.0730805
3.100955
3.576757
4.6379185
-0.5289488
4.661665
-0.4586629
3.0603032
2.9742794
3.4267516
3.465369
-0.066348255
-0.7801467
-0.5234173
-8.8343315
3.4550202
4.006668
3.662723
3.6536837
-5.702962
7.210149
3.4987783
4.580801
3.8703666
-0.012294799
-0.14100432
3.735002
4.1039214
3.08496
3.5168643
-0.20464846
-0.11410689
-0.016388059
-0.011265799
4.1424847
3.9574418
3.5106783
-0.010659963
-0.008481324
-0.43726873
-3.4389648
-0.046463788
3.4929414
-0.13431877
-2.8783007
-0.006319344
3.2818832
3.4094186
4.2265797
-0.03045234
-0.008063704
4.8378067
4.9405527
3.9103677
-0.5187101
4.4786086
3.3396282
-0.013579637
3.8795714
-0.008092403
-0.010663927
3.810309
3.6385746
4.0331173
-0.44911987
-0.19219315
-0.028034389
-0.017650425
-1.7574115
-0.0094077885
5.0434
3.6926994
4.351731
-0.501188
-0.86003685
5.5002337
-0.0008735955
-0.0970138
2.8415158
3.398406
-0.24271229
3.4552035
-0.18728027
4.7799125
3.4353933
4.1595573
-6.9000645
2.6771786
4.4333544
9.954351
5.012295
-0.46342173
2.9342237
4.937707
3.2586415
3.4667423
0.0003040731
4.2323728
2.897737
3.3676994
4.0195637
4.5882883
-1.8013391
3.685491
-8.019312
-1.9236181
5.5826683
4.853702
3.3527865
-0.6881614
6.777687
3.3329468
-3.1971781
3.8366852
-0.0059214532
-0.0044252127
3.949944
-0.8151388
-1.3284795
3.860884
3.5512629
-0.6692555
4.054636
4.869786
5.2464366
3.2884207
3.2515965
-4.0287604
-0.017859548
5.4379196
4.129806
4.2402306
4.619359
2.6746209
4.392922
-0.44381955
-0.021934986
-0.14818636
-0.040050298
-1.3787763
4.8461423
5.1364923
3.6339128
3.8041484
-2.3127394
0.8730357
5.035022
6.591364
5.393413
3.800868
0.0013984442
-0.8920948
-0.007260531
5.7439985
3.7114224
4.1282454
3.4482486
-0.045242578
-0.030982524
5.396007
3.5443134
0.0026456118
8.176837
3.1145086
-0.011951923
-0.5164102
4.4755974
4.3434334
5.6535964
-2.2880652
3.2978067
-3.7163043
-0.016484112
-0.023882031
-0.019730672
-0.046366632
4.257295
3.8782966
2.905487
3.4867783
4.7875285
-10.046461
-2.3349729
3.2157938
5.5659647
-0.8057653
-0.5565284
3.7220383
3.8499296
4.2802444
3.238143
3.2632713
8.908419
-0.20733958
5.1450763
-6.490924
-0.013322532
-0.014388502
-3.7951665
-0.5816162
3.6579275
-12.2642
-0.011749536
-0.5258955
3.8282843
5.222202
3.7959177
-0.62805545
4.016641
4.2911987
-0.009220183
-0.95575273
-0.63895047
5.553595
3.1590261
-0.28927484
4.8102093
-0.1910423
5.1624746
5.30645
3.8389888
-0.81756806
-0.4285999
-0.7883229
7.0086236
-0.94508135
-0.0187338
4.9726143
-0.8361372
-0.042079315
2.9400358
4.6953015
2.9348962
-0.03825298
-4.6930566
4.312659
-0.716453
4.782476
-0.020532817
4.598349
3.0481625
-5.930278
4.610012
3.616851
-0.007461965
3.3963552
-0.004284203
3.3618054
-1.0510749
-0.020246685
-1.2611514
0.00048202276
-0.26248926
3.365539
-0.3439272
4.3089914
3.1663656
3.412363
-5.4288416
4.473416
4.062422
-0.40736684
5.279722
5.1349673
3.2003522
3.1648703
-0.004319668
-9.651454
3.7450604
5.3954754
3.5450048
5.157126
3.2374756
4.12402
4.8807697
-0.025656164
3.9344516
-0.7181447
5.043736
-0.31165165
-1.2769779
4.003215
9.572264
-0.017088339
3.843508
6.0984535
3.8010454
-0.3909974
-1.9898586
-0.4986159
-6.195881
4.336969
3.7059183
-1.5432416
-1.2746503
3.9317157
3.2111816
3.9556005
-0.37529144
-0.39437792
-0.4152366
5.6695237
3.3395598
1.8132869
3.0749645
4.523395
-0.019239932
3.3213732
-0.394857
0.0014539063
-0.030139685
-0.01923126
-0.57392704
-2.8903222
3.4554844
6.316806
-1.1918249
5.8992906
-0.8694294
6.3079414
-2.492249
-0.015147984
-1.460293
-0.011398345
6.869408
-0.003304243
3.2973738
-3.2512612
3.5334013
-0.012606978
-0.6687706
-0.009381235
4.4799056
1.760474
3.2929769
3.6092598
0.0033243895
3.409534
-5.3920755
4.1113954
3.187199
4.911788
3.3972487
0.08494961
4.956383
4.3170524
3.3935463
3.3451657
3.9450858
5.704256
-3.8415093
6.114601
-1.2557062
-0.4166324
4.2035646
-0.72724986
5.870643
5.086409
3.368607
-0.0030830204
6.9657736
-0.010194033
5.9300027
-0.019181162
-1.3045369
-0.47749817
-0.16926137
8.8112755
0.0026056767
0.16997686
-0.020529926
4.753705
0.0044106245
3.976724
3.9422894
4.0106215
4.3750925
-5.50303
6.86328
-0.1577102
5.0825343
-4.022414
6.9031954
3.0861733
-0.64256704
4.627353
4.4244785
4.596329
-0.15349299
3.4322875
-0.01400882
-1.0528828
-0.24388923
3.1686387
3.4545708
3.1894422
3.4222827
-0.002550602
-0.027457565
5.6157966
3.0730925
3.6263578
3.250899
-0.020613968
4.2648773
5.8970976
4.023252
4.232363
-0.022017777
-1.3584633
3.8430524
3.9474182
3.1594434
4.5195794
3.3317513
-0.02895385
3.7210565
-0.7862842
-2.6332607
2.9210644
-0.0014542937
0.36935925
7.405164
13.411987
4.197198
5.387628
6.419988
3.6366372
-0.0070504546
0.00020134449
-0.011075407
5.4068537
3.3273468
-0.008467451
-3.6202397
-0.12374407
-0.9318977
-0.80461276
4.3011594
