7.7510967
8.218209
3.9349146
-5.118741
4.075618
11.320356
-2.823333
15.487284
9.623248
-4.7966166
9.54019
-4.528425
-3.2543683
1.7507582
-5.606507
4.9845595
-4.113882
-3.1615853
20.740177
-7.389471
11.491894
-5.0443254
3.954105
0.7274766
11.406763
9.85662
5.8531685
6.423335
26.903366
9.28277
4.3157086
17.983341
12.835804
-0.41723466
-12.668085
7.976147
-0.8926072
11.259958
2.9578047
7.901289
-8.077255
4.4107175
14.624669
13.130438
12.412477
-2.9971771
-19.17213
9.5470295
21.42483
14.988371
7.313449
-30.497751
5.6596785
1.5477905
6.3757095
11.746347
-7.705162
10.637575
-5.038451
13.784285
-1.4524298
8.746459
3.265872
16.577066
-0.0088887215
21.1787
2.2466621
7.0308595
-7.4555907
7.323241
-12.3604355
-6.497842
2.0519872
9.553016
-1.281693
8.990038
-4.334411
5.26151
-1.0814977
17.678032
11.423987
-1.1312547
0.24340963
6.9855247
12.302269
4.5788207
-6.152812
36.806095
2.4736753
-6.348808
0.23012829
-1.0076628
10.878124
4.2281594
10.385655
-0.5832703
-6.156889
0.82176495
4.0486994
11.6128845
3.5393324
-16.489147
9.337101
1.2006636
-9.833214
19.993698
-1.13501
-17.395546
7.3811274
0.48184872
1.5312419
-7.6836414
8.479885
8.93388
14.716578
14.497318
-12.301702
6.272904
13.066593
19.490366
-11.420735
-1.0275643
0.3528638
-0.9313073
6.9787626
-7.8819637
4.155326
-2.5772116
2.5970707
0.1968875
15.584753
10.99525
-5.3495603
11.931467
22.271343
4.2204957
15.220385
12.481629
-10.132621
25.391129
6.825861
4.7755413
-1.469789
-0.6815438
12.163067
11.9178505
-9.332538
-7.883998
-6.5341167
-3.8712912
-10.018225
3.1259937
6.693906
10.666069
6.8453083
31.60804
10.852822
-2.3322172
10.692736
-16.907957
-1.307826
5.5990143
-5.333619
-2.32166
15.43369
-5.5061793
4.05005
10.574179
5.3569336
-4.4493036
-7.999066
-2.6787467
1.2306342
17.107986
13.428821
-0.49084282
-20.04486
0.06115961
-5.810221
-6.253673
6.6087484
-1.0413775
19.079662
11.151068
-5.4966154
-7.2224455
6.9647193
12.144854
-1.6323042
-5.2842536
-2.07551
-7.874846
10.543407
-5.98857
17.06108
-3.4470828
-8.19394
5.4284725
6.7562943
8.673624
7.1105194
13.274013
9.464435
-4.0757113
-6.373806
4.894836
11.903969
-1.0328941
16.834652
7.3756113
13.234685
6.829329
-3.7172441
5.664642
-0.76775265
18.102097
7.3783197
-0.33923483
9.571357
-0.89820147
7.68608
27.087812
3.5465727
2.0979123
-6.9776497
23.513481
14.006238
21.224186
-1.5403051
-0.108832836
1.3809485
21.6725
-9.061525
-15.424152
13.434267
4.6212564
7.058893
-6.6336794
19.62287
-14.04041
24.349201
12.171389
1.5123215
7.824235
2.3808303
-1.9144101
13.617336
7.793403
6.596631
6.146698
4.1954703
-3.481091
11.373331
-7.9322467
6.8488483
8.539351
5.060822
14.858999
-4.6905622
-0.26127386
-17.429752
6.4584775
-7.0326314
2.6161203
3.6397877
-5.4604154
2.9426966
9.581587
-4.2216425
-1.9021811
14.371719
-2.7015324
10.661085
1.6955662
-3.317499
13.071757
8.107975
4.293409
7.053276
-0.73927784
3.269618
4.830629
5.7157593
0.2592554
6.571837
-1.1671162
-2.464974
2.215249
3.5391576
2.6792574
11.784533
-2.2089157
-5.9358587
10.090381
7.524459
-5.373652
-1.0268736
15.703655
10.7516165
-1.7822587
-6.1851587
15.095988
10.456885
-7.201264
-2.8565178
27.995485
13.949043
4.4963856
-22.750048
-1.8176155
3.9045823
-22.683376
-0.42139673
6.5218086
-2.797179
13.602137
15.191324
11.431818
12.793232
2.8312464
-1.2417793
4.060788
-8.900503
9.049289
-7.762475
0.8576026
3.3067942
-6.9669333
-2.678629
-0.57173634
-0.673048
0.890625
14.617179
9.304133
6.8805485
2.7375896
-0.48621607
-4.624693
-12.146204
-0.37511873
-4.437318
-0.23652077
-0.35192537
6.337387
3.7489982
-5.760011
-2.7933571
11.9206505
-7.822587
-12.171448
4.139653
-8.007921
-14.604866
3.7723198
0.46671963
18.012806
6.381138
-8.490708
0.42140722
-14.662529
-3.2714672
-10.883443
-6.4509344
-5.7745028
-11.5875225
10.481735
-11.502221
-0.55360126
7.355024
4.152838
-7.8295193
2.258696
0.23337317
2.3895812
-7.685685
-8.539589
-15.41893
7.006611
24.58383
4.3203807
1.0038624
8.256945
20.014107
-6.36361
-1.2878814
9.730061
4.5893545
9.478091
6.3125925
11.169045
-0.41687536
6.1914034
9.599112
-5.1072197
3.8900862
14.944962
3.955638
13.837691
-2.4149828
-10.727791
8.868969
-14.993936
0.18527222
-1.2940979
16.183971
11.445147
11.459673
7.4554424
5.9244566
8.228352
-8.304634
3.8301697
11.098274
6.618455
-4.1968837
-15.111672
-1.2717028
-5.79637
-19.23373
4.143384
17.898254
-1.606092
-17.735197
8.034314
9.604228
19.275864
18.832958
4.5181756
11.49032
1.2830849
6.4084644
-4.4012804
3.257203
17.61963
8.489119
12.829708
-1.0523834
2.9443922
-5.0013137
7.3314285
0.7084732
-10.944662
-7.579024
-6.529191
10.280056
0.3421464
-16.17979
-1.5958705
5.9184804
-10.283508
-0.8869314
-4.3599763
9.748686
24.609982
13.309355
10.405434
-5.905757
-1.4395332
-4.0738964
0.17729568
22.983904
5.9492884
8.1926155
7.889562
-1.0350962
-1.5917144
-11.891831
-6.6243653
-0.08721781
6.5883718
31.361423
4.307965
-3.2886927
-11.713215
24.97176
2.2090826
-21.02528
-1.7677817
-13.043201
6.376122
-12.931918
14.7329
-0.50195646
28.329876
5.5429497
-5.224287
-3.2607825
-5.348792
5.0791078
-6.702397
0.13989878
-8.009893
-8.035212
-9.760849
4.3278284
-6.8035135
4.89205
12.836162
4.387085
-17.600912
-6.2374043
9.302251
7.3098383
-20.743668
-7.9024115
2.707672
0.15491867
-4.6681085
16.696066
9.078574
-0.17655039
0.13204002
-7.0370483
24.666183
-13.3342495
-5.6371694
-8.977207
14.308418
21.06594
7.244834
0.0048959255
7.4094067
-7.03604
-2.385982
25.848793
2.5112581
17.329317
4.2145357
4.2836704
-10.621479
7.095812
-0.77425575
-7.1582403
5.8270845
11.013388
25.620317
-6.66031
1.6291142
3.403945
-5.6688967
-2.9776502
21.0619
5.796625
19.066515
3.960722
1.6298361
-5.29838
-3.5020647
-18.234524
12.852692
-3.7357554
8.286737
8.4907875
18.716728
11.54536
9.540203
2.7253637
-5.3271112
-7.7968454
10.354118
11.53978
-3.7980804
-2.2318048
10.75703
-0.23034859
14.719791
10.73558
5.991274
9.369336
0.20422053
4.690587
-4.3751726
16.338272
20.807816
6.3539257
-7.194178
10.565492
1.3331451
9.339064
6.141944
-14.158517
7.656582
9.24166
-1.6826644
0.5029402
-8.939911
-14.8425045
2.5240664
7.5868607
-7.5043774
-2.1221266
-11.832044
3.5011754
-1.7538073
3.4975748
-0.6891804
8.931849
-7.072413
-21.76219
-2.1881642
-6.164691
18.923168
1.7579126
0.16207743
15.158994
-10.113262
-2.675332
-1.1154885
3.7665539
-5.0599504
24.963789
14.084931
-6.0071383
-1.8321843
7.733032
3.9439669
-2.6170187
-3.8848212
-6.1920676
-19.520243
-0.03662014
-1.9853969
1.0360885
25.358196
14.526223
10.725674
0.35964823
2.836955
-5.9351735
0.8615298
1.180069
-9.434552
-7.1737423
18.279436
-1.396359
-1.2045405
-4.1046886
7.4497666
-10.895138
-13.105156
-8.449229
10.096123
0.045240402
12.933947
1.7328806
20.584347
-13.020414
-6.4971056
5.283717
-3.3965025
-5.968795
-0.73170996
-15.262663
-1.8045955
-6.813852
-1.7285624
-7.391224
-0.58455944
4.4371414
-2.4722698
-12.796149
14.256015
14.69298
-1.1527371
4.2646775
1.4566627
29.150356
2.2526956
6.1312737
2.7894921
-1.7914028
-2.3972309
-13.726185
-5.1876245
11.056711
2.2441978
-6.1854706
-13.776697
2.2922983
6.6116786
14.537962
1.9301577
1.2090311
16.885006
-8.3830595
-6.63273
-7.064494
-1.1272364
-2.7503972
-6.0131483
4.966587
10.188395
-4.620817
-10.602883
-4.176258
-5.868135
28.59265
6.8025484
2.541046
-6.4876537
-3.8847845
3.702026
-1.3622308
5.3740683
9.170988
15.447653
-12.029518
4.794289
-5.991527
-1.0929081
-2.6343706
1.5601397
-2.1791775
1.3238115
3.9889393
-1.731503
7.1629963
-6.902653
0.9328742
13.029491
-5.83315
13.487223
18.051477
10.482321
-1.4371748
-3.3648746
-8.352562
-4.8509502
4.095737
-0.20359993
-0.48208618
0.16754913
-6.4801426
-2.0482268
-10.35154
5.3127193
12.035034
9.176895
4.5059204
-5.8077645
7.0324483
-4.0688324
7.4505277
23.4208
13.470285
-0.4142661
18.122911
2.0929117
0.8364229
7.6711273
3.1688786
18.086372
18.414345
12.074001
5.41675
10.125113
-4.288137
-8.658686
15.378222
-1.7730618
10.929674
12.714531
7.7194376
3.6484838
12.4599905
14.395673
-4.022223
11.93992
