-0.30864134
-0.42092094
-0.3879914
-0.1219896
0.3550762
-0.24830075
-0.35849443
-0.25874913
-0.42663443
-0.4406151
-0.20106828
-0.21714039
-0.18002932
-0.11166905
-0.06787778
-0.16043551
-0.37186527
-0.20567027
0.3890927
-0.52174866
0.27974173
0.46064675
-0.0155079905
0.28646624
-0.09424794
0.054121777
-0.03194863
-0.27530017
-0.098420136
-0.7478814
-0.5088989
0.005692251
-0.20639448
-0.4921215
-0.14773461
-0.31148344
-0.40557662
-0.17736991
0.0038291488
-0.07221412
0.24039386
0.18655016
0.21693116
-0.6184021
0.35824907
-0.30873346
0.60982096
-0.39256227
-0.32883322
0.19103536
-0.12533195
-0.99373734
0.46493834
0.35166007
0.3525784
0.3426819
0.41173923
0.07133618
0.03960997
0.3628404
0.9652984
0.20829086
0.46542522
-0.43659928
0.14900473
0.40552378
0.1309732
0.03786556
0.3906832
-0.32337418
-0.020151043
-0.19037342
0.12437383
0.006200013
0.016711658
0.35977095
-0.25535944
0.8517709
-0.018644035
0.25000703
-0.53416544
0.16482756
0.009505403
-0.6938884
-0.30313018
-0.23160835
-0.09413785
-0.39516953
-0.085014075
0.45481145
-0.18523535
-0.28192204
0.46276018
-0.21965893
-0.212169
-0.133556
-0.16914852
-0.120567076
-0.14194684
-0.04903518
-0.29465067
-0.26419944
-0.10722681
0.10744864
-0.07581039
-0.5051971
-0.0073120953
-0.34344974
-0.45980668
-0.15418656
-0.12909476
0.49211124
-0.08516383
-0.46896026
-0.3313621
-0.22148232
-0.6371986
-0.6130187
-0.10489493
-0.0017331954
-0.1572982
-0.20085415
0.007824046
-0.94358504
0.46196058
-0.44214115
-0.17401557
0.26007605
-0.12291313
0.23223032
0.022832114
0.32453802
0.2706242
0.15110457
0.38366514
-0.6280497
-0.061064385
-0.15097176
0.1554949
-0.33701771
-0.37407926
-0.046671912
-0.21662864
0.26502997
-0.15990642
-0.20806688
0.61651796
-0.42175558
-0.23129036
-0.011098188
-0.27449727
0.12145425
-0.3565692
0.21647032
0.09654232
-0.036595833
0.02542899
-0.36939803
-0.22774076
0.1059996
-0.050373677
0.18788522
0.52710915
0.3529284
-0.23461474
-0.12427474
-0.050890446
-0.57341444
0.16939823
-0.22358443
0.17241402
0.1995376
0.20566191
0.032788493
0.14964223
0.09436223
-0.26063147
-0.08121956
0.3449482
0.10958812
0.16657856
-0.33881733
0.100029
-0.318289
0.24599971
-0.018367177
-0.08574368
0.13476494
-0.054674186
-0.1357277
-0.22549498
-0.035691798
0.5012469
-0.10122743
-0.2681079
0.11767181
0.26887038
-0.20949183
-0.3322062
0.34359208
0.42332858
0.18332063
0.25347683
0.4949462
0.41484588
-0.13242522
-0.6987522
-0.11073155
0.10565262
0.25705215
-0.34836742
0.38849363
-0.123827904
-0.17055815
-0.04219235
-0.14717087
-0.30803052
0.341153
0.16624035
0.34762067
-0.066245764
-0.53597975
-0.03352534
0.3175298
-0.37596095
0.14983656
0.54588693
0.18008442
-0.14621578
0.20649715
-0.16718161
-0.05509737
0.15304561
-0.32316312
0.022066206
-0.1399
-0.05990424
-0.0871724
0.3800389
0.2339642
0.16625488
-0.09057457
-0.061682142
-0.36148345
-0.034772094
0.19965327
-0.37222102
0.07108698
0.14204067
-0.090259455
0.049808454
-0.033045445
0.11646869
-0.23809068
-0.09877081
-0.50076556
-0.12708147
-0.0021672887
0.20022877
0.06954425
-0.09883516
-0.270747
-0.060627624
0.06962479
-0.05172114
-0.16095273
0.21306027
-0.16382204
-0.44158208
-0.13096917
0.37056836
-0.2381726
-0.12012901
0.11317397
-0.29883578
-0.23654674
0.05992529
-0.06731731
0.3136306
0.35051098
-0.19791262
0.2590242
0.13795294
-0.3898796
-0.021645838
0.25792086
-0.33485585
0.11776647
0.21484423
-0.008633923
-0.27423057
-0.16173981
-0.325312
-0.020833809
-0.3312646
-0.054243434
-0.08922832
0.119261295
0.114725955
0.013597209
0.063326165
-0.09481888
-0.20430872
-0.25536934
-0.07770952
0.25490007
0.067854226
0.023523321
-0.2170164
-0.27132866
0.26077408
-0.013032278
0.2251457
0.6245992
0.08912848
0.055600658
-0.04752005
0.15077814
0.376484
-0.13166228
-0.034734752
-0.2460463
-0.49875802
-0.65567905
-0.25001562
-0.17065352
-0.19872856
-0.5386551
-0.29264238
-0.22478059
-0.22394158
-0.2958712
-0.16178042
-0.3836131
-0.21821152
-0.31037754
0.5174968
-0.6695849
-0.7128515
0.048900854
-0.1198248
-0.28430888
-0.14786904
-0.04561124
-0.4207725
-0.198103
0.12095334
-0.28987822
-0.2021128
-0.21679856
-0.08347935
0.12875904
-0.26625738
0.007627552
-0.5418439
-0.6378095
-0.15041776
-0.42429537
-0.017438084
0.20055495
-0.5236687
0.08823705
0.011986269
0.14434241
-0.09316824
-0.13793664
0.084065385
-0.1394799
0.05140324
0.09446669
-0.50017565
-0.34509227
0.3105788
0.22313231
-0.21999301
-0.20841725
-0.17244278
-0.36563018
-0.1291696
-0.015448011
-0.20774601
-0.25153688
-0.32946783
-0.041314676
-0.588444
-0.21020234
-0.09301161
-0.5090408
-0.24502978
-0.31754458
-0.24933268
0.23931721
-0.36597538
-0.5438731
-0.24069524
-0.40585765
-0.691303
-0.6774995
0.12879008
0.30433178
-0.13891609
-0.06389059
0.21992287
0.59078336
-0.2167524
0.01651929
-0.124269575
0.057576545
-0.36804911
0.09456671
0.014561731
0.10675715
0.07952504
0.20500799
0.0003698622
-0.1256476
0.19223258
-0.2559083
0.47001562
0.46472508
-0.20365463
0.41382155
-0.26954922
0.061428092
0.33323252
0.13869944
-0.09946114
-0.1147534
-0.38403264
-0.053913735
-0.16175929
-0.12632196
0.38749775
0.020014834
-0.049329232
-0.014065811
0.38551337
-0.027198415
-0.22949539
-0.3288152
0.22250775
-0.011309208
0.22837044
0.18985479
0.17425711
0.45599163
0.48239538
-0.37266257
0.025417006
0.19696438
-0.30406612
-0.024591487
-0.047781836
0.4427744
0.3155879
0.18534067
-0.050753172
0.49355316
0.14418857
0.46222728
0.87018025
0.14008857
0.0894871
0.09933327
0.8065252
0.29228887
-0.42239976
-0.21593319
0.30835333
-0.44423446
0.16901897
-0.120406166
-0.21518882
0.07831351
0.18874368
-0.4140365
-0.66179454
0.04272877
0.1766563
0.13925771
0.31390217
-0.106408015
-0.19040237
-0.076672524
0.50178534
-0.11713312
-0.23528327
0.44921368
0.07900942
-0.34415007
-0.42759466
-0.31625524
0.19417548
0.2345991
0.05864745
0.24280235
-0.12584087
-0.043859545
-0.2565139
0.17767884
0.21642384
0.0755529
0.07703779
0.30558035
0.10622127
-0.04309178
0.36203432
-0.16845554
0.009764883
-0.20830628
-0.10338416
0.45623106
0.20644122
0.04631472
-0.18884219
0.44251344
-0.26297918
-0.13015619
-0.28827313
0.044673946
-0.29732162
-0.0014399916
-0.16236289
0.7011438
-0.20589004
-0.6736699
0.1273485
0.294144
-0.2851858
0.3507273
0.10029539
-0.01857217
0.012692955
0.3161702
-0.13139829
-0.1655075
0.56725556
-0.3176584
0.28512877
0.0058833454
-0.07056655
-0.2636157
0.1230372
0.22857769
-0.4083393
-0.13032219
-0.540473
-0.3814389
-0.0365818
0.08002064
-0.044855777
0.5230168
0.024034567
0.31803355
-0.057856925
0.057045903
-0.3756325
0.34737444
0.23565947
0.25205
-0.4604357
-0.37273493
-0.80399203
0.27008328
-0.23204823
-0.16911586
-0.2103133
0.60187536
-0.048523016
-0.5354514
-0.48180473
-0.2502274
0.1217133
-0.13734539
0.1996986
0.24303156
-0.3114685
-0.37180912
-0.15220019
-0.028945407
0.04892938
0.1891248
0.06273467
-0.05510849
0.14906469
0.07574171
-0.41408598
0.51660067
-0.4565352
0.17527923
0.28017235
0.27868822
-0.079018
0.36701187
-0.42271748
-0.6494989
0.25857168
0.40874192
-0.3384037
0.08463414
0.5205784
0.2072045
-0.1302786
0.09505646
-0.33964828
0.66157746
-0.20739634
-0.2196264
0.45763788
-0.08987598
0.50577265
-0.62943625
-0.23249984
-0.3611566
0.07807433
0.21106312
0.09282915
0.41618055
0.19144514
-0.006738594
0.49072558
0.22161078
0.5862608
0.7065121
0.35182813
0.22785603
0.16212231
0.21515977
0.18617028
0.5343302
0.3212964
0.3243373
0.63129425
0.3873987
-0.32481688
-0.06029437
0.031867683
-0.2724535
0.37851083
-0.07086188
0.28068665
-0.09743436
-0.11808198
-0.2971128
0.36760554
-0.26022702
0.61038625
0.06447329
0.42287812
0.51429164
0.36529702
-0.17191733
0.13235058
0.35913032
0.17347884
0.94577533
0.12903415
0.19067566
0.2655404
0.5120739
0.12976615
-0.43370467
-0.048646875
0.054051377
0.30848274
0.014710166
0.07235086
0.26284775
-0.16700844
-0.11177636
-0.45020816
0.06937294
-0.24181516
0.20075934
-0.13674901
-0.62726116
-0.28169334
0.31730407
0.054555807
0.038580347
0.22880799
0.84968054
0.5104834
0.4892169
-0.05596528
-0.00094244746
-0.15084776
0.009099956
-0.43666074
-0.13574079
-0.7082673
-0.4078858
0.038518768
-0.1482139
-0.10724657
-0.038542558
0.071930304
0.17426431
0.20855284
-0.12749924
0.2700627
0.47332862
-0.20267664
0.15926717
0.02857885
-0.01521035
-0.08870916
-0.19102938
0.21725476
-0.026872879
-0.2709843
0.15156007
0.073967725
0.23078878
0.17412613
-0.65748006
0.6645927
0.04682937
0.43834463
-0.12628004
0.40402517
-0.22592741
0.19981816
0.006276499
-0.020080011
-0.16422531
0.09799583
-0.27095902
-0.38148564
-0.127835
-0.4506672
0.5518146
-0.5691991
0.67597526
-0.05702805
-0.055966098
0.1245282
0.2237579
-0.16536237
-0.4628935
-0.22764969
0.20774886
0.19059744
0.1570366
0.29552525
0.017094364
0.1821599
-0.28327936
-0.20721734
0.13491024
0.21052463
-0.07242947
0.29776284
0.056899186
0.48329276
0.08594007
-0.36718357
-0.049512845
-0.08218336
0.07660239
0.09351191
0.463059
0.13191365
0.09442851
0.26890084
-0.08679373
-0.73440826
-0.11743221
0.19168405
0.5973807
-0.24432993
-0.22669406
-0.073973484
0.20412955
0.2095465
-0.19264044
0.20846415
0.48243988
-0.1997394
-0.19516991
0.023428679
-0.2034474
0.07339664
0.3647181
0.31936023
0.24365865
-0.4597322
0.014222332
-0.0016053802
0.44473928
-0.8539273
-0.034700494
0.2689126
0.35867712
0.19377881
0.10375737
-0.47594458
0.2984735
0.110426396
0.61223626
-0.7859328
0.006693337
-0.42971754
-0.31860548
-0.11275589
0.42951357
-0.013733696
-0.16047753
0.08554338
0.51590097
-0.46342966
-0.41469973
-0.3062695
0.45348796
0.034070086
-0.2682616
0.019967888
-0.026103003
0.009543351
-0.5401988
-0.60844064
-0.14449294
0.015142273
0.5174081
0.21029496
0.37868452
-0.110286
-0.62940866
0.4828726
-0.42188382
0.024918716
-0.16465339
-0.1618181
0.10375698
0.7570945
-0.42030853
0.11137578
0.44051942
0.393823
0.121701755
-0.02646736
0.46022132
0.4975313
-0.13501276
0.5245522
0.3049852
-0.15898356
-0.24893428
0.1486958
0.19278857
-0.110175475
-0.35323328
0.058741543
-0.11934708
-0.5742252
0.21293819
-0.9340786
-0.40124652
0.34054023
-0.2769415
0.33365735
0.2847914
-0.0018283159
0.11351753
-0.1063037
-0.11802681
-0.3870134
-0.0064980444
0.5521098
0.2870561
-0.107350275
0.10975379
0.21624738
0.18263796
-0.34907117
0.30635545
0.17313355
-0.16973369
-0.15866704
0.3425363
0.68731517
0.27597356
0.1047265
-0.07505972
0.20293751
0.92276794
-0.35372758
-0.3657233
0.27308458
0.20821768
-0.09836605
-0.5119244
0.5552907
0.027946983
0.20304902
0.0832998
0.21860255
0.066869184
0.5207735
0.3020951
0.09294845
0.0058057453
0.448622
0.530389
0.14110248
0.0743123
0.50284207
0.38362327
0.46017897
-0.027599402
0.66758746
0.53636247
0.23537178
0.5381445
-0.046700902
0.0001444263
-0.22456712
-0.32130378
-0.07674005
0.36042
0.40390387
0.027957305
0.26422903
0.14576721
-0.27562645
-0.2915778
-0.09569553
-0.16935593
0.09767729
0.3247822
0.26848668
0.124852255
0.22364675
-0.0797689
-0.046054274
0.118311025
0.06621151
-0.0567879
0.055105478
0.18663946
0.082320414
-0.31604958
-0.08620841
0.008663377
-0.37596664
0.107800685
-0.07357563
-0.18424466
0.4536151
0.28624567
0.2294893
0.40409523
0.18205844
-0.32652596
-0.08679589
-0.19143394
-0.38913822
-0.0062012905
0.13588719
-0.3954087
-0.122730985
0.078730956
-0.03920096
0.02700002
-0.286442
-0.21216655
0.18054752
0.31147838
0.3271388
-0.14143138
0.5369225
-0.09196258
0.47537237
-0.10202908
0.17123342
0.4802607
0.87050545
1.0744321
0.3510897
0.044728328
0.3211433
0.07079625
-0.05631501
-0.24406557
0.47428888
0.28826186
-0.055244
0.21218483
-0.2379724
0.18668063
-0.17141117
-0.30490306
-0.52159023
-1.0575851
-0.4925141
-0.31994608
0.058194924
-0.56096977
0.14527225
0.44007024
