3.010771
7.767674
5.361691
10.370707
26.781353
18.155928
10.17482
24.288616
15.694806
-0.14998594
-0.12797245
0.2944774
0.07174578
1.1178125
0.38293317
0.42051795
0.5986143
-0.4096996
-0.34532043
0.9415543
0.4286034
0.9977982
1.2344894
-0.96610516
-0.008314202
-0.99690294
-0.7390762
0.13710198
0.18659256
0.054632116
0.19136366
0.37697226
0.22556946
0.07147482
0.26306868
0.1866524
-0.23623116
-0.08459979
0.36699185
-0.46769425
-0.060491465
0.9679811
-0.29172477
0.04482757
0.57111555
0.05265192
0.38860613
0.28018248
0.264351
0.9645088
0.7273011
0.19196229
0.64757895
0.45897385
-0.3284797
-0.46244594
-0.13685173
-0.5852298
-0.786383
-0.4282322
-0.4325349
-0.60236967
-0.28611094
-0.40317428
-1.3509194
-1.0334225
0.8910056
2.5937629
1.9130867
-0.45089155
-1.2907109
-0.88751674
0.03654959
0.0928969
0.1113217
0.0738424
0.23089002
0.18588462
0.090116955
0.20176023
0.086189255
0.32166675
-0.7234147
0.243222
0.6027474
-1.0175505
0.45088577
0.38163763
-0.6031156
0.21716087
-0.032215524
-0.26919156
-0.24493575
-0.34873894
-0.7910627
-0.55745405
-0.21534204
-0.59838843
-0.3908414
-0.28449795
-0.09888946
0.33880207
-0.5485432
-0.2946997
0.9254688
-0.35572535
-0.21836752
0.8745597
-0.06273631
-0.1459015
-0.12950478
-0.11046124
-0.2834197
-0.22510688
-0.043262832
-0.12423659
-0.0895238
0.18820003
0.71405935
0.3425767
-0.18995976
0.4693276
0.6702584
-0.4015312
-0.44205436
-0.12313745
0.08811844
0.15251136
0.12202322
0.20767352
0.36137918
0.2723608
0.09051675
0.1799035
0.16352357
-0.1406336
-0.2671702
-0.17878029
-0.2627656
-0.46002424
-0.31072268
-0.14580546
-0.29676852
-0.18895195
0.065302946
0.15699175
0.08093121
0.17178737
0.34345192
0.17877676
0.14066869
0.2599793
0.12745951
0.08607192
0.12933195
0.10646506
0.14013986
0.20224482
0.16702223
0.091606975
0.15135953
0.10613903
0.04760457
0.12744941
0.09159206
0.12606576
0.30391034
0.20980135
0.095569715
0.23895101
0.16874236
-0.056305517
-0.50866914
-0.10929455
-0.31964394
-0.882913
-0.30869976
-0.27579045
-0.76826864
-0.269086
-47.00434
35.81749
-6.7728324
43.441372
-45.68048
-13.755308
-20.420168
12.052259
11.482574
-0.09945882
0.4832178
-0.30462036
-0.33108935
1.0476182
-0.6375462
-0.21979238
0.822348
-0.4409563
0.106759295
0.12502593
0.05233404
0.15993598
0.2704331
0.123339154
0.085432164
0.15857118
0.07468722
0.04457945
0.20867765
0.15200958
0.24884747
0.47608602
0.3231385
0.1538832
0.32307437
0.24782127
0.14230002
0.01564326
-0.29060647
0.30569088
-0.01496264
-0.6855652
0.18645397
-0.016042536
-0.4135924
0.10414497
0.11692633
0.04310781
0.20131035
0.3279518
0.18539724
0.123363264
0.19457734
0.11673354
-0.16659363
-0.21595213
-0.031990778
-0.45211652
-0.6786455
-0.22654527
-0.20479542
-0.47386688
-0.17074859
0.6087472
1.1830122
0.30791125
-1.07945
-2.3375807
-1.1894575
0.379899
1.2632134
0.86680967
-0.09862066
-0.22629005
-0.1427647
-0.19136743
-0.38332072
-0.24719205
-0.12851925
-0.2523991
-0.14825627
-1.2919573
-0.2028723
0.332405
-0.5398147
1.5530809
0.7963547
0.30892977
0.843515
-1.1170776
0.004593075
0.15862648
0.16260922
0.16565797
0.5576258
0.44940123
0.15814616
0.45327014
0.3091967
-0.629827
0.5934563
-0.21651398
-0.9445497
0.9863658
-0.30369967
-0.48059815
0.6506889
-0.18001185
-0.16400185
-0.37769794
-0.24372196
-0.3038854
-0.6625552
-0.625868
-0.12536484
-0.55325305
-0.4627631
0.099767424
0.23419113
0.17038779
0.14176217
0.343378
0.2618885
0.058518246
0.15569611
0.1196808
-3.5529032
-3.389204
0.23426792
-8.017969
-9.384914
-0.2869546
-3.1170166
-7.886098
-0.5014185
-0.3227427
-0.7625312
-0.3683486
-0.051912304
-0.3631039
-0.20528652
-0.108173415
0.0056338026
0.10683464
0.14165469
0.55892104
0.42740837
-0.2786196
-0.10847487
0.37553164
-0.26703554
-0.8011428
-0.41290522
0.05463758
0.11711492
0.09832209
0.10072447
0.2733712
0.20926407
0.09524241
0.18452862
0.11940191
-0.116696045
-0.21429594
-0.12685044
-0.19190578
-0.36152175
-0.27576628
-0.09937787
-0.24304132
-0.19845915
-0.120930724
-0.24695686
-0.016485738
-0.096126474
-0.84678394
-0.15362404
0.015902823
-0.29202276
-0.2598286
-0.0030189177
0.10312979
0.0458725
0.09288238
0.321955
0.17115256
0.09451118
0.22085589
0.05300599
0.120961115
0.266991
0.19761257
0.2043592
0.38021976
0.24464299
0.16841646
0.32580307
0.17899047
-0.29602298
-0.5932638
-0.22447388
-0.30356398
-0.6330218
-0.17600334
-0.06334254
-0.09977598
0.09102572
-401.1149
608.3776
-936.07825
-5523.333
-596.24585
838.1978
141.99573
-266.40103
-5006.7256
-3.9837976
1.0242628
-7.503161
-25.585594
1.4759487
-43.357166
-8.222407
1.2063192
-33.080112
0.11280691
0.24167985
0.18305957
0.14540082
0.8804557
0.7459883
0.12361887
0.7259939
0.5083321
-0.08111217
-0.21143392
-0.07041332
-0.24706312
-0.9624195
-0.2834917
-0.08026481
-0.32828847
-0.10297333
0.09046466
0.11126183
0.053631894
0.19982408
0.2856642
0.14528789
0.12288935
0.2204238
0.12490429
