-0.0
0.0
0.0
0.0
-0.0
0.0
-0.0
-0.0
-0.0
-0.0
0.0
-0.0
0.0
-0.7266472
0.0
0.0
-0.0
0.0
-0.0
-0.0
-0.0
-0.0
-0.0
0.0
-0.0
0.0
0.0
-0.0
-0.0
-0.0
0.0
-0.0
-0.0
-0.0
0.0
0.5203447
-0.0
0.0
-0.0
-0.0
-0.0
-0.0
-0.0
0.0
-0.0
0.0
-0.0
0.0
-0.0
-2.070327
-0.0
-0.0
-0.0
-0.0
0.0
-0.0
-0.0
0.0
-0.0
-0.0
0.0
-0.0
-0.0
0.0
-0.0
-0.0
-0.0
0.0
-0.0
-0.0
0.0
-0.0
-0.0
-0.0
-0.0
0.0
0.0
-0.0
-0.0
0.0
-0.0
-0.0
-0.0
-0.0
-0.0
-0.0
0.0
0.0
0.0
-0.0
0.0
0.0
-0.0
-0.0
-0.0
-0.0
-0.18533345
0.0
0.0
-0.0
-0.0
-0.0
0.0
-0.12587996
0.0
0.0
-0.0
-0.0
0.0
-0.0
-0.0
-0.0
0.16485974
0.0
0.0
0.0
0.0
0.0
0.0
-0.0
-0.0
-0.0
-0.0
-0.22879833
0.31960472
-0.0
-0.0
0.0
0.32749888
-0.36232603
0.0
0.10554768
-0.0
-0.0
0.23226014
0.0
-0.0
0.0
-0.0
0.0
-0.0
0.0
-0.0
-0.0
0.0
-0.0
-0.38925427
0.0
-0.0
-0.0
0.0
-0.0
-0.0
0.0
0.0
0.0
0.0
-0.57093596
-0.0
0.0
-0.0
-0.0
-0.0
0.5610018
-0.0
0.0
-0.0
-0.0
0.0
0.0
0.0
0.0
-0.0
-0.0
0.0
-0.0
-0.0
-0.0
-0.0
-0.0
0.0
-0.0
0.0
-0.0
-0.0
0.0
-0.0
0.0
-0.0
0.0
-0.37620184
0.0
-0.0
0.0
0.0
0.0
0.0
0.0
0.0
-0.0
0.0
0.0
-0.0
-0.0
-0.0
0.0
0.0
-0.0
0.7044837
0.0
-0.7585557
0.0
0.0
-0.0
0.0
0.0
0.20360287
0.0
-0.0
0.0
0.0
0.0
0.0
0.0
0.0
0.0
0.0
0.0
0.0
-0.0
0.0
0.0
-0.0
-0.0
-0.0
-0.0
-0.0
0.0
0.0
0.31273755
-0.0
0.0
0.0
-0.43973586
0.0
-0.0
-0.0
-0.900776
0.0
-0.0
-0.0
0.0
-0.0
0.0
0.0
0.0
-0.0
0.0
0.0
0.0
-0.0
-0.0
0.0
-0.0
-0.0
0.0
-0.0
-0.7609027
0.20525047
0.0
0.0
-0.0
0.14648111
0.98857546
0.0
-0.0
-0.0
-0.0
0.0
-0.0
-0.0
0.0
-0.0
-0.0
-0.0
-0.0
0.0
0.0
0.0
-0.14754891
0.0
-0.0
-0.0
0.0
0.0
-0.0
0.0
0.0
-0.0
0.0
-0.0
-0.0
-0.0
0.0
-0.0
-0.0
0.0
-0.0
0.0
0.0
-0.0
0.34730127
0.0
-0.0
0.0
0.0
0.0
0.0
0.0
0.0
-0.0
-0.0
-0.0
-0.0
0.0
-0.0
0.0
0.0
0.0
-0.0
0.0
0.0
0.0
-0.37530366
0.0
-0.0
-0.0
0.0
0.0
-0.0
-0.0
0.0
0.0
-0.0
-0.0
-0.0
-0.0
-0.0
-0.0
0.25585598
0.0
-0.0
-0.0
0.0
0.0
0.2994166
-0.0
-0.0
0.37796965
0.0
-0.0
-0.5381807
0.0
-0.0
-0.0
-0.0
-0.0
-0.0
-0.0
0.0
-0.0
-0.53410816
0.0
0.0
-0.0
0.55689096
0.0
-0.0
0.0
0.0
-0.0
-0.0
-0.35914147
0.0
0.030874932
0.0
-0.0
0.05471149
-0.0
0.0
-0.041065875
0.0
0.0
0.0
-0.0
0.0
-0.25922757
0.0
0.053981915
-0.06308842
0.04998801
0.15070882
0.08289492
0.0
-0.0
0.0
0.0
0.0
-0.0
0.0
-0.0
-0.0
-0.0
-0.0
0.0
0.0
-0.028472014
0.051546477
-0.0
0.0
-0.0
0.06847798
-0.06797563
0.060261883
0.0
0.16338651
-0.0
-0.0
0.0
-0.0
0.0
0.10226512
-0.0
0.0
-0.0
-0.22529249
0.0
-0.0
-0.0
-0.0
-0.0
-0.0
-0.0
-0.0
-0.0
-0.0
0.0
0.0
0.0
-0.0
0.0
-0.1961885
0.0
-0.0
-0.0
-0.0
-0.0
0.30148634
0.0
-0.0
-0.0
0.31142148
-0.0
0.0
0.0
-0.0
-0.0
0.28580478
0.0
-0.0
-0.0
-0.0
-0.0
0.0
0.0
0.0
-0.0
0.0
0.0
-0.0
-0.0
0.09973995
-0.0
0.0
0.0
-0.0
0.0
0.0
-0.0
0.0
0.0
0.0
0.0
-0.0
0.0
-0.0
0.0
-0.0
0.0
-0.0
0.0
0.0
-0.0
0.0
-0.0
0.0
-0.22687553
-0.0
0.0
0.0
-0.0
0.0
0.0
0.0
-0.0
-0.0
-0.0
0.0
0.0
-0.0
-0.18840791
-0.0
0.26499376
-0.0
0.0
0.0
0.0
0.0
0.0
-0.0
0.0
-0.0
0.0
-0.0
-0.0
0.0
-0.0
-0.0
0.0
0.0
-0.0
0.0
0.0
0.0
0.0
-0.0
0.0
0.0
-0.0
0.0
0.120156564
-0.0
-0.0
-0.23846976
0.31373814
-0.0
-0.0
0.0
-0.0
-0.0
-0.0
0.0
0.0
-0.0
-0.0
-0.0
0.0
0.20057689
0.0
0.0
0.0
-0.0
-0.0
-0.0
-0.0
0.0
0.0
-0.0
0.0
0.0
-0.0
-0.0
0.0
0.0
0.0
-0.0
0.0
-0.0
0.0
0.0
-0.0
0.0
-0.0
0.0
0.0
-0.0
-0.0
-0.0
-0.40022984
0.0
0.0
-0.0
0.0
0.0
0.0
0.0
0.0
-0.0
-0.0
-0.0
0.0
-0.0
0.0
0.0
-0.0
-0.0
-0.0
-0.44475242
-0.0
-0.0
0.0
-0.0
-0.0
0.0
-0.18588834
-0.0
-0.0
-0.0
-0.1051002
0.0
-0.0
0.0
-0.0
0.0
0.0
0.0
0.0
0.0
-0.0
-0.0
0.17139877
0.0
0.29536134
-0.0
-0.0
0.0
-0.3525433
-0.0
-0.0
-0.24373169
0.0
0.0
0.0
-0.0
0.0
0.0
-0.0
-0.0738572
-0.0
0.0
0.0
0.0
0.0
-0.24245055
0.0
-0.0
-0.0
0.0
0.0
0.0
-0.0
0.2913583
-0.0
-0.0
-0.0
-0.0
0.0
-0.0
-0.0
0.0
-0.0
0.0
-0.0
0.0
-0.0
-0.0
0.0
-0.0
0.0
-0.0
0.0
-0.14638314
0.0
0.0
-0.23445149
-0.0
0.0
0.2122655
-0.0
0.0
0.0
0.0
0.0
-0.0
0.0
0.0
0.0
0.0
-0.0
-0.0
0.0
-0.0
-0.0
-0.0
0.0
-0.0
0.0
-0.0
0.14546219
0.0
0.0
0.0
0.0
-0.0
0.0
-0.0
-0.0
-0.0
-0.0
0.0
0.0
-0.0
-0.0
0.0
-0.0
0.0
-0.0
-0.0
-0.0
-0.0
0.0
0.0
-0.0
0.0
-0.0
-0.29807177
0.0
0.0
0.0
-0.0
-0.0
-0.0
0.0
-0.0
0.0
0.0
0.0
-0.0
0.0
0.20066267
-0.0
0.0
-0.0
0.0
-0.0
-0.0
0.0
-0.0
-0.0
-0.0
-0.0
-0.0
-0.0
0.0
-0.0
0.0
-0.0
0.0
0.0
-0.0
-0.0
0.0
0.0
-0.0
-0.0
-0.0
-0.0
-0.0
0.0
0.0
0.0
-0.0
0.0
-0.0
-0.89478236
0.0
0.0
-0.0
-0.0
0.0
-0.0
-0.0
-0.0
0.0
-0.0
-0.6738872
-0.0
0.0
0.0
0.0
-0.5039852
0.0
-0.0
-0.0
0.0
0.0
-0.0
0.0
-0.0
-0.0
-0.0
-0.0
0.0
-0.0
0.0
0.0
0.0
0.0
-0.0
0.0
-0.0
-0.0
-0.0
-0.0
0.0
0.0
0.0
-0.0
0.0
-0.0
-0.0
-0.0
0.0
0.0
-0.0
-0.5831768
0.0
-0.0
-0.0
-0.0
0.0
-0.0
0.31187472
-0.0
0.0
0.0
0.0
-0.2050115
-0.0
-0.0
-0.0
-0.0
-0.0
0.0
0.0
-0.0
0.0
0.0
-0.0
-0.5956484
-0.0
0.0
-0.0
0.0
-0.0
0.0
-0.0
-0.0
-0.0
-0.0
-0.0
0.0
-0.0
-0.0
0.0
0.0
-0.0
-0.0
0.0
0.0
0.0
-0.0
-0.0
-0.0
1.2328743
-0.0
0.0
-0.0
0.0
0.0
-0.0
0.0
-0.0
0.0
0.0
-0.0
-0.0
-0.0
0.0
0.0
-0.0
0.0
0.0
0.0
-0.0
-0.0
-0.0
-0.0
0.0
0.0
-0.0
-0.0
0.0
-0.32153723
0.0
0.0
0.0
0.0
-0.0
0.0
-0.45968875
0.0
-0.0
0.0
-0.92285424
0.0
0.0
-0.0
-0.0
0.0
0.0
0.0
-0.0
-0.0
0.0
0.0
-0.0
0.0
0.0
0.0
0.0
-0.0
-0.0
-0.6805538
0.0
-0.0
0.0
0.0
-0.0
-0.0
-0.0
0.32267496
0.0
0.0
-0.0
-0.0
0.0
-0.0
0.0
-0.0
0.0
-0.0
-0.0
0.0
0.0
0.0
-0.0
-0.0
-0.0
0.0
0.0
0.0
-0.0
-0.0
-0.0
-0.0
-0.0
0.0
-0.0
-0.0
0.0
0.0
-0.0
0.0
-0.0
0.0
-0.0
0.0
-0.0
0.0
-0.0
0.0
0.6249846
-0.0
0.0
0.0
-0.0
0.0
-0.0
0.0
0.0
-0.0
0.0
-0.3009406
-0.0
0.0
0.0
0.0
0.0
0.0
-0.0
0.0
-0.0
0.0
0.0
0.0
-0.0
-0.51147157
-0.0
0.0
-0.0
-0.0
0.0
-0.0
0.0
-0.0
0.0
-0.0
0.0
0.0
0.0
-0.0
-0.0
0.0
-0.27801263
-0.0
-0.0
0.0
-0.0
0.0
0.0
0.0
-0.0
-0.0
0.0
0.0
0.0
-0.0
0.0
-0.0
0.0
-0.36172658
0.0
0.0
-0.28578103
0.0
-0.0
-0.0
0.0
-0.0
0.0
-0.0
0.0
-0.0
0.0
-0.0
0.0
0.0
-0.0
-0.0
0.0
0.0
-0.0
-0.0
0.0
-0.0
0.19908954
0.0
0.0
0.0
0.0
0.0
0.0
-0.0
-0.0
0.0
0.0
0.0
-0.0
-0.0
-0.0
0.7452526
0.0
0.0
0.0
-0.0
-0.0
-0.0
-0.0
-0.0
-0.0
0.0
-0.0
-0.0
0.0
-0.0
0.7703008
-0.34566003
-0.0
0.0
-0.0
0.0
0.0
-0.0
0.0
0.0
-0.0
-0.0
0.0
0.0
0.0
-0.27840224
-0.0
0.0
0.0
-0.0
0.0
0.0
0.0
-0.0
-0.641886
-0.0
0.0
-0.0
-0.0
0.0
0.0
-0.0
0.0
0.0
0.42635944
-0.0
-0.0
0.0
-0.0
-0.0
-0.0
-0.0
-0.0
0.0
0.0
0.0
0.0
-0.0
-0.0
-0.2670231
0.0
0.0
0.0
-0.0
0.0
-0.34064996
-0.0
0.0
0.0
0.0
-0.21173866
-0.49894488
-0.0
0.0
0.0
-0.0
-0.0
-0.0
0.0
-0.0
-0.0
0.0
-0.30841845
-0.0
-0.0
0.4744515
-0.0
-0.0
-0.0
-0.0
-0.0
-0.0
0.35210535
-0.0
-0.0
0.0
-0.0
0.0
0.0
0.0
-0.0
0.0
0.0
-0.0
-0.0
0.0
0.0
-0.0
0.0
-0.0
-0.0
0.0
0.1637713
0.0
-0.0
0.0
0.18314107
-0.0
-0.0
0.0
-0.0
0.0
-0.0
-0.0
-0.0
0.0
-0.0
0.0
0.0
0.0
-0.0
0.0
-0.0
0.0
-0.0
0.25352162
0.0
-0.0
-0.0
0.0
0.0
0.17593414
-0.0
-0.0
-0.0
-0.0
0.0
0.0
0.0
0.0
0.0
0.0
-0.0
0.0
0.0
-0.0
0.0
0.0
0.0
0.0
-0.0
-0.25170588
0.0
-0.0
0.0
0.0
0.0
-0.26982227
-0.0
0.0
-0.0
-0.0
-0.0
-0.0
0.0
0.0
-0.0
0.0
-0.2360353
-0.12697247
-0.0
0.0
-0.0
-0.0
0.0
-0.0
-0.0
-0.0
0.29107034
0.0
0.0
0.0
0.0
-0.23206317
-0.0
0.0
0.14863603
-0.0
0.0
0.0
-0.0
-0.0
0.0
0.0
-0.0
-0.23121428
0.248461
0.0
-0.0
-0.0
0.0
0.0
0.0
-0.0
-0.0
-0.0
0.016665429
-0.0
-0.24394102
0.0
0.0
-0.0
-0.0
-0.0
-0.0
0.0
0.0
-0.0
0.2854036
0.0
0.0
-0.0
-0.0
-0.0
-0.0
0.0
-0.0
-0.23557745
-0.0
-0.5341344
-0.0
-0.0
0.0
-0.0
0.0
-0.0
0.0
0.0
-0.0
0.0
0.0
0.0
-0.0
0.0
0.0
0.0
-0.0
0.28835604
-0.0
-0.0
-0.0
-0.0
0.0
0.35500896
-0.7228552
-0.0
0.0
-0.0
0.0
0.0
-0.0
-0.0
0.0
-0.1848803
0.0
-0.0
-0.0
-0.28374842
0.0
-0.0
-0.3228913
0.0
0.0
0.0
-0.33140412
-0.0
-0.0
-0.0
-0.0
0.3571868
0.0
-0.0
0.0
-0.0
0.0
-0.0
-0.0
-0.0
-0.0
0.0
0.0
0.77161
-0.4549291
-0.0
0.0
0.0
0.0
-0.0
-0.0
-0.0
-0.0
0.0
-0.0
-0.0
0.9763899
-0.0
0.0
0.0
0.0
0.0
0.0
-0.0
-0.0
0.0
-0.5993925
0.0
-0.0
-0.0
-0.0
0.0
0.0
-0.0
0.0
0.42231363
0.30112472
0.121061854
0.0
-0.0
0.0
0.0
-0.0
0.0
0.0
-0.0
0.0
0.0
-0.0
-0.0
0.0
-0.2734839
-0.0
0.0
-0.0
-0.0
-0.0
-0.0
0.0
-0.0
0.0
-0.0
0.0
0.0
-0.28885388
-0.0
0.0
-0.0
-0.20595948
0.123253256
-0.0
0.0
-0.0
0.0
-0.0
-0.0
0.0
-0.0
-0.0
0.0
-0.0
0.0
0.0
-0.0
0.0
0.0
0.0
0.0
-0.0
-0.0
-0.0
-0.0
0.0
-0.0
0.0
-0.0
0.0
-0.0
-0.0
-0.0
-0.0
0.0
-0.0
0.08990577
0.0
-0.0
0.0
0.0
0.0
-0.16415007
-0.27331698
-0.0
0.0
-0.0
-0.0
0.0
-0.0
0.0
-0.0
-0.0
0.0
0.20907791
0.0
0.0
-0.080170214
-0.0
0.17895631
0.0
-0.0
0.0
-0.09391518
-0.0
-0.0
-0.0
-0.0
0.0
-0.4766742
-0.0
-0.0
0.0
-0.0
-0.0
0.0
0.0
-0.0
-0.0
-0.0
-0.0
-0.0
-0.0
-0.0
-0.0
-0.0
0.0
-0.0
0.0
-0.6171684
0.0
0.0
0.0
0.0
-0.0
-0.0
0.0
0.0
-0.0
-0.0
-0.0
0.0
0.0
-0.0
-0.2974774
-0.0
0.0
-0.0
-0.0
-0.0
-0.0
-0.0
-0.0
0.0
0.0
-0.0
0.0
0.0
-0.0
0.0
-0.0
0.0
-0.0
-0.0
0.0
0.0
0.0
-0.0
0.0
-0.0
0.0
0.0
0.0
-0.0
0.0
-0.0
0.0
0.0
0.36316982
-0.0
-0.0
0.0
0.0
0.0
0.0
-0.0
-0.0
0.0
-0.0
0.0
0.0
0.0
-0.44724733
0.0
0.0
-0.0
0.0
0.0
0.0
-0.35392222
-0.0
0.0
-0.0
-0.0
-0.0
0.0
-0.0
0.0
-0.0
0.0
-0.0
0.0
-0.0
-0.0
0.28472963
-0.0
-0.0
0.0
0.0
0.0
0.20809466
-0.0
-0.0
-0.28145292
0.0
0.0
0.5096594
0.0
0.0
-0.0
0.0
0.0
0.0
-0.0
0.0
0.0
-0.0
0.33879387
0.0
0.0
-0.0
-0.0
-0.0
-0.0
0.0
0.0
0.0
-0.38148314
0.0
0.0
-0.0
-0.0
0.0
-0.0
-0.0
0.0
-0.0
-0.0
-0.03176241
0.0
-0.04442057
0.0
-0.0
0.0
-0.020774532
0.013749141
-0.0
0.014117567
-0.0
0.0
-0.04988227
-0.0
0.0
0.0
-0.0
-0.0
-0.0
-0.0
-0.0
0.0
-0.033213362
0.0
0.0
0.0
-0.0
0.0
0.0
-0.0
-0.0
0.0
0.0
0.0
0.0
-0.0
-0.0
0.0
0.0
-0.0
-0.0
-0.0
-0.0
-0.13020727
0.14605999
-0.0
0.0
-0.15521511
-0.0
-0.0
-0.14796105
0.0
-0.0
0.0
-0.0
-0.0
-0.0
0.0
0.0
0.0
0.0
0.0
-0.0
0.21045159
0.0
-0.0
-0.0
-0.0
0.0
-0.0
-0.0
-0.0
0.0
-0.0
-0.0
-0.0
-0.0
-0.0
0.0
0.0
0.0
-0.0
-0.0
-0.0
-0.0
0.0
-0.0
0.0
-0.0
0.0
-0.0
0.12024947
-0.2545837
-0.0
-0.0
0.0
-0.0
-0.0
0.0
-0.0
0.0
-0.0
0.0
-0.0
-0.0
0.0
-0.0
-0.0
-0.0
-0.0
-0.0
0.0
0.22835037
0.0
0.0
-0.0
0.0
-0.0
0.0
-0.0
0.0
-0.0
0.0
0.0
0.0
-0.0
-0.19281264
-0.0
-0.0
0.0
-0.0
0.0
0.0
0.0
0.0
-0.0
0.0
0.0
0.099625915
0.0
-0.0
-0.0
0.0
-0.0
0.0
-0.0
0.0
-0.17097093
-0.0
0.0
-0.11773813
0.0
0.227824
0.0
0.0
0.0
0.0
0.12738371
0.0
-0.0
0.0
-0.0
-0.0
-0.0
0.0
-0.0
-0.0
-0.10170698
-0.0
-0.0
0.0
0.0
0.083729796
-0.0
0.0
0.0
0.128954
-0.0
-0.0
-0.0
0.0
0.13201444
0.0
0.0
0.0
-0.0
0.3786217
0.0
0.0
-0.2522023
-0.30177432
0.0
-0.20342527
-0.0
-0.0
0.79086876
-0.0
0.0
-0.26198792
-0.0
0.0
0.0
0.0
-0.0
-0.16475125
0.0
0.0
-0.0
0.0
-0.0
-0.2618808
-0.16215108
-0.0
-0.0
-0.1899051
-0.0
-0.0
-0.0
-0.0
0.0
-0.0
0.0
0.19040796
0.0
0.21944909
-0.0
0.0
-0.0
-0.0
-0.0
0.25429007
0.06936011
-0.0
-0.0
-0.14065656
-0.0
0.0
0.0
0.0
0.0
0.19836822
0.0
0.10439731
-0.0
-0.0
-0.0
-0.0
0.13656841
0.0
0.1285344
0.0
-0.0
0.18796088
-0.0
-0.0
0.0
-0.0
-0.0
-0.0
0.19186582
0.0
-0.0
0.16933626
0.09790368
-0.1385097
0.0
-0.0
0.0
-0.0
0.11618411
0.0
0.0
0.0
0.0
-0.0
-0.0
0.0
-0.0
0.0
0.0
-0.0
0.0
0.0
0.0
0.0
-0.0
0.0
0.0
0.0
0.0
0.0
-0.0
0.0
0.38995355
-0.0
0.0
-0.0
0.0
-0.0
-0.0
0.0
0.0
0.0
-0.0
-0.0
-0.0
-0.0
-0.0
-0.0
0.0
0.0
-0.0
0.22523862
0.0
-0.30569327
-0.0
-0.2203794
-0.0
0.0
-0.0
-0.0
-0.0
0.0
-0.0
-0.0
0.45053047
0.0
-0.0
0.0
0.0
0.0
-0.0
0.0
-0.17351766
0.0
-0.0
0.0
0.0
0.0
-0.0
-0.0
0.0
-0.14334458
0.11468256
0.0
0.11653019
-0.0
0.0
-0.0
-0.0
0.0
0.0
-0.0
-0.0
-0.0
-0.0
-0.0
-0.0
0.0
0.0
0.17426224
-0.0
-0.0
-0.0
-0.13249892
-0.16400313
0.0
-0.09894129
0.0
-0.0
0.0
0.0
-0.0
0.0
0.17564262
0.0
0.0
0.0
0.0
-0.6086056
0.0
0.0
0.0
0.0
-0.0
-0.0
-0.0
-0.0
0.0
-0.0
0.0
-0.0
0.0
0.0
-0.0
0.0
0.0
-0.0
-0.0
-0.49759108
-0.0
-0.0
0.0
0.0
0.0
0.0
-0.0
-0.0
0.0
-0.0
-0.0
-0.0
-0.0
0.0
0.0
0.0
0.0
0.0
0.0
-0.0
0.0
-0.0
0.0
0.0
0.13443644
0.0
0.0
0.0
0.0
-0.0
-0.0
-0.0
0.0
0.0
0.0
0.47893974
-0.0
-0.3889185
-0.0
0.0
0.0
0.2952388
-0.0
0.0
0.0
0.36888325
0.0
-0.0
0.0
-0.0
-0.0
0.0
-0.0
0.0
0.0
0.0
-0.0
-0.0
-0.0
0.0
-0.3501614
-0.0
0.0
-0.27011687
0.5362561
0.0
0.0
-0.0
-0.0
-0.0
0.269177
0.0
0.0
0.0
-0.0
0.0
-0.0
-0.0
0.0
0.0
0.0
0.0
-0.0
0.0
-0.0
-0.0
-0.0
0.0
0.0
0.0
0.0
0.0
0.0
0.0
0.0
-0.0
-0.20442262
-0.35090995
-0.0
-0.0
0.0
0.0
0.0
-0.0
0.0
-0.0
-0.0
-0.0
0.0
0.0
0.19106716
0.0
-0.0
-0.0
-0.0
-0.0
0.0
0.0
-0.0
-0.0
0.0
0.0
-0.0
-0.0
-0.30991966
0.0
0.0
-0.0
0.0
-0.0
-0.0
-0.0
0.0
0.0
0.0
0.0
-0.09389565
0.0
-0.0
0.0
0.0
0.0
-0.0
-0.0
-0.0
-0.0
0.0
-0.0
-0.0
-0.076671444
0.0
-0.0
-0.0
-0.0
0.0
0.0
0.0
0.0
0.0
0.0
-0.0
-0.0
0.0
-0.0
-0.0
-0.0
0.0
0.0
0.0
0.0
0.0
-0.0
0.0
-0.0
-0.0
0.0
0.39212415
-0.0
-0.23310268
0.0
-0.0
-0.0
-0.0
0.0
-0.0
0.0
-0.0
-0.0
0.0
0.43314642
-0.0
-0.0
-0.0
0.0
0.0
0.0
0.0
-0.0
-0.0
0.0
0.0
-0.0
0.0
-0.0
-0.0
0.0
0.3015764
-0.0
0.0
-0.0
-0.0
-0.0
0.0
0.0
-0.0
-0.0
0.0
-0.0
-0.0
-0.0
-0.0
0.18733068
-0.0
0.0
-0.0
-0.0
-0.0
-0.0
0.18773253
-0.0
0.0
-0.0
0.0
-0.0
-0.0
-0.0
-0.0
-0.0
0.0
-0.0
0.0
0.0
-0.0
-0.0
-0.0
-0.0
0.0
0.0
0.0
0.0
0.0
-0.52021223
0.0
-0.3079164
0.0
0.0
-0.0
-0.0
-0.0
-0.0
-0.0
0.0
0.0
-0.0
0.0
-0.19885232
-0.0
0.0
-0.0
0.0
-0.0
0.0
0.0
-0.0
0.0
-0.0
-0.45070088
0.0
-0.0
0.0
-0.0
-0.0
-0.18645331
-0.0
0.0
0.0
0.0
0.0
-0.0
0.0
-0.0
0.0
0.0
0.0
-0.0
0.0
-0.0
-0.0
0.41744626
-0.0
-0.0
0.0
0.0
-0.0
0.0
-0.0
0.0
0.0
0.0
0.0
-0.0
-0.0
-0.0
-0.0
0.0
-1.0182467
-0.0
-0.0
-0.0
-0.0
-0.0
-0.0
-0.85097414
-0.0
-0.0
-0.0
-0.0
-0.0
0.0
-0.0
0.0
-0.0
0.0
-0.0
0.0
-0.0
0.0
0.0
-0.0
0.0
-0.0
-0.0
-0.0
-0.0
0.0
-0.0
0.0
-0.0
0.0
-0.0
0.0
-0.0
0.0
-0.0
0.0
-0.0
0.0
-0.0
-0.0
-0.0
0.0
-0.0
0.22696237
-0.0
0.0
-0.3725219
0.0
0.0
0.0
-0.0
0.0
0.0
-0.0
-0.0
-0.0
-0.0
-0.0
-0.0
-0.0
0.0
0.0
-0.0
0.0
0.0
-0.0
0.0
0.0
-0.0
-0.0
-0.0
0.0
-0.0
0.0
-0.0
-0.0
0.0
0.0
-0.3491649
0.0
0.0
0.0
-0.0
-0.0
-0.0
-0.0
0.0
0.21396235
0.0
0.0
0.0
0.0
-0.0
-0.0
-0.0
-0.0
0.0
-0.0
-0.0
0.0
-0.33479735
-0.0
-0.0
-0.0
0.0
-0.0
-0.0
-0.22810377
-0.0
-0.0
-0.0
0.0
0.0
0.0
-0.0
-0.0
-0.13905692
0.0
-0.0
0.0
-0.18306233
0.0
-0.0
0.0
-0.0
0.0
-0.0
0.0
0.0
-0.0
0.0
0.0
0.0
0.0
0.0
0.0
-0.0
-0.0
0.0
-0.0
0.0
-0.0
0.0
0.0
-0.0
0.0
-0.0
-0.0
0.0
-0.0
0.0
0.0
0.0
-0.0
0.0
-0.0
-0.0
-0.0
0.0
0.0
-0.0
-0.0
-0.0
0.0
0.0
-0.85915583
-0.0
-0.0
-0.0
-0.0
0.0
0.0
-0.0
0.0
0.0
0.0
0.0
0.0
-0.0
-0.0
-0.0
0.0
0.0
-0.0
-0.0
-0.58007467
0.0
-0.0
-0.0
0.0
-0.0
-0.0
-0.0
-0.0
0.0
-0.0
0.0
0.0
-0.18994495
-0.0
-0.0
-0.32097426
0.0
0.0
0.0
-0.0
-0.34108627
0.0
0.0
-0.23718427
-0.30846506
-0.0
-0.0
0.0
0.0
-0.0
0.0
0.0
-0.0
-0.0
-0.0
-0.0
-0.0
-0.0
-0.3676554
-0.0
-0.0
-0.0
-0.0
0.0
-0.0
0.0
-0.0
0.0
0.0
0.0
-0.0
-0.0
0.0
-0.0
0.0
0.0
0.0
-0.0
-0.0
-0.0
-0.0
-0.0
0.0
0.0
-0.0
0.20258206
-0.0
0.0
0.22281337
0.0
0.0
-0.31732765
-0.0
0.0
0.0
-0.13729224
0.0
-0.0
-0.12012961
0.0
-0.0
0.0
-0.0
0.0
0.0
0.0
0.0
0.0
0.0
0.0
-0.0
0.0
-0.2160271
0.0
-0.0
0.0
0.0
-0.0
-0.0
-0.5310999
-0.0
-0.0
0.3298363
0.0
-0.0
0.0
0.0
-0.0
0.0
-0.0
0.0
0.45746678
0.0
0.0
-0.0
0.0
-0.0
0.34239715
0.0
-0.0
-0.0
0.0
-0.0
-0.0
0.12583831
0.0
-0.0
-0.0
-0.0
-0.0
0.0
-0.0
-0.0
-0.0
-0.0
0.0
0.0
0.0
0.0
0.0
-0.0
0.0
0.0
-0.0
0.0
-0.0
0.0
-0.0
-0.0
0.0
0.0
-0.0
0.0
0.0
0.0
-0.0
-0.0
0.0
-0.0
-0.0
0.0
0.0
-0.0
-0.0
-0.20444803
-0.0
-0.0
-0.0
0.0
0.0
0.0
0.0
0.0
-0.0
0.0
0.0
0.0
0.0
0.0
-0.0
0.0
-0.3057474
0.0
0.0
-0.0
-0.0
-0.0
-0.0
0.0
0.0
-0.0
-0.0
-0.0
0.0
-0.0
-0.0
0.0
-0.0
0.0
0.0
-0.0
-0.0
-0.0
0.0
0.0
0.0
0.0
-0.0
0.0
0.0
0.0
0.0
0.0
-0.0
0.0
-0.0
-0.0
-0.0
0.0
-0.0
-0.0
0.0
0.0
-0.0
0.0
0.0
-0.0
0.0
0.0
-0.0
-0.0
-0.0
-0.0
0.0
-0.0
-0.0
0.0
-0.0
0.0
-0.0
-0.0
0.0
0.19795507
-0.0
-0.0
-0.0
-0.0
0.0
-0.0
0.0
0.0
0.0
-0.0
0.0
0.31909025
0.0
0.0
-0.0
-0.0
0.0
0.0
-0.0
-0.0
0.0
-0.0
-0.0
0.65357786
-0.0
-0.0
-0.0
0.0
-0.0
-0.0
0.0
0.0
-0.0
-0.71310794
-0.0
-0.0
0.0
0.0
-0.0
-0.0
0.0
0.0
0.0
0.0
0.0
-0.0
-0.0
-0.0
0.0
-0.0
0.0
0.0
-0.0
-0.0
-0.0
0.0
0.0
-0.0
-0.0
-0.0
-0.0
0.0
0.0
0.0
-0.0
-0.0
0.0
0.0
-0.0
-0.0
-0.0
0.0
-0.0
-0.0
0.0
-0.0
0.0
0.0
-0.0
-0.0
0.0
-0.0
-0.0
-0.0
-0.0
-0.0
-0.0
0.0
-0.0
-0.0
-0.0
0.0046083713
0.0
0.0
0.0
-0.0
-0.0
0.0
0.26210058
-0.0
-0.0
-0.0
0.0
0.0
-0.17206578
-0.0
-0.0
-0.0
0.0
-0.09018371
-0.0
0.0
0.0
0.0
-0.0
0.0
-0.0
0.0
0.2840196
-0.0
-0.0
0.0
0.0
0.0
0.27060276
0.0
-0.15562835
0.0
-0.0
-0.21425681
-0.0
-0.0
0.0
-0.0
0.0
0.0
-0.0
-0.0
-0.1255089
0.0
-0.0
-0.0
-0.0
-0.0
0.0
0.0
-0.05066179
-0.0
-0.0
0.0
-0.0
0.0
-0.0
-0.0
0.0
-0.0
-0.04688964
-0.0
0.0
-0.0
-0.0
-0.058592767
-0.0
-0.0
-0.0
0.0
-0.0
0.09389765
-0.0
-0.0
-0.0
0.0
-0.0
0.0
0.0
0.0
0.0
-0.0
0.0
-0.094482094
0.0
0.0
0.0
0.0
-0.0
0.0
-0.0
0.0
-0.0
-0.0
0.0
0.0
0.0
0.0
0.0
-0.0
-0.0
-0.0
-0.0
-0.0
0.0
0.41724792
-0.0
0.0
0.0
-0.0
-0.0
-0.0
0.0
-0.0
-0.0
-0.0
-0.0
0.0
0.0
-0.0
-0.0
0.0
0.0
-0.0
-0.0
0.0
0.0
0.0
0.532445
0.0
0.0
0.50832665
-0.0
-0.0
-0.0
-0.0
0.0
0.0
0.0
-0.0
0.23346938
0.0
-0.0
0.0
0.0
0.0
0.0
0.0
-0.0
-0.0
-0.0
0.0
0.0
-0.0
-0.0
0.0
-0.0
-0.0
0.0
-0.0
-0.0
0.0
0.65044814
0.0
0.0
-0.0
-0.0
-0.0
0.0
-0.0
0.0
0.0
0.0
-0.0
0.0
-0.0
0.0
0.0
0.0
-0.0
-0.0
-0.0
0.0
0.0
-0.37825948
-0.0
0.0
0.0
-0.5068186
-0.0
0.0
-0.0
0.0
-0.0
-0.0
-0.0
-0.0
0.0
-0.0
-0.0
-0.0
0.0
0.0
0.0
-0.0
-0.0
-0.0
-0.0
-0.0
-0.0
-0.0
-0.0
-0.0
0.39079562
0.0
-0.0
-0.0
0.0
-0.0
-0.0
-0.0
-0.0
0.0
0.0
0.31740648
0.0
0.0
-0.36977166
0.0
0.31626332
-0.0
0.0
-0.0
0.0
-0.0
0.0
-0.0
0.0
-0.0
-0.0
0.0
0.0
0.0
0.5736869
0.0
0.45562118
0.0
0.0
0.0
-0.0
-0.0
0.0
0.0
-0.0
0.0
-0.0
-0.0
0.0
-0.2583201
0.0
-0.0
-0.0
-0.0
0.0
-0.0
-0.72445065
-0.0
-0.0
-0.0
-0.0
0.0
-0.0
-0.0
0.0
0.0
-0.0
-0.0
-0.0
0.0
-0.0
0.0
-0.0
0.0
-0.0
-0.0
0.0
-0.0
-0.0
-0.0
-0.0
-0.083911665
0.0
-0.0
0.0
-0.0
0.0
-0.0
-0.0
0.0
-0.0
0.0
-0.0
-0.0
-0.0
-0.0
0.0
0.0
0.0
0.0
-0.0
-0.08167705
0.0
-0.0
-0.0
-0.0
0.0
-0.0
-0.0
-0.0
-0.0
0.0
-0.0
0.0
-0.0
-0.0
-0.0
0.0
0.0
-0.0
0.0
-0.0
-0.0
-0.0
0.80708015
0.0
0.0
-0.0
-0.0
0.0
0.0
0.0
0.0
0.0
-0.0
-0.4574787
0.0
0.2250592
0.0
0.0
0.0
-0.0
-0.0
-0.0
-0.0
0.0
-0.0
0.0
0.0
-0.0
0.0
0.45828113
-0.0
0.0
-0.0
-0.0
-0.0
0.0
0.0
0.0
0.0
-0.0
0.0
0.0
-0.0
-0.0
0.0
0.0
0.0
-0.0
-0.0
0.0
-0.0
0.0
-0.0
0.0
0.0
-0.0
0.0
-0.0
0.0
-0.0
0.0
0.0
-0.0
0.0
0.0
0.0
-0.0
0.29529873
-0.0
-0.0
0.26697096
-0.0
-0.09666276
-0.39878133
0.0
0.0
0.0
-0.0
0.0
-0.0
0.0
-0.0
0.0
-0.28297415
0.0890574
0.0
-0.0
0.2291137
0.11032965
-0.0
-0.0
0.0
-0.0
0.0
-0.42490748
0.0
0.0
0.0
0.0
-0.0
-0.0
0.6226006
-0.0
0.0
-0.0
0.0
0.3510226
-0.0
-0.0
-0.0
-0.0
0.0
-0.0
0.24185345
-0.0
0.0
0.0
-0.0
-0.0
0.0
-0.0
-0.0
0.0
0.0
0.0
-0.0
0.33024183
-0.0
-0.0
-0.0
-0.0
-0.0
0.0
0.0
-0.0
-0.0
-0.0
-0.0
-0.0
0.0
-0.0
0.0
-0.3705976
0.0
0.0
0.0
0.0
0.0
-0.0
-0.0
-0.0
-0.0
-0.0
-0.0
-0.0
0.0
0.0
-0.0
-0.0
0.0
-0.0
-0.0
-0.0
0.0
0.0
-0.0
0.0
-0.0
0.0
0.0
-0.45921782
-0.0
-0.0
-0.0
0.0
-0.0
0.0
-0.0
0.24214844
-0.0
-0.0
-0.0
-0.0
-0.0
0.07214936
0.0
0.0
-0.0
-0.0
0.3369313
0.0
-0.0
-0.0
0.0
0.0
0.0
0.0
0.0
-0.0
0.0
-0.0
-0.0
-0.0
-0.0
-0.0
0.0
0.0
0.0
-0.0
-0.0
0.0
-0.0
-0.0
0.0
-0.8106836
-0.0
0.0
0.5431084
-0.0
0.0
-0.0
0.0
-0.0
0.0
0.0
0.0
-0.0
0.0
-0.0
-0.23507565
-0.0
-0.0
0.0
0.0
-0.0
0.0
0.0
-0.0
0.21969484
0.0
-0.0
0.0
-0.0
0.0
0.0
-0.0
0.0
0.0
-0.0
0.0
0.0
0.0
0.0
-0.0
0.0
-0.0
0.0
0.0
-0.0
-0.06781274
-0.0
0.0
0.0
0.0
0.0
-0.11422156
-0.15230882
-0.0
-0.0
-0.0
0.0
0.0
-0.0
0.0
0.0
0.0
-0.0
-0.07642825
-0.0
0.0
0.0
-0.0
-0.18546586
0.0
-0.0
-0.0
0.1158774
0.0
0.0
-0.0
-0.0
0.0
-0.0
-0.0
-0.0
0.0
0.0
0.0
-0.0
0.0
-0.0
0.0
0.0
0.0
0.0
0.0
0.0
0.0
-0.0
0.0
-0.0
-0.0
0.0
0.45386934
-0.5968347
-0.0
0.0
-0.0
0.0
-0.0
-0.0
-0.0
-0.0
0.0
0.0
0.0
0.0
0.0
0.0
-0.0
-0.0
0.0
0.0
0.0
-0.0
0.0
-0.0
-0.0
-0.0
0.0
-0.30519298
0.0
-0.0
-0.0
0.0
-0.0
0.0
-0.0
-0.0
-0.0
0.0
0.0
0.0
-0.0
0.0
0.0
-0.0
0.0
-0.28658292
-0.0
-0.31283247
0.55134696
-0.0
-0.0
0.0
0.0
-0.0
-0.0
-0.0
0.0
0.0
-0.0
0.0
-0.0
-0.0
-0.0
0.0
-0.0
-0.0
0.0
0.0
-0.0
0.0
0.0
0.0
-0.0
0.0
-0.0
0.0
0.0
0.14882879
0.0
-0.0
0.0
0.0
-0.0
0.0
-0.0
0.0
-0.16960986
0.0
-0.0
-0.0
-0.20328233
-0.0
-0.0
0.26096472
-0.0
-0.2007786
-0.46469283
-0.0
-0.0
-0.0
-0.0
-0.0
-0.0
0.0
0.0
0.0
0.0
-0.28238893
-0.3116418
0.0
0.34807605
-0.25999227
-0.17663692
0.0
0.0
-0.0
0.0
0.18184793
-0.0
0.0
-0.0
0.0
0.0
-0.0
-0.0
0.0
-0.0
-0.0
-0.0
-0.0
0.0
-0.0
0.0
0.0
-0.0
-0.0
-0.0
0.0
0.0
-0.0
0.0
0.0
0.0
-0.0
0.30764833
-0.0
-0.0
0.0
0.0
-0.0
-0.0
-0.0
0.0
0.0
-0.17289801
0.23958525
0.0
0.0
-0.19595584
0.0
-0.0
-0.0
-0.0
0.0
0.0
-0.0
-0.0
-0.0
0.0
0.0
0.0
0.0
0.0
-0.0
-0.0
-0.0
-0.0
-0.0
0.0
-0.0
0.0
-0.0
-0.0
0.0
0.0
-0.0
0.44914302
-0.0
0.0
-0.0
-0.0
-0.0
0.0
0.0
0.0
-0.0
0.0
0.0
0.0
-0.0
-0.0
-0.0
-0.0
0.0
0.0
0.0
0.0
0.0
0.0
0.0
0.0
0.0
-0.0
-0.34363148
0.0
0.0
-0.0
0.0
0.0
-0.0
-0.0
0.0
0.0
0.0
-0.12980051
-0.0
-0.0
-1.3707865
0.0
0.2521447
-0.0
-0.0
0.0
-0.12400891
-0.0
0.0
-0.1416137
-0.25234228
-0.0
-0.0
-0.0
0.0
0.0
-0.0
0.0
-0.0
-0.14901164
-0.14998798
0.2718652
0.0
0.17836103
-0.18066075
0.19706272
0.0
-0.0
0.15719427
-0.28474477
-0.0
0.0
-0.0
-0.0
0.0
-0.28077343
0.0
-0.0
0.0
-0.0
-0.0
-0.0
-0.0
0.0
0.0
-0.0
-0.0
-0.0
-0.0
-0.0
-0.0
0.0
0.0
-0.0
-0.0
-0.0
0.0
-0.0
0.0
0.0
0.0
0.0
-0.0
-0.0
0.0
0.0
-0.0
-0.0
0.0
0.0
-0.0
0.0
0.0
-0.30126598
0.0
0.0
0.39621013
-0.0
-0.45650265
0.0
-0.0
-0.0
0.0
0.0
-0.0
-0.0
0.0
0.0
0.0
0.0
-0.0
0.0
0.0
0.0
-0.0
-0.0
-0.81508595
0.0
-0.0
-0.0
-0.0
-0.0
0.0
-0.0
-0.0
0.0
0.0
0.0
-0.0
0.0
0.0
-0.57164174
0.0
-0.0
-0.0
-0.0
0.0
0.0
-0.0
-0.0
0.0
-0.0
-0.0
-0.0
-0.0
-0.0
0.0
-0.0
0.0
0.0
-0.0
-0.0
0.0
0.0
0.0
-0.75302
0.0
0.0
0.37585443
0.0
0.0
-0.0
0.0
0.0
-0.0
-0.0
-0.0
-0.4068302
0.7030749
0.0
-0.0
-0.0
0.0
-0.0
0.0
-0.0
0.0
0.0
-0.0
0.0
-0.5057797
0.0
-0.0
-0.0
0.0
-0.0
0.0
0.0
-0.0
-0.0
0.69971424
-0.0
0.0
0.30406436
-0.0
-0.0
0.0
0.0
-0.0
-0.5275154
0.0
-0.0
0.0
-0.0
-0.0
-0.0
-0.0
-0.0
0.0
-0.0
0.0
-0.0
-0.0
-0.0
0.0
0.0
0.0
-0.0
-0.0
0.0
-0.0
-0.0
0.0
-0.0
-0.0
-0.0
0.0
0.0
0.0
-0.0
-0.0
-0.0
-0.0
0.0
0.0
-0.0
0.0
-0.0
0.0
0.0
0.0
0.0
-0.0
0.0
0.0
-0.0
-0.0
0.0
-0.24797605
0.0
0.0
0.0
0.0
0.0
-0.08316511
0.0
0.0
0.0
-0.0
0.0
-0.0
-0.0
0.21440087
-0.0
-0.0
0.0
0.0
-0.0
0.0
0.0
0.0
-0.0
-0.0
0.0
-0.0
0.0
-0.108630165
0.0
0.0
-0.0
-0.0
0.0705427
-0.0
0.0
0.0
0.13574612
-0.09702582
0.0
0.1411553
0.0
-0.0
-0.0
-0.0
0.0
0.0
0.0
-0.0
0.0
-0.0
-0.0
-0.0
-0.0
-0.0
-0.0
0.0
-0.0
0.0
-0.0
0.0
0.0
0.0
-0.0
0.0
-0.0
0.0
0.0
-0.0
-0.0
0.0
0.0
-0.0
0.0
0.0
0.0
0.0
0.0
-0.0
0.0
-0.0
-0.0
0.0
-0.0
0.0
-0.0
-0.0
-0.0
0.0
0.0
-0.0
0.0
-0.0
-0.0
0.0
-0.0
0.0
-0.0
-0.0
-0.0
0.0
0.0
-0.0
0.0
-0.0
0.0
0.0
0.0
-0.0
-0.36729348
0.0
0.0
-0.0
-0.0
-0.0
-0.13147831
0.0
0.0
-0.0
0.0
0.0
0.0
-0.0
0.0
-0.0
-0.0
0.0
-0.0
0.0
-0.0
-0.0
0.506256
0.0
-0.0
-0.0
-0.0
0.0
0.0
-0.0
0.0
0.0
0.0
0.0
-0.0
-0.0
0.0
0.0
-0.0
0.0
0.0
-0.0
-0.0
0.0
0.35064852
0.0
0.0
-0.0
-0.0
-0.0
0.0
0.0
0.0
0.0
-0.0
-0.0
0.230595
0.20579994
0.0
0.0
0.0
-0.0
-0.0
-0.0
-0.0
-0.0
0.2876022
0.0
0.0
-0.0
-0.0
-0.0
-0.0
-0.0
0.0
-0.0
0.30756843
0.0
-0.0
-0.0
-0.0
-0.0
0.0
0.0
-0.0
0.0
-0.0
0.0
0.0
-0.0
-0.0
-0.0
0.0
-0.0
0.0
-0.0
0.0
-0.0
0.0
-0.0
-0.0
0.0
0.0
-0.0
0.0
0.0
0.0
0.0
0.0
0.0
0.0
0.0
0.0
0.0
-0.0
-0.0
-0.0
-0.0
0.0
1.161847
0.0
-0.0
-0.0
0.0
0.0
-0.0
-0.0
0.0
0.0
-0.0
-0.0
-0.0
-0.0
0.0
0.0
0.0
-0.0
-0.0
0.0
0.0
-0.0
0.0
-0.0
0.0
-0.0
0.0
-0.0
0.0
-0.0
0.0
-0.6936136
-0.0
-0.0
-0.0
0.0
-0.0
0.0
0.0
0.0
0.0
0.0
0.0
-0.0
0.0
-0.0
0.0
0.3982831
-0.35432684
0.0
0.0
-0.0
0.0
-0.0
-0.0
0.0
0.0
0.0
0.48849273
0.0
0.0
-0.0
-0.0
0.0
0.0
-0.0
0.0
-0.0
-0.0
0.0
-0.9017631
0.0
-0.0
0.0
-0.0
0.0
0.0
0.0
0.0
-0.0
0.0
-0.0
-0.0
-0.46820685
-0.0
0.0
-0.0
0.0
0.0
-0.0
0.0
0.0
-0.0
0.0
0.0
0.0
-0.0
-0.0
-0.0
0.0
-0.0
0.0
0.0
-0.0
-0.0
-0.0
-0.0
0.0
-0.0
-0.0
0.0
0.0
0.0
-0.0
0.0
-0.0
-0.0
-0.573312
-0.0
-0.0
0.0
-0.0
-0.0
0.0
-0.0
-0.0
-0.77217174
0.0
0.0
-0.36797327
0.0
-0.0
-0.0
0.0
-0.0
0.0
-0.0
-0.0
-0.0
-0.45348188
-0.0
-0.0
0.0
-0.0
-0.0
0.0
-0.0
-0.0
0.0
0.0
0.0
-0.0
0.0
0.0
0.0
-0.0
-0.0
0.0
-0.0
0.0
-0.0
-0.5557561
-0.0
-0.0
0.0
0.0
-0.0
-0.0
-0.0
0.0
-0.0
-0.0
0.0
0.0
0.0
0.0
0.0
0.0
-0.0
0.0
0.0
0.0
0.0
-0.0
-0.0
0.0
1.1356155
0.0
-0.0
-0.0
0.0
0.0
-0.0
-0.0
-0.0
0.0
0.0
-0.0
-0.0
-0.0
-0.0
-0.44949767
-0.0
-0.0
0.0
-0.0
0.0
0.0
-0.0
-0.7514159
0.0
-0.0
-0.0
0.0
-0.0
-0.0
-0.0
0.0
0.0
-0.0
-0.0
0.0
0.0
-0.41245583
-0.0
-0.0
0.20052259
0.0
0.0
-0.0
0.0
0.0
0.0
0.0
-0.0
0.0
0.0
0.0
0.0
-0.0
0.0
0.0
-0.0
0.0
0.0
-0.0
-0.0
-0.0
-0.0
0.0
-0.0
-0.0
-0.31799528
0.0
0.0
0.0
0.0
0.0
-0.12578475
-0.0
0.0
0.0
-0.0
0.0
-0.0
0.0
0.0
-0.095329106
0.0
0.12175144
0.11747847
-0.0
-0.0
0.0
0.13085607
-0.0
-0.0
0.0
-0.0
0.0
-0.0
0.0
0.0
0.0
-0.0
0.0
0.0
0.0
-0.0
0.0
-0.0
0.0
0.0
0.18385904
0.0
-0.0
-0.0
-0.0
0.0
0.12782067
-0.0
0.0
0.0
0.0
-0.0
0.0
-0.0
0.0
0.0
-0.0
0.0
-0.0
-0.0
0.0
0.15208079
-0.066633016
0.0
0.0
0.0
0.0
-0.0
0.0
0.0
-0.0
0.0
0.0
-0.0
-0.0
-0.0
0.0
0.0
-0.0
-0.0
0.042162247
-0.0
0.0
-0.0
0.10333564
-0.059334006
0.0
0.08994333
0.0
-0.0
0.0
-0.0
0.0
0.0
0.0
