2.340032
3.4251993
-0.2449174
3.0575333
1.3671808
-2.5022838
5.1926684
2.434537
2.6334605
0.17763507
5.0759654
-0.34792113
5.3016744
3.9387832
3.1559691
3.6125133
13.447278
0.19444859
1.4587281
5.726469
0.15561795
8.949626
1.2752541
1.7176771
8.139754
0.16581678
6.705291
6.475844
10.268194
-13.314412
6.0606933
6.605579
6.512329
2.6240203
-4.0071373
6.8091073
0.91556406
4.4206877
2.1106262
-0.003624916
-0.53638625
0.4066453
3.7257972
5.584016
-0.62696123
7.8247204
8.794292
0.34829903
8.114404
3.3348067
2.8271246
5.2825737
6.8325872
3.0437498
11.037429
5.0227013
5.72513
3.344088
-3.3340507
-3.432713
1.3425585
3.6130803
5.526683
-0.68791795
2.4773827
-5.199551
5.066515
3.7854683
-1.2774711
1.9319961
-10.475207
4.051857
-0.7054278
5.970868
7.571974
3.2203145
7.0315514
-0.14923024
1.6263583
15.022586
5.117067
8.761577
8.650729
2.0232239
3.5008113
2.2680588
3.5255728
-0.30535877
-9.676197
3.9294229
7.392214
2.5807
3.4990377
10.125894
2.1888888
1.9712112
