-0.19186479
0.31086683
-0.1187083
-0.063273765
1.614268
-1.544705
0.09529423
-1.4462324
1.3537042
0.2530208
-0.25817224
-0.13377766
-0.8765341
3.1497004
-1.2355707
0.3163952
-1.4093506
1.2481698
-0.06773062
-0.35143763
-0.32209763
-0.26790738
1.7840313
0.15611862
-0.17545976
-0.1553218
-0.24264628
0.11132858
0.7325171
0.14913933
-0.30693457
-1.1332604
-0.3922243
-0.056630094
0.18929654
-0.034177586
0.36028296
0.39990917
-0.040161774
-0.30638513
-3.332944
0.44775927
0.3335721
0.27749294
-0.26290396
-0.14031175
-0.07392255
-0.18756996
-0.047593232
-0.14962113
0.019954616
-0.1166781
-0.16178088
-0.8658715
0.080994934
0.09955532
-0.008883472
0.19998214
-0.7389837
-0.16771829
-0.089239135
-0.23955172
-0.23297629
-0.11764127
-0.005761502
0.068204485
-0.12622684
-0.41017237
-0.4312119
-0.025242735
-0.54349434
0.035020713
-0.591194
1.6819332
-0.43783468
1.9053406
-4.7305455
1.5869532
-0.3364186
1.201711
-0.3349505
-0.07453768
0.09817078
-0.084876396
-0.36186996
1.9196992
-1.4639649
-0.07555457
0.24465802
-0.17391726
-0.22473286
0.70155954
-0.060692165
0.6110989
1.406891
-1.167856
0.21362361
-0.9240952
-0.67077166
0.017761257
0.29229355
-0.5431968
0.63267225
0.6325843
-0.886021
0.23025544
0.15912646
-0.8041937
-0.8907494
1.585497
0.30535212
0.48908877
1.7661847
-2.0363467
1.8320462
-1.7428497
-0.5442761
0.34356028
-0.076204404
0.23378696
0.34066072
-2.6560032
0.0050026327
0.3394735
-0.55362487
0.27032146
-0.09564136
-0.7070025
-0.1635549
-0.56760925
-0.13928747
0.7712534
-0.07850878
0.8930819
0.6066259
-0.20785244
-0.033803795
0.09418076
-0.0877741
-1.4580137
2.6154358
-0.12582935
-0.58113116
0.42534193
0.03638982
0.06761506
0.1595101
0.10460318
-0.95012265
-0.00968535
0.089421935
-0.043337055
-0.20912527
0.06610329
-0.73400474
-0.501826
0.45662975
2.093253
0.584065
-0.4272334
-0.8946099
0.05366521
-0.17584397
0.2867707
0.33715156
0.28243074
-0.44703466
-0.3436182
0.30725694
-0.28748366
-0.24917622
-0.3518342
-0.07470835
-0.2611914
-0.54840016
2.3350036
-0.28688428
-0.41766804
0.3891999
-0.49870244
0.058954217
0.12404692
0.046142858
0.0017657104
0.9564054
0.07519244
-0.0035659836
-1.0834109
-0.24975365
0.08481976
1.5135834
0.18344507
-0.25766426
-0.08427123
-0.52597475
-0.18822049
-0.13397944
-0.3983851
0.18818776
-0.4327468
-0.25844216
-0.460872
0.850876
0.42204973
-0.24059598
0.2748617
0.034158643
-0.052271664
-0.331629
-0.04276254
0.18316548
1.5987235
0.4497896
-0.31410474
-1.0138692
-0.4765573
0.023704115
0.081162035
-0.1675097
-0.5470917
-0.3657529
-0.12785414
-0.049515232
-0.7207443
-0.021760974
0.2532972
0.609045
0.3123222
-0.85183877
-2.3801844
-0.886727
0.52969414
2.5191436
0.76868
-0.2073158
1.044772
-0.73391926
-1.1607351
-0.13666126
1.2732421
0.72987956
-1.0147408
0.13700852
-0.9370337
-0.11408643
1.1176825
-0.18196279
0.05400092
0.1588866
1.1134894
0.30235547
-1.2376218
0.048953187
0.14905855
-0.52597517
0.070381284
0.73314613
0.3542343
-0.28093103
0.053485703
0.24573362
-0.017911961
-0.35797265
-0.07577654
-0.28031087
1.8245897
0.04974147
-0.091689475
-0.03176199
-0.123982586
-0.39072052
-1.2632444
-0.103809424
-0.3183585
2.0499327
0.75616235
0.39852607
-0.78059524
-1.122199
0.4629328
-0.91245997
-0.072340615
-0.727453
-1.1526786
1.1079512
-0.2643558
0.76950485
0.95966357
-0.05407768
-0.019241927
-0.04607342
-0.9109054
1.3316633
-0.41953006
-0.1644434
0.36867687
-0.06414932
-0.057511635
0.5274629
-0.030829625
-0.7871535
0.24321514
0.795301
0.17798758
-0.7528624
-0.07825501
-0.13153037
-0.015069111
-0.2736388
-0.16029903
1.5353544
-0.10281494
-0.2499325
0.19370134
-0.0018594938
0.63191146
-0.2822991
0.647176
-0.46225497
-10.60602
-1.0960696
1.7388347
-2.5457158
0.8748484
-0.21535508
-0.1952235
0.23888385
1.5129267
-3.1442237
2.740686
0.5780903
-2.3504798
1.5064821
0.29583612
-0.20863162
-0.37415177
1.3634597
-0.40641442
-0.4660067
0.61351275
-0.3663796
-0.4223682
-0.18086448
-0.56213
-0.16776496
-0.108809926
-2.3742695
-1.1432463
0.15831678
3.3047898
0.77799416
0.040819835
-0.03823769
0.087749794
-0.11041958
-0.6136505
-0.20393829
0.0190997
-0.19193368
0.030670028
-0.0067026345
0.24869858
0.030396907
-0.33428425
-0.77509785
-1.0050529
-0.045792047
-0.007324806
-0.004886439
0.026023755
-0.89341193
-0.09271507
-0.44642588
2.1971269
-0.15447657
0.029236715
-0.8890791
0.07316841
0.029412555
-0.36321965
-0.10549669
-0.34407884
1.7767048
0.05861933
-0.054856326
-0.02902324
-0.18417864
0.014324256
-0.20538384
0.12011425
-0.3017691
2.2095196
-1.0677719
0.33652586
-1.9907539
0.9457931
-0.18575017
-0.47107184
-0.29502645
0.077331364
1.743908
0.26277956
-0.22317119
-0.3131299
-0.24045897
0.067209795
0.38182503
-0.42417872
0.46849447
0.72643566
-1.0572942
0.1609209
0.24757786
-0.88328147
-0.10198749
0.3279368
-0.15535805
0.36792174
-0.9330568
-0.34315416
-0.13651048
-0.25202292
-0.63465744
-0.13404328
0.19439366
-0.037253752
-0.76971924
1.1611675
-0.77030766
-0.22728674
0.547382
-0.2722341
-0.0923898
-0.21819635
0.27328512
-0.70017546
2.4500356
-1.1272317
-0.14575976
-0.30512094
0.3035676
-0.17523517
0.16991428
-0.07363053
-0.10344685
-1.4232575
-0.20132115
0.0039507225
1.3965167
0.19911835
0.14429522
-0.33465186
-0.019843923
0.76517177
-1.5080559
0.4769003
0.33815616
-0.4542137
0.07755821
0.24850388
-0.60989606
-0.40664038
-0.7253374
2.1942463
-0.58656234
-0.33553085
-0.5726365
0.033806074
0.042034034
0.24153242
-0.45130447
-1.1010712
-2.348129
-0.84838897
0.4315794
2.0748217
0.8903723
0.14258035
-1.4376955
1.3491083
0.7589261
0.59417963
-1.5838356
-0.7188554
0.90462756
0.021298552
-0.23327088
-0.45876974
-0.2530594
-0.29071122
2.1759002
0.22011779
-0.14489311
-0.26105374
-0.204726
0.57829005
-0.78663504
-0.17148727
-1.1296217
-0.25834334
1.2568437
0.11088558
1.0878516
-0.73792017
0.09649008
-0.3219951
-0.43660012
-0.5047263
1.1292137
0.55005187
-0.24555065
0.32349938
-0.004713628
-1.1103688
3.101492
-1.3054696
-0.39742184
0.44027445
0.22892687
0.9326694
-3.0149286
1.5593194
2619.4446
-4246.8057
1632.4446
1149.6904
-3538.216
1970.9247
-2396.8774
3809.672
-2066.595
0.49512956
0.047715537
-0.1950037
-0.36198694
-1.5402025
-0.90171826
-0.41141593
-0.11321339
0.61030024
0.84055394
-0.2698609
-1.731912
-3.704808
-5.1113844
10.548789
0.121461146
-0.6005588
1.0582259
0.03724818
-0.16862884
-0.059752677
0.22271296
-2.2692869
-0.39149386
0.17102104
-0.6298142
0.17100927
0.46817568
-1.1770148
-0.049526352
-1.2242326
3.7829509
-0.9434137
0.0111163985
-0.94138837
-0.40440187
0.04998898
-0.027793366
-0.004823366
0.12717833
-0.87817556
0.050705925
0.22972022
-0.34092724
0.1822184
0.2459858
-0.757402
-0.2924828
-0.8027106
1.640917
0.44516608
-0.5290357
0.36861652
0.114879526
-0.065189846
0.2705176
-0.4305727
0.11088793
1.2032304
0.41569915
-0.50643015
0.3907779
0.65351677
0.22936976
-0.3414394
-0.3959692
-0.43055207
0.6570232
0.49771985
-0.30604026
0.35774678
0.19758558
1.404435
0.24206837
2.014667
-1.8294754
-2.5693414
-2.70174
0.455105
-0.80205774
0.16678762
0.0026052971
-0.33357227
0.03856731
-0.3411434
1.4149871
0.031930923
-0.01388909
0.07360858
-0.016869074
-0.16400744
0.001322075
-0.052116096
-0.06556734
1.3982388
0.012566633
0.02920957
0.09653773
-0.2724749
0.13153684
-0.6719388
-0.661
-0.68175626
1.2918984
0.5850563
-0.5720739
0.7065805
0.094601125
0.13468677
-1.2316141
0.5983578
0.064962834
1.9010468
-1.612116
-0.14848122
0.13872899
0.019302871
-0.41604078
0.010508663
-0.15691826
-0.116150424
1.719594
0.176935
-0.13419773
0.14560735
-0.39429227
-0.329945
0.6477961
-0.42052165
-1.0364578
-0.77336514
2.4392042
0.6406835
-2.160317
0.9983357
0.09561705
0.04785662
-0.27712065
-0.040637296
0.7791804
-1.0605302
-0.13178237
0.4491708
-0.6432118
-0.11915556
-0.027198661
-0.107548304
0.3764349
-1.7879218
1.383112
-0.17279832
-0.018917272
0.1949676
-0.028132211
-0.10234757
-0.30655056
0.108488336
1.2125857
-0.024600592
-0.22003914
0.16575791
0.010438798
-0.08704778
0.111210965
0.11144801
-0.3999044
2.7524893
-1.9038469
0.40431967
-2.662739
1.9907488
-0.1207088
-0.5707094
-0.46246594
0.06354347
0.14934635
-0.22419736
0.27211145
0.6599489
0.21169177
-0.17063972
0.34344813
-0.09869607
-0.549603
1.1355205
-0.45866206
-0.25322247
0.6278704
-0.20561138
-0.13380581
0.2464416
0.015846457
-0.059502967
1.0485091
0.11423593
-0.03022727
-1.1088276
-0.30983263
0.05183991
0.09765376
-0.03926774
-0.107579514
-2.1427252
-0.5086367
-0.12251783
1.5900453
0.16837955
-0.117754616
0.31334236
0.16413784
0.2528631
-1.5914325
0.03639315
0.19803311
0.06549723
-0.026989007
2.2659805
-2.4253945
-1.4071858
-1.1019028
29.40128
-18.51745
-1.0288827
-21.337738
13.118018
0.68309206
-1.1880585
0.15500647
3.3417103
-1.6650486
-0.70320517
1.1881126
-1.3907608
0.15661311
6.0692625
-4.1417823
-0.7589805
-14.589927
49.140038
-20.245047
8.4007635
-24.101181
11.989816
0.007566612
0.16108872
-0.027073596
0.027628962
1.5160306
-0.17468435
-0.0062375376
-1.6421973
-0.08731563
-0.096383914
-0.8172852
1.0647854
0.014594853
-1.2756182
-0.0111407805
-0.123530544
1.3897872
-1.6386952
-0.058408063
-0.6874821
-0.10691916
-0.07781794
1.6252367
0.20243776
0.038074717
-0.60739505
-0.067180306
0.06683961
0.06549963
0.07007123
0.20367241
-1.2727209
0.10692593
0.05265705
-0.13561645
0.025840117
0.32941553
-0.46642038
-0.49494013
-0.59615445
0.90181583
0.5781032
-0.3868971
0.48249993
0.09719337
0.7125407
0.28955045
0.57663083
-0.8196478
-2.3000445
-1.288336
0.74824345
-0.4809844
0.6134208
0.0038774698
-0.4337599
-0.59031034
-0.5009069
0.705362
0.5396598
-0.5071898
0.49522224
0.40541926
-0.19583005
-0.8167844
-0.20572202
-0.17126727
1.1974758
-0.16203499
-0.009077432
0.51085347
-0.020384185
0.3366855
3.028937
0.79429126
-0.67711806
-1.5294418
-1.0349513
-0.016254969
-0.4962878
-0.08306727
0.792831
-2.4159768
1.2211195
0.06275032
-4.177566
5.706637
0.7762455
-2.6324708
1.8807417
