-0.13974422
3.433762
7.017333
1.9248779
5.3031693
4.403913
4.919526
4.9387784
10.051234
-0.16819993
0.36431515
0.74441034
-3.463853
7.591236
-1.5901432
-1.7591305
9.818283
-1.476206
10.321107
7.9763784
0.8189399
1.5102123
3.5646968
0.0015018396
6.042877
1.3920698
3.6547976
12.6863575
-0.7139071
6.5581317
2.4320378
-0.5599734
0.6379396
1.9540917
-0.7883558
76.12306
-2.480481
1.8722752
0.80189747
7.3267326
9.975114
0.1946812
3.911592
-0.15391123
8.570547
0.6790368
12.743248
0.31083786
-0.79037094
0.915836
0.9837755
3.2309728
1.1390059
-0.03219994
2.9403062
4.5251684
3.9605894
3.592465
0.4569559
7.265568
1.2678006
7.00702
11.486541
6.252972
1.0456312
-2.0094588
6.0858235
13.450341
-0.57010394
-1.46812
2.1945987
0.91541636
-0.09894025
-0.24837063
1.5818713
1.1484773
-0.6125048
-0.9617602
0.23551475
10.083979
1.1331332
2.4726157
17.898636
1.0971816
1.7058512
-27.461159
2.0070858
2.9625747
-0.4464327
10.841209
5.529065
6.076041
0.61948717
0.5991913
1.4144552
0.5083051
