-0.0
0.0
-0.0
0.0
0.0
0.0
-0.0
-0.0
-0.0
0.0
-0.0
0.0
-0.0
-0.0
-0.0
0.0
-0.0
0.0
0.0
-0.3482704
0.0
-0.0
-0.0
0.0
-0.0
0.0
-0.0
0.0
0.0
-0.0
-0.0
-0.0
0.4159027
-0.0
0.0
0.54296726
0.3680712
-0.0
0.0
0.0
-0.4319507
-0.0
-0.0
-0.0
0.0
0.0
0.0
0.49079785
-0.0
-0.0
0.0
0.3658607
-0.0
0.0
0.0
-0.0
-0.0
-0.0
0.0
0.0
0.0
-0.0
0.0
0.0
-0.0
0.0
-0.0
-0.0
0.0
-0.0
-0.0
-0.0
0.0
0.0
0.28276247
0.0
-0.0
0.0
0.0
-0.34852788
0.0
-0.0
0.0
-0.0
-0.0
-0.0
0.0
0.0
-0.0
0.0
-0.0
0.0
-0.0
0.0
-0.0
-0.0
-0.0
-0.0
0.0
0.0
-0.0
-0.0
-0.0
0.0
0.0
0.0
0.0
-0.0
0.0
-0.0
0.0
-0.0
-0.0
0.47830808
-0.0
-0.0
0.0
-0.0
-0.0
0.0
0.0
-0.0
-0.0
-0.0
0.0
-0.0
-0.0
0.0
0.0
-0.0
-0.0
-0.0
-0.0
-0.0
0.0
0.0
0.0
-0.0
-0.0
-0.0
-0.0
-0.0
-0.0
-0.0
-0.0
0.0
-0.0
0.0
0.0
-0.0
-0.0
-0.55656964
0.0
-0.0
0.0
-0.0
0.0
-0.0
0.0
-0.0
0.0
0.0
-0.0
-0.0
0.5941901
-0.0
0.0
0.0
0.0
0.0
-0.0
0.0
-0.0
0.0
0.0
-0.0
0.0
0.0
0.0
-0.0
-0.0
-0.0
-0.52293646
0.0
-0.0
0.0
0.0
0.0
0.0
-0.0
-0.0
0.0
-0.0
0.0
-0.0
0.27216467
0.0
0.0
-0.0
-0.0
0.0
-0.0
0.0
-0.0
-0.0
-0.0
0.0
-0.0
0.0
0.1563174
0.0
0.0
0.0
-0.3249914
0.0
-0.0
0.0
-0.0
0.21462846
0.0
-0.0
-0.4167422
0.28312948
-0.0
-0.0
-0.50233364
-0.33253556
0.0
-0.0
0.28499514
-0.0
-0.0
0.0
0.0
0.0
-0.0
-0.41297823
0.0
0.0
-0.0
-0.0
0.2788212
0.0
-0.0
0.0
0.0
-0.0
-0.30672148
0.0
0.0
0.0
0.4318442
0.0
0.0
0.0
-0.0
0.0
-0.0
0.0
-0.0
0.0
0.0
-0.0
0.0
0.0
0.0
0.0
-0.0
-0.3598196
0.0
-0.0
0.16669971
0.0
-0.0
-0.19196154
-0.0
-0.0
0.0
-0.31962872
0.12165011
-0.0
-0.0
-0.0
-0.0
0.0
-0.0
-0.0
-0.0
0.0
0.0
-0.0
-0.0
0.0
0.0
-0.0
-0.0
-0.0
0.0
-0.0
-0.8383203
0.0
0.0
-0.0
0.0
-0.0
-0.0
0.0
0.0
-0.38951084
-0.0
-0.0
0.0
0.0
-0.0
0.0
-0.0
-0.0
-0.0
0.0
1.0682021
0.0
-0.0
0.0
-0.0
-0.0
0.0
-0.0
-0.0
0.0
0.0
0.0
-0.0
-0.0
0.6048762
0.0
0.0
-0.0
-0.7987382
-0.0
-0.0
-0.0
0.0
0.0
0.0
-0.0
0.0
-0.0
-0.0
-0.0
-0.0
0.0
-0.0
0.0
0.0
-0.0
-0.0
0.0
-0.0
0.0
-0.46018702
-0.0
1.2438246
-0.0
-0.0
0.0
0.0
-0.0
-0.0
0.0
0.0
-0.0
-0.0
0.0
-0.0
0.0
-0.0
0.0
0.0
-0.0
0.0
0.0
-0.0
-0.0
-0.0
0.0
0.0
0.0
0.0
0.0
0.0
-0.0
-0.0
0.0
-0.0
0.0
0.0
-0.0
0.0
0.0
0.0
0.0
-0.0
0.0
-0.0
0.0
0.0
-0.0
-0.0
0.0
-0.38421023
0.0
-0.0
-0.0
0.0
-0.0
0.0
0.0
0.0
-0.0
-0.0
0.0
0.0
-0.6426314
0.0
0.0
-0.0
-0.0
0.0
-0.0
0.0
-0.0
0.0
0.0
-0.0
0.0
0.0
-0.0
-0.0
-0.0
-0.0
-0.0
0.0
-0.0
-0.0
-0.0
-0.0
-0.27795935
-0.0
0.0
-0.0
0.0
-0.0
-0.0
-0.0
-0.0
-0.0
0.0
-0.0
0.0
-0.0
0.0
0.0
-0.0
-0.0
0.0
0.0
0.0
-0.0
0.30792904
0.0
0.0
-0.0
0.0
0.0
0.0
-0.0
-0.0
-0.0
0.48733604
-0.40363708
-0.0
-0.0
-0.0
-0.0
-0.0
-0.0
0.0
0.0
0.0
0.0
0.0
0.0
-0.0
0.0
0.0
-0.0
0.0
0.0
-0.0
0.0
0.0
0.0
0.0
0.0
-0.0
0.0
0.0
0.0
-0.0
-0.0
0.0
-0.0
-0.0
0.0
-0.0
-0.0
-0.0
-0.0
0.0
0.0
0.289903
0.0
0.0
-0.0
-0.0
-0.0
0.0
-0.0
0.0
0.0
-0.0
-0.0
0.0
-0.0
-0.0
0.0
-0.0
0.0
-0.0
0.0
-0.0
-0.34648246
0.0
-0.0
-0.0
-0.0
-0.0
-0.0
-0.0
0.0
0.0
0.0
-0.0
-0.0
-0.0
-0.0
-0.0
0.0
0.0
-0.0
-0.0
0.0
-0.0
0.0
-0.0
-0.0
-0.0
0.0
0.0
0.0
0.0
-0.0
-0.0
-0.0
0.0
-0.0
-0.0
-0.0
-0.0
0.0
0.68199885
-0.0
-0.0
-0.0
-0.0
-0.270108
0.0
0.0
0.0
-0.37517488
-0.0
-0.0
-0.0
0.0
0.0
-0.2332884
0.0
-0.0
0.0
-0.0
0.0
-0.0
-0.0
-0.0
-0.0
-0.0
0.0
-0.0
-0.30297032
0.0
0.0
-0.4748485
-0.0
0.0
-0.0
-0.0
-0.0
0.0
0.36566713
-0.0
0.0
-0.0
0.0
-0.28275377
0.0
-0.0
0.0
0.0
0.0
0.0
-0.0
-0.0
0.0
-0.0
0.0
0.0
-0.0
-0.0
0.0
0.0
-0.0
0.0
-0.0
-0.0
-0.0
0.0
-0.0
-0.0
0.0
-0.0
-0.0
-0.27337041
-0.0
-0.0
0.0
0.0
0.0
-0.0
0.0
-0.0
0.0
-0.0
-0.0
-0.0
-0.0
-0.0
0.0
0.6672414
0.0
0.0
-0.0
-0.0
-0.0
-0.0
0.17439559
-0.0
0.0
0.0
0.0
0.0
0.4905798
0.0
-0.0
-0.0
-0.0
0.0
-0.0
-0.0
0.0
-0.0
-0.0
0.0
0.0
-0.0
0.0
0.0
0.0
0.0
0.0
-0.0
-0.0
0.0
-0.0
-0.0
0.0
-0.0
-0.0
-0.0
-0.0
-0.12551016
0.0
-0.0
-0.0
-0.31035024
-0.0
-0.0
0.0
0.0
0.0
-0.0
0.0
-0.0
-0.0
-0.0
-0.0
0.0
0.36184728
-0.0
-0.0
0.0
-0.0
-0.0
0.0
-0.26781848
0.30303365
0.44809937
0.0
-0.0
0.0
-0.0
-0.0
-0.0
-0.0
0.0
-0.0
-0.0
-0.0
0.0
-0.0
-0.0
-0.0
0.23786733
-0.0
-0.0
-0.0
-0.0
0.0
0.0
-0.0
0.0
-0.0
0.0
-0.0
0.0
0.0
-0.0
0.0
-0.0
0.0
0.0
-0.19875234
-0.0
-0.0
-0.0
0.0
0.0
-0.5061894
0.0
-0.0
0.0
0.0
-0.0
-0.0
-0.0
-0.0
0.0
-0.0
0.0
-0.0
0.18494625
0.0
0.0
-0.0
-0.21112423
-0.0
0.0
-0.0
-0.0
-0.0
-0.0
-0.0
-0.0
-0.0
-0.0
-0.0
-0.0
0.0
-0.0
-0.0
0.0
-0.37411842
-0.0
-0.20000316
-0.0
0.0
-0.0
0.0
0.0
-0.0
0.28253582
0.0
-0.0
-0.0
-0.0
0.0
0.0
-0.0
0.0
0.0
-0.0
-0.53190905
0.33497447
-0.0
0.0
0.0
0.0
0.0
-0.0
-0.0
0.0
0.0
0.0
-0.0
0.0
0.0
-0.0
-0.0
0.0
0.0
-0.0
0.0
-0.0
0.0
0.0
0.0
0.0
-0.0
-0.92821926
0.0
0.0
-0.0
-0.0
-0.0
0.0
-0.0
-0.0
0.0
-0.0
-0.0
0.0
0.0
-0.0
0.0
-0.0
0.0
-0.0
0.0
-0.0
0.0
0.0
0.0
-0.0
-0.0
0.0
0.0
0.0
0.0
-0.0
-0.0
-0.0
-0.0
0.0
-0.0
0.0
0.0
0.0
-0.0
0.0
0.0
-0.10149419
-0.0
0.0
0.0
0.093473986
0.0
0.0
-0.30620557
0.0
-0.0
0.0
0.0
-0.0
-0.0
-0.0
-0.0
0.0
-0.0
0.0
0.17305687
-0.0
-0.13405494
0.0
0.0
0.0
0.0
0.0
0.0
0.22479476
0.0
0.0
0.0
-0.08236559
-0.09114895
-0.0
-0.0
0.0
0.0
-0.0
0.0
-0.0
0.0
-0.0
0.0
-0.0
0.0
-0.0
-0.0
-0.0
-0.0
0.0
-0.0
0.0
-0.0
-0.0
-0.0
-0.0
0.0
-0.0
0.0
-0.0
0.0
-0.0
-0.0
0.23946333
-0.0
0.0
0.0
-0.0
0.0
0.0
0.0
-0.0
0.0
-0.0
-0.45856535
0.0
-0.0
-0.27398723
0.0
0.0
0.0
-0.27320623
-0.0
-0.0
-0.0
-0.0
-0.29757714
0.0
0.0
0.28614303
-0.0
-0.0
-0.0
0.24381705
0.0
-0.4305366
0.0
0.39780158
0.0
0.0
0.0
0.0
0.0
-0.0
-0.5091509
-0.0
0.0
-0.2081546
0.0
0.34875605
0.0
0.0
0.0
0.0
-0.0
0.0
0.0
-0.0
0.0
0.0
-0.0
-0.0
-0.0
0.0
-0.0
0.0
0.0
0.0
-0.38304758
-0.30923352
-0.0
-0.0
-0.0
-0.0
-0.0
-0.30820024
0.25005016
0.0
-0.0
0.0
-0.0
0.0
0.382927
-0.0
-0.0
0.0
-0.24591205
0.0
0.22888371
-0.0
0.0
0.0
0.0
-0.0
0.0
0.0
0.16373137
0.0
0.22658515
0.0
0.0
-0.0
0.0
0.0
-0.0
-0.27402094
-0.0
-0.0
0.0
-0.0
0.0
-0.21971253
-0.0
0.0
-0.0
0.0
0.0
-0.0
0.0
-0.0
0.0
-0.0
0.0
-0.0
0.0
-0.0
-0.0
0.0
-0.2782128
0.0
0.0
-0.46258536
-0.0
0.0
0.0
-0.0
0.18492202
-0.0
-0.0
-0.0
0.0
-0.0
-0.0
-0.65678084
-0.0
0.0
-0.24449515
-0.0
0.0
0.0
0.0
-0.0
-0.0
0.0
0.0
-0.0
-0.0
-0.0
0.0
-0.0
0.0
0.0
0.0
0.0
0.0
0.0
0.0
-0.0
-0.0
-0.0
0.0
-0.36903
0.0
-0.0
0.0
-0.0
-0.0
0.0
-0.0
-0.0
-0.0
-0.0
-0.0
-0.0
0.0
-0.0
0.0
-0.0
0.0
0.0
0.0
-0.0
0.0
-0.0
-0.0
0.0
-0.0
0.0
0.0
1.0728374
0.0
-0.0
0.0
-0.0
-0.0
-0.0
-0.0
-0.0
0.0
-0.0
-0.0
0.0
-0.0
-0.0
-0.0
-0.0
0.8228571
-0.0
-0.0
0.0
0.0
0.0
0.0
0.0
0.0
0.67277026
0.0
-0.0
-0.0
0.0
0.0
-0.0
-0.0
0.0
0.0
-0.0
0.0
0.0
-0.0
-0.0
0.0
-0.0
-0.0
0.0
-0.0
-0.0
-0.0
0.0
-0.0
0.0
-0.0
0.0
-0.0
-0.0
0.0
-0.0
-0.0
-0.0
-0.0
0.0
-0.0
-0.0
0.0
-0.0
0.40424278
-0.0
-0.0
0.0
-0.44142872
0.0
-0.0
0.0
0.0
-0.0
-0.0
0.0
0.0
0.0
0.0
0.0
-0.0
0.0
0.0
-0.0
-0.0
-0.0
0.0
-0.0
0.0
-0.0
-0.0
0.0
0.0
0.0
-0.0
0.0
-0.0
0.0
0.0
-0.0
0.0
-0.0
-0.0
-0.0
0.0
0.0
0.0
-0.0
0.0
0.0
-0.0
-0.0
-0.0
0.0
-0.0
0.0
0.0
-1.270126
0.0
-0.0
0.0
-0.0
0.0
-0.0
-0.0
-0.0
0.0
0.0
-0.0
0.0
0.0
0.0
0.0
0.0
-0.0
-0.0
0.0
-0.0
0.0
0.0
-0.0
0.0
-0.0
-0.0
0.0
-0.0
0.0
-0.0
-0.0
-0.644172
-0.0
0.0
0.0
0.0
-0.0
-0.0
0.0
-0.0
-0.0
-0.0
-0.0
0.0
0.0
-0.0
0.0
0.0
-0.0
0.0
-0.0
-0.0
0.0
-0.0
0.0
-0.0
-0.0
0.0
-0.0
0.0
0.0
-0.0
0.0
-0.0
-0.0
0.0
-0.0
0.0
0.0
0.0
-0.0
0.0
0.0
0.0
-0.3932297
0.0
-0.0
0.22270381
0.0
-0.0
0.0
0.3145048
0.0
0.0
0.0
-0.1790881
0.0
-0.0
0.0
-0.1363527
-0.0
-0.25011727
-0.0
-0.1727124
-0.0
0.0
-0.0
-0.0
-0.16808484
0.251492
0.0
-0.0
-0.0
-0.2572936
-0.0
0.0
-0.0
0.16984878
-0.0
-0.0
0.0
0.20930128
0.0
0.0
-0.0
0.0
0.0
0.0
0.0
0.0
-0.0
-0.21632162
0.57831275
0.0
0.0
-0.0
-0.0
0.0
-0.25778335
0.0
-0.0
-0.0
0.0
0.0
0.0
-0.0
0.16795596
0.0
0.0
-0.0
-0.0
0.0
0.0
0.0
0.0
0.0
0.0
-0.0
0.0
-0.0
-0.19173102
-0.0
-0.23450385
-0.0
-0.0
0.0
0.0
-0.0
0.0
0.433397
-0.27507022
-0.2356608
-0.0
-0.0
-0.0
-0.0
-0.0
-0.0
0.0
-0.21485826
0.24810414
-0.21504745
-0.0
-0.0
0.0
-0.0
0.0
-0.0
0.18861863
0.0
-0.0
0.0
0.0
-0.2106905
0.0
-0.43693563
0.1883926
0.0
-0.0
-0.1993184
0.16058253
0.0
-0.0
-0.0
-0.0
0.0
0.47154865
0.0
-0.0
0.0
-0.0
-0.0
-0.0
-0.0
-0.17924647
0.0
-0.0
-0.0
-0.0
-0.0
-0.0
-0.0
-0.0
0.0
-0.0
-0.0
0.13956437
-0.0
0.0
0.0
-0.0
-0.0
0.0
-0.0
0.3730701
-0.0
0.0
0.0
0.0
0.0
-0.0
0.43124148
-0.0
-0.0
-0.36057553
-0.0
0.0
0.0
-0.33327445
-0.0
0.0
0.0
-0.0
-0.15949032
0.0
-0.0
-0.0
0.0
0.20570944
0.0
-0.0
0.34114048
0.0
0.0
0.0
0.0
-0.0
-0.0
0.0
-0.0
0.0
-0.0
0.0
0.0
-0.0
-0.0
0.5065378
0.0
0.0
0.0
-0.0
0.0
0.0
0.0
-0.0
-0.0
-0.0
0.0
-0.0
0.0
-0.0
-0.0
-0.0
-0.0
0.0
0.36668706
0.0
0.0
-0.0
-0.0
-0.0
0.0
0.0
-0.0
-0.0
0.0
-0.3038996
0.0
0.0
-0.23914906
-0.2043333
-0.0
-0.0
0.0
-0.0
-0.0
-0.0
-0.0
0.0
0.0
-0.0
0.0
0.0
0.0
-0.0
-0.0
-0.0
0.0
-0.0
-0.0
0.548722
0.81485206
0.0
0.0
-0.0
-0.0
-0.0
0.0
-0.0
-0.0
0.0
0.0
0.0
-0.0
-0.0
-0.0
-0.0
-0.31642205
-0.0
-0.0
-0.0
0.0
0.2989159
-0.0
0.0
-0.0
-0.0
-0.0
-0.0
-0.0
-0.0
0.0
-0.27778655
0.3394304
-0.0
0.0
0.0
-0.0
0.0
-0.0
-0.0
-0.0
-0.0
0.0
0.0
0.0
-0.0
-0.0
-0.0
0.0
0.0
-0.0
-0.0
-0.0
0.0
0.0
0.0
0.0
0.0
0.0
-0.0
0.0
-0.0
0.0
-0.0
-0.0
0.0
0.0
0.0
0.0
0.0
0.0
-0.0
-0.5841048
-0.53377026
-0.0
-0.0
-0.0
-0.0
0.0
0.0
0.0
0.0
0.0
0.0
-0.0
0.0
-0.0
0.0
0.0
0.0
0.0
0.0
-0.0
0.0
0.0
0.0
0.0
0.0
-0.0
0.0
0.0
-0.0
-0.0
0.0
0.0
0.0
0.0
0.0
0.0
0.0
0.0
-0.0
0.0
-0.0
0.0
0.0
0.0
0.0
-0.0
-0.0
-0.0
0.0
0.0
0.0
0.0
0.0
0.0
-0.0
-0.0
-0.0
0.0
0.27367884
-0.0
0.0
0.0
-0.0
0.0
0.35968357
-0.0
-0.0
-0.0
-0.0
-0.0
0.0
-0.0
0.0
-0.223761
-0.0
-0.0
-0.0
0.34692162
0.0
-0.0
-0.0
0.0
-0.0
-0.22316808
-0.0
0.0
-0.0
0.0
-0.0
-0.0
-0.5164875
0.0
-0.0
0.0
0.0
-0.0
-0.0
-0.0
-0.0
-0.0
0.0
-0.0
0.0
0.0
-0.2210809
0.0
-0.0
0.0
-0.0
-0.0
0.0
-0.0
-0.0
-0.0
0.0
-0.0
-0.0
0.0
0.20848273
0.0
-0.0
0.0
0.0
-0.35403877
0.0
-0.54376376
0.0
-0.0
0.0
0.0
-0.0
0.0
0.0
-0.0
-0.0
0.0
-0.0
0.0
0.0
-0.0
0.0
-0.0
-0.30450854
0.0
-0.25531662
-0.7104055
0.0
-0.0
-0.0
0.0
-0.0
-0.0
0.0
0.0
-0.0
-0.0
-0.40188408
0.46648163
0.0
0.0
0.0
0.0
0.0
-0.0
-0.0
0.0
-0.0
-0.12339794
-0.0
-0.0
0.0
-0.0
0.0
-0.0
-0.0
-0.0
-0.0
0.0
-0.0
-0.0
-0.0
-0.08907252
-0.0
-0.0
-0.0
-0.0
-0.0
0.08341001
-0.0
-0.0
0.0
-0.0
0.0
-0.0
0.3864723
0.0
0.0
-0.0
-0.0
-0.0
-0.0
-0.0
-0.0
-0.0
0.0
0.10060191
0.0
-0.0
0.0
-0.0
-0.0
-0.0
0.0
0.0
-0.0
-0.0
-0.0
0.0
-0.0
0.0
-0.09894759
-0.0
-0.0
-0.0
-0.09400638
-0.0
0.0
-0.10108496
-0.0
-0.0
-0.0
0.0
-0.0
0.0
-0.0
0.0
-0.0
0.0
-0.0
-0.109478205
-0.0
-0.0
0.0
-0.0
-0.0
-0.0
-0.0
0.0
-0.0
0.0
0.0
0.0
-0.0
-0.0
-0.0
0.0
0.0
0.0
-0.0
-0.0
0.0
0.0
-0.0
-0.0
0.0
-0.0
-0.0
0.0
-0.0
-0.0
-0.0
0.0
-0.0
0.0
-0.73764807
0.0
0.0
0.0
-0.0
0.0
-0.0
0.0
0.0
-0.0
0.0
-0.0
-0.0
0.31866866
-0.0
0.0
-0.0
-0.0
0.0
-0.0
-0.0
0.0
0.59950453
0.0
0.0
0.0
-0.0
0.0
-0.0
0.0
-0.0
-0.0
0.0
-0.0
-0.0
0.0
-0.0
0.0
-0.0
0.0
-0.0
-0.0
-0.0
-0.0
0.0
0.0
-0.0
0.0
-0.0
0.0
0.0
0.42108595
-0.0
-0.0
0.0
0.0
-0.0
-0.0
-0.0
0.0
-0.5682579
0.0
0.0
0.0
0.0
-0.0
0.0
0.0
-0.0
-0.0
0.0
0.0
0.0
0.0
-0.0
-0.0
-0.0
0.0
0.58316195
0.0
0.0
-0.0
0.0
-0.0
0.11892539
-0.0
0.0
-0.0
-0.0
0.0
0.0
-0.25443923
-0.0
0.0
-0.0
0.0
-0.40740967
-0.0
-0.0
0.0
-0.0
0.0
-0.0
0.0
0.0
-0.0
0.0
0.0
0.0
-0.0
-0.0
-0.0
-0.0
-0.0
0.0
-0.0
-0.0
-0.0
0.0
0.0
-0.0
0.0
0.0
-0.0
0.0
-0.38855168
-0.0
-0.0
-0.0
-0.0
0.0
0.0
0.39348367
0.0
0.0
0.0
0.0
-0.0
0.0
0.0
-0.0
0.0
-0.0
-0.0
-0.0
-0.0
0.0
-0.0
-0.0
0.0
-0.0
-0.0
0.0
-0.0
-0.0
-0.0
-0.6385692
-0.0
-0.0
-0.0
0.0
0.0
0.0
-0.0
0.0
-0.0
-0.0
0.0
0.24789535
0.0
-0.0
0.36766583
0.0
0.0
0.0
0.0
-0.0
-0.0
0.0
0.73878187
-0.0
0.0
0.0
0.0
0.0
-0.0
0.0
0.0
-0.0
0.0
0.0
0.0
0.0
0.0
0.0
-0.0
-0.0
0.0
0.0
0.0
0.27161857
-0.0
0.0
0.0
-0.0
-0.0
0.0
0.0
-0.5268814
0.0
-0.0
-0.0
-0.0
0.0
0.38585806
0.0
0.0
0.0
0.0
0.0
-0.0
0.0
-0.0
-0.0
0.0
-0.0
0.0
0.22722913
0.38355938
-0.1801999
0.0
-0.0
-0.0
-0.0
0.29293606
0.0
-0.0
-0.0
0.0
0.0
-0.0
0.0
0.18027218
0.24290983
0.0
0.0
0.0
0.20325333
-0.0
0.0
0.0
-0.0
0.0
-0.0
0.0
-0.36427125
0.0
-0.0
-0.0
-0.0
0.0
0.0
-0.0
-0.0
-0.0
0.0
-0.0
0.0
0.0
-0.0
-0.61198944
0.0
-0.0
0.0
0.0
0.0
0.0
-0.0
0.0
0.0
0.0
-0.20004588
0.0
-0.0
-0.0
-0.19120519
-0.0
-0.19690274
-0.22312866
-0.0
-0.0
0.0
0.0
0.0
-0.18682663
0.0
0.0
0.0
-0.0
-0.25657135
-0.0
0.0
-0.0
0.3300742
0.0
-0.0
-0.0
0.0
-0.0
-0.0
0.0
0.16296779
0.0
0.2902908
0.0
0.0
-0.0
-0.17996646
0.0
-0.0
-0.0
-0.0
-0.0
0.0
-0.23370825
-0.0
0.0
-0.0
0.0
0.0
0.0
0.0
0.0
-0.0
-0.0
-0.0
-0.0
0.19463043
0.0
0.0
0.0
-0.0
0.0
0.0
-0.0
-0.0
-0.0
-0.0
-0.4011556
-0.0
0.0
0.0
-0.0
0.0
-0.0
0.2630375
-0.0
-0.0
-0.0
0.0
0.28458697
-0.15651232
-0.0
-0.20728776
-0.0
0.0
0.0
0.0
-0.0
0.0
-0.0
-0.0
0.0
-0.0
0.0
-0.19806255
0.0
0.0
-0.122244604
0.0
-0.0
-0.14317891
-0.0
0.0
0.0
-0.0
0.0
-0.0
-0.0
-0.0
-0.0
0.0
0.0
0.0
-0.0
0.0
0.0
-0.6132149
-0.30160138
-0.0
-0.0
0.0
0.0
0.0
-0.0
-0.0
0.0
-0.0
-0.0
-0.0
-0.0
0.0
0.0
-0.0
-0.0
-0.0
-0.0
0.0
0.0
0.34229285
0.2029292
0.0
0.0
0.0
-0.0
0.0
0.0
-0.0
0.0
0.0
0.0
0.0
0.0
0.0
0.0
0.0
0.0
-0.22210193
-0.13457428
-0.0
0.0
0.0
-0.0
-0.0
0.0
0.0
-0.0
-0.0
0.0
0.0
-0.0
-0.0
-0.0
0.0
-0.0
0.0
0.0
0.0
-0.0
0.0
-1.4307085
0.0
-0.0
-0.0
-0.0
0.0
-0.0
-0.0
-0.0
0.0
0.0
0.0
0.0
0.0
-0.0
-0.0
-0.0
-0.0
0.0
0.0
0.0
-0.0
0.0
0.0
-0.0
-0.0
-0.0
-0.0
0.0
-0.0
-0.0
0.0
-0.0
-0.0
0.0
0.0
0.0
-0.0
-0.0
-0.42121893
1.2571425
0.0
0.0
-0.0
0.0
0.0
-0.0
-0.0
-0.0
-0.0
-0.0
0.0
0.0
-0.0
-0.0
-0.0
0.0
-0.0
-0.0
0.0
-0.0
0.0
0.0
-0.0
0.46608448
-0.0
0.0
0.0
0.0
-0.0
0.0
-0.0
0.0
-0.0
0.0
0.0
0.0
-0.0
0.0
0.0
0.0
-0.0
-0.0
-0.0
-0.0
-0.0
0.0
-0.0
0.0
-0.0
-0.0
0.0
-0.24003768
0.0
-0.0
-0.19662435
0.0
0.0
-0.0
-0.0
-0.0
-0.0
-0.0
0.44778228
0.0
-0.0
0.0
0.0
0.0
0.42467558
0.0
-0.0
-0.0
0.0
-0.0
-0.0
0.0
-0.0
0.0
-0.0
0.0
-0.0
-0.20217499
-0.0
-0.0
-0.0
-0.0
0.0
-0.0
0.667875
0.5778948
0.15473409
-0.0
-0.0
-0.41244906
-0.0
-0.0
-0.0
-0.0
0.0
-0.0
0.0
0.0
-0.0
0.0
0.0
0.0
0.0
-0.0
0.0
0.0
-0.27748948
0.28473145
0.0
0.0
-0.0
-0.0
-0.0
-0.0
0.0
-0.0
-0.0
-0.0
-0.0
-0.0
-0.0
-0.0
0.0
-0.0
0.0
0.0
-0.0
0.0
0.0
-0.0
-0.0
-0.0
0.0
0.0
-0.0
-0.0
-0.54860854
-0.0
-0.0
0.0
0.0
-0.0
-0.0
-0.18930048
-0.0
0.0
-0.0
0.0
-0.0
-0.0
-0.0
0.0
-0.0
0.0
-0.0
0.0
0.0
0.0
0.0
-0.0
-0.0
0.0
-0.0
-0.0
-0.0
-0.0
-0.80898017
0.0
-0.8662713
-0.0
-0.29250133
-0.0
0.0
-0.0
0.0
-0.23122251
-0.0
-0.0
-0.0
-0.0
0.0
-0.41839737
0.0
0.0
-0.0
0.0
0.0
-0.0
0.0
-0.0
0.0
0.0
0.46935195
0.0
-0.0
0.0
-0.0
0.0
0.0
0.0
-0.0
-0.0
-0.38265768
-0.0
0.0
-0.0
-0.0
0.0
-0.0
-0.0
-0.27163523
0.0
-0.0
-0.0
0.0
-0.0
-0.0
-0.0
0.0
0.0
0.35553962
0.0
-0.0
0.0
0.0
-0.42136154
0.0
-0.0
-0.0
-0.0
0.34956425
0.0
0.0
0.0
0.0
-0.40590975
-0.43201718
0.0
0.0
-0.0
0.0
-0.0
0.0
0.5972275
-0.0
0.0
0.0
-0.0
-0.0
-0.0
-0.0
-0.0
0.0
-0.0
-0.0
-0.0
-0.0
-0.0
-0.0
0.51327926
0.0
-0.0
0.0
0.0
0.0
-0.0
0.0
-0.0
0.0
0.0
0.0
0.0
0.0
-0.0
0.27439466
-0.0
-0.0
0.0
0.0
0.0
-0.0
0.0
-0.0
1.0764563
0.0
-0.0
-0.0
0.0
0.0
-0.0
-0.0
-0.0
0.0
-0.0
-0.0
0.0
-0.0
0.0
0.0
-0.0
-0.48508072
-0.0
-0.0
-0.0
0.0
-0.0
0.0
0.5671016
0.0
-0.0
0.0
0.0
0.0
0.0
0.0
0.28102526
0.0
-0.0
0.0
-0.0
0.0
0.0
-0.0
0.0
-0.0
-0.0
0.0
-0.0
-0.0
-0.0
-0.0
0.0
0.0
-0.0
-0.0
-0.0
0.0
-0.36181828
0.0
0.0
0.0
0.0
-0.0
0.0
0.0
-0.0
0.0
0.0
-0.0
0.0
0.0
-0.0
-0.0
-0.0
-0.0
-0.0
-0.0
0.0
0.0
-0.0
-0.6432775
-0.296815
0.78492194
-0.0
-0.0
-0.0
-0.0
-0.0
-0.5280985
-0.0
-0.0
-0.0
-0.0
-0.0
-0.0
0.0
-0.0
0.24338952
0.0
0.0
-0.0
0.0
0.0
0.0
-0.0
-0.0
0.0
0.0
-0.0
-0.0
-0.0
0.0
-0.0
-0.0
-0.0
0.0
-0.0
-0.0
0.0
0.0
-0.0
-0.0
0.48294562
-0.0
0.0
0.5699733
-0.0
-0.0
0.0
-0.0
-0.0
0.0
0.3787489
0.0
-0.0
0.6141085
0.0
0.0
-0.0
-0.0
-0.0
-0.0
0.0
-0.0
0.0
-0.0
-0.0
0.0
-0.0
0.0
0.0
0.35221234
-0.30944902
-0.0
-0.0
0.0
0.0
0.0
0.0
-0.0
0.0
-0.0
0.0
0.0
-0.0
0.0
-0.0
0.0
-0.24584958
-0.0
0.0
-0.0
-0.0
0.0
-0.0
0.0
0.0
-0.0
-0.2938703
0.0
-0.0
-0.28654015
-0.40680677
-0.36466897
-0.0
-0.0
-0.22800209
-0.0
-0.0
0.0
-0.0
0.0
-0.0
0.1869143
0.0
0.0
-0.0
-0.24710912
-0.1561843
0.0
0.0
-0.0
-0.0
-0.0
-0.35351315
0.0
-0.0
-0.0
-0.0
-0.0
0.0
-0.0
0.0
0.0
-0.0
-0.0
-0.0
0.0
0.0
-0.0
-0.0
0.0
-0.0
0.0
0.20235041
-0.29180256
-0.0
0.0
-0.4914614
0.0
0.0
-0.32295004
0.0
0.0
0.0
-0.0
0.0
0.0
0.0
-0.0
-0.0
-0.0
0.0
0.0
-0.0
-0.0
1.3562641
0.0
0.0
-0.0
0.0
0.0
0.0
0.0
-0.0
-0.4012347
0.0
0.0
0.0
0.0
-0.0
0.0
0.0
-0.0
0.0
-0.0
0.0
-0.0
-0.0
-0.0
0.0
-0.0
-0.0
0.0
-0.0
0.0
0.0
-0.0
-0.0
-0.0
-0.0
0.0
0.0
0.0
0.3710182
0.0
-0.0
-0.34821573
-0.0
-0.0
-0.0
0.0
-0.0
-0.0
0.0
0.0
0.0
0.0
-0.0
0.0
-0.0
-0.0
0.0
0.0
-0.0
0.0
0.0
-0.0
-0.0
-0.0
0.0
-0.0
-0.0
-0.0
0.0
-0.0
-0.0
-0.0
-0.0
0.0
0.0
-0.0
-0.0
0.0
-0.0
-0.0
-0.0
0.0
-0.0
-0.0
-0.0
0.0
-0.0
-0.0
-0.0
-0.0
-0.0
-0.0
0.0
0.0
0.0
0.0
-0.0
-0.56975496
0.2535708
0.0
-0.0
-0.0
-0.0
-0.0
-0.0
-0.0
-0.0
0.0
0.0
-0.35549936
0.0
-0.0
0.0
-0.0
-0.0
-0.0
0.0
0.0
0.39288983
-0.0
-0.0
-0.0
-0.0
0.0
0.0
0.0
-0.0
0.0
-0.0
-0.0
0.0
0.0
-0.0
0.0
0.5811566
-0.0
0.0
-0.0
-0.0
-0.0
0.0
0.0
0.0
-0.0
0.46052366
-0.0
0.0
0.0
-0.0
0.0
-0.0
0.0
-0.0
0.0
-0.0
0.0
-0.0
-0.0
-0.0
-0.0
0.0
0.0
0.0
0.0
0.0
-0.0
0.0
-0.0
-0.0
-0.0
-0.0
0.0
-0.3354037
-0.0
0.0
0.0
0.48955432
-0.0
-0.0
-0.0
0.0
0.0
-0.0
0.5750804
0.0
-0.0
0.0
0.0
-0.0
0.0
0.0
-0.0
0.0
0.0
-0.0
-0.0
-0.0
-0.0
-0.0
0.0
-0.2217273
0.0
-0.34448674
-0.0
0.0
-0.0
-0.0
0.0
0.0
0.0
0.3089958
0.0
0.0
0.0
-0.0
-0.0
0.30596313
0.0
0.37283564
-0.0
0.0
-0.0
-0.0
-0.0
-0.0
0.0
-0.0
-0.0
-0.0
0.25736168
0.0
0.43126082
-0.0
-0.60970837
0.0
-0.26766568
-0.18981063
0.0
-0.0
-0.0
-0.0
-0.0
-0.0
0.0
-0.0
0.31398407
-0.0
-0.0
-0.0
-0.0
0.0
-0.0
-0.0
0.0
-0.3424926
0.0
0.0
0.0
0.0
-0.0
0.0
-0.19471966
-0.0
-0.0
-0.0
-0.0
-0.0
-0.21766362
0.0
-0.0
0.0
-0.0
-0.0
0.0
0.0
-0.0
-0.0
0.0
0.2214692
0.0
-0.3796797
-0.0
-0.0
-0.0
0.0
0.37707898
-0.0
0.0
-0.0
-0.614775
0.0
0.0
0.0
-0.0
-0.0
0.0
-0.0
-0.0
-0.0
0.0
0.0
-0.28592664
-0.0
-0.0
0.0
0.0
0.0
0.0
0.0
-0.0
0.32893223
0.0
-0.0
0.0
0.0
-0.0
0.0
0.35473785
-0.0
0.0
0.0
0.0
0.0
-0.0
-0.0
0.0
0.44138387
0.0
0.0
0.0
-0.0
-0.68052477
0.0
0.0
-0.0
0.0
0.26881665
-0.0
0.0
-0.0
-0.0
-0.0
-0.0
0.0
0.0
0.0
-0.0
-0.0
0.0
-0.0
-0.0
-0.0
0.0
0.0
0.0
-0.0
-0.0
0.0
0.0
-0.0
-0.0
0.0
-0.0
-0.0
-0.0
-0.0
0.0
0.0
0.0
0.0
-0.0
0.0
-0.0
0.0
0.0
-0.0
-0.0
-0.0
0.0
0.0
-0.0
-0.0
0.0
0.0
0.0
0.0
-0.0
-0.0
-0.0
-0.0
0.0
-0.0
0.0
0.0
0.0
-0.0
-0.0
-0.0
-0.0
0.0
-0.0
-0.0
0.0
0.7347367
-0.0
0.31924987
0.0
-0.0
-0.0
-0.0
-0.0
0.0
-0.0
-0.0
0.0
0.0
-0.0
-0.0
-0.0
-0.0
-0.0
0.0
0.0
0.0
-0.0
-0.0
-0.0
-0.0
0.0
0.0
-0.0
-0.0
-0.0
-0.0
0.0
-0.0
-0.0
-0.0
-0.0
0.50379497
0.0
-0.0
0.0
-0.0
0.0
-0.40391445
-0.0
0.0
0.0
0.0
0.0
0.0
0.0
-0.0
0.8559923
0.0
-0.0
0.0
-0.0
0.0
0.0
-0.0
0.0
0.0
0.0
0.0
0.0
-0.0
0.0
-0.0
-0.0
-0.0
-0.0
-0.5007398
-0.0
0.0
-0.0
-0.0
0.0
-0.0
-0.0
-0.0
0.0
0.0
-0.0
0.0
0.0
-0.0
0.0
0.0
-0.0
-0.0
-0.0
0.0
-0.0
-0.0
-0.0
-0.0
0.0
-0.0
-0.0
0.0
0.0
0.0
-0.0
0.0
0.0
0.0
0.0
0.0
0.0
-0.0
-0.0
-0.0
0.0
0.0
-0.0
0.0
-0.0
0.0
-0.0
-0.0
0.0
-0.0
0.0
0.0
-0.0
-0.0
0.0
-0.0
-0.0
-0.0
0.0
-0.0
-0.0
0.0
0.0
-0.0
0.0
-0.0
-0.0
-0.0
-0.0
-0.0
0.0
0.0
0.0
-0.0
-0.0
-0.0
0.0
0.0
-0.0
0.0
0.0
0.0
0.0
0.0
-0.0
-0.0
-0.0
0.0
0.0
0.0
0.0
-0.0
0.0
0.0
0.0
0.0
0.0
-0.0
0.0
-0.0
-0.0
0.0
0.0
0.2651059
-0.0
-0.0
0.0
0.0
0.5400563
0.0
0.0
0.0
0.0
-0.0
-0.0
0.3557606
0.0
0.0
-0.0
-0.0
-0.0
0.0
0.0
-0.0
0.0
-0.5426534
0.0
0.0
-0.0
-0.0
-0.0
-0.0
0.0
0.0
-0.0
-0.0
-0.0
-0.0
-0.0
-0.0
0.0
-0.0
0.0
-0.0
-0.0
-0.0
0.0
0.0
0.0
0.0
0.0
0.0
0.0
-0.42822725
-0.0
0.0
-0.0
-0.0
-0.0
-0.0
0.0
-0.0
-0.0
-0.0
-0.0
-0.0
-0.0
0.0
0.0
-0.0
-0.31632444
0.0
0.0
0.0
-0.0
0.0
0.0
0.0
-0.0
0.0
0.0
-0.0
-0.0
0.0
-0.0
0.0
-0.0
-0.0
0.0
-0.0
-0.44194144
0.0
0.0
-0.0
0.0
0.0
0.0
-0.0
-0.0
-0.0
0.0
-0.0
-0.0
-0.0
0.0
-0.0
-0.0
0.0
-0.0
-0.0
0.0
-0.0
-0.0
-0.0
-0.0
0.0
0.0
-0.0
0.0
0.0
-0.0
-0.0
-0.0
-0.0
0.0
0.22463362
0.0
0.0
-0.0
-0.0
0.0
0.0
-0.0
-0.0
-0.0
0.0
0.16530842
0.0
0.0
-0.0
0.0
-0.15736878
-0.0
0.0
-0.0
0.0
0.0
-0.0
0.2724885
-0.0
-0.0
-0.0
-0.0
0.0
0.0
0.0
-0.0
0.0
-0.0
-0.0
0.0
0.0
0.0
0.0
0.0
-0.0
-0.0
-0.0
0.0
-0.21970971
-0.0
-0.0
0.0
0.0
0.0
-0.0
0.0
0.0
-0.0
0.19758047
-0.0
-0.0
-0.0
0.0
0.0
-0.0
-0.20180795
0.0
0.0
-0.0
0.0
0.0
0.0
0.0
-0.0
-0.0
-0.0
-0.0
0.0
0.0
0.0
0.0
0.0
0.0
-0.0
0.0
-0.0
-0.0
0.0
-0.0
-0.0
0.0
-0.0
0.0
0.0
0.0
0.0
0.0
0.0
0.0
-0.0
0.27800894
0.20557116
-0.0
-0.0
0.0
0.0
0.0
0.0
0.0
0.0
0.0
-0.0
0.0
-0.0
0.0
0.0
-0.0
-0.0
0.0
0.0
0.0
0.0
0.0
0.0
-0.0
-0.0
-0.0
-0.0
-0.0
-0.0
0.0
0.0
0.0
-0.0
0.0
0.0
-0.0
0.19814026
-0.0
0.0
-0.0
0.0
0.0
0.0
-0.0
0.0
0.0
-0.0
0.0
-0.0
0.0
-0.0
0.0
0.0
0.25993213
-0.0
0.0
-0.0
0.0
0.0
0.0
-0.0
0.0
-0.0
-0.0
0.0
-0.0
-0.0
0.0
-0.0
0.0
-0.0
-0.0
-0.0
-0.3485859
-0.0
0.0
-0.0
0.21926793
-0.0
-0.0
-0.0
0.0
0.0
0.0
-0.0
-0.0
0.0
0.28937832
0.0
0.23578455
0.0
-0.0
-0.0
0.0
-0.0
0.36754516
0.0
-0.0
-0.0
0.0
-0.19303663
-0.0
0.0
-0.0
0.0
-0.0
-0.0
-0.0
-0.0
-0.0
-0.0
0.0
-0.46399134
0.0
-0.0
-0.0
-0.74350667
-0.0
0.0
-0.0
-0.0
0.0
0.0
-0.0
-0.0
-0.0
0.0
0.0
-0.0
-0.0
0.0
-0.29557264
-0.0
0.0
-0.0
-0.0
-0.0
0.20345505
0.36458525
0.0
-0.0
0.59658545
-0.48045588
0.0
0.0
0.0
0.0
-0.0
-0.0
0.0
-0.0
0.0
-0.0
0.0
0.0
0.0
0.0
-0.0
0.0
-0.0
-0.35259885
-0.0
0.0
0.0
-0.0
0.0
0.0
0.0
0.0
0.0
0.0
0.0
0.0
0.0
-0.0
-0.3308566
0.0
0.0
0.0
0.0
0.0
-0.0
0.0
0.0
-0.0
0.0
0.0
-0.0
-0.0
0.0
0.0
0.0
0.0
-0.0
0.0
-0.0
0.0
-0.0
-0.0
-0.0
-0.0
-0.0
0.0
0.5075024
0.0
0.0
0.0
-0.3286514
-0.0
-0.0
-0.0
-0.0
0.0
0.0
-0.0
0.0
-0.0
0.44169766
0.0
-0.0
-0.0
-0.0
0.0
-0.0
-0.0
0.0
0.0
0.0
-0.0
0.0
0.0
-0.0
0.0
0.0
0.0
-0.0
0.0
-0.0
-0.0
-0.0
-0.0
0.0
0.0
0.0
0.0
0.0
0.0
0.0
0.0
0.0
-0.0
0.0
-0.0
-0.0
0.0
0.0
-0.0
0.0
-0.0
0.0
-0.0
-0.0
-0.0
0.0
-0.0
-0.0
-0.0
0.0
-0.0
-0.2897184
-0.0
-0.19348292
-0.0
-0.2083193
-0.0
0.0
-0.0
-0.0
0.0
0.0
-0.0
0.0
0.0
0.0
0.0
-0.0
-0.0
0.38807592
0.151708
-0.0
-0.22585411
0.0
0.0
0.0
0.0
-0.0
-0.0
-0.0
-0.0
-0.0
0.0
0.0
-0.0
0.0
0.0
-0.0
0.0
0.0
-0.0
0.0
0.0
-0.0
0.0
0.22425312
-0.0
-0.0
0.0
-0.0
-0.0
-0.0
-0.0
0.14995065
-0.0
0.0
0.1738537
0.0
-0.0
-0.0
-0.1508133
-0.0
0.22189325
-0.0
0.23949146
0.0
-0.0
0.1737804
-0.0
0.0
0.0
-0.0
0.0
0.1168533
-0.0
0.0
-0.0
0.0
0.0
0.0
-0.0
0.0
0.0
0.0
0.0
0.0
0.0
0.27419057
-0.0
-0.0
-0.0
-0.0
-0.0
-0.0
0.0
0.0
0.0
-0.0
-0.0
0.0
-0.0
0.0
0.0
-0.0
-0.0
-0.0
-0.0
-0.0
0.0
0.0
-0.0
-0.0
-0.0
0.0
-0.0
-0.0
0.0
-0.0
-0.0
-0.0
0.0
0.0
-0.0
0.0
0.0
0.0
-0.0
-0.0
-0.0
-0.0
0.45512855
0.0
-0.0
0.0
0.0
0.0
-0.0
0.0
0.13067628
-0.0
0.40949053
0.0
-0.0
-0.0
0.0
-0.0
-0.0
0.0
0.0
-0.0
-0.0
0.0
-0.0
-0.0
-0.0
0.0
0.0
-0.0
-0.0
-0.0
0.0
-0.0
-0.0
0.0
0.49802408
0.0
-0.0
0.0
0.0
0.0
-0.0
-0.0
0.0
0.0
0.23814617
0.0
0.0
0.0
-0.0
0.0
-0.0
-0.0
-0.0
-0.0
0.0
-0.0
-0.0
-0.0
0.0
-0.0
0.0
-0.0
-0.0
-0.0
-0.0
-0.0
-0.0
-0.28470066
-0.0
0.0
0.0
-0.0
0.0
-0.0
-0.0
-0.48990083
-0.0
0.0
0.0
0.0
-0.0
-0.0
0.0
-0.0
-0.0
-0.0
-0.0
0.0
0.0
-0.0
-0.0
-0.0
0.0
-0.0
-0.0
-0.0
-0.0
0.0
0.0
0.0
0.0
-0.0
-0.0
-0.0
0.0
0.0
-0.0
-0.0
0.0
-0.0
0.0
0.0
0.0
-0.0
0.0
-0.0
-0.0
-0.33624643
-0.0
0.8235872
0.0
0.0
-0.0
0.0
0.0
0.0
0.0
0.0
0.0
-0.0
-0.0
-0.0
0.0
-0.0
-0.0
0.0
-0.0
-0.0
-0.0
-0.0
-0.0
-0.0
-0.0
-0.724843
-0.0
-0.40764707
-0.8798833
0.0
-0.0
-0.0
-0.0
-0.0
-0.0
-0.0
0.0
-0.0
-0.0
-0.0
-0.0
-0.0
-0.0
0.0
-0.0
-0.0
-0.0
-0.0
0.0
-0.0
-0.0
-0.6082718
0.0
-0.5309905
0.0
-0.0
-0.0
0.0
-0.0
-0.0
-0.0
0.0
0.0
0.0
-0.0
0.0
-0.0
-0.0
0.20649906
-0.0
-0.0
-0.0
0.0
-0.0
0.0
-0.0
0.0
-0.0
0.0
0.0
-0.0
0.0
0.0
-0.0
-0.0
0.0
0.0
0.0
-0.0
0.0
-0.0
0.0
-0.0
0.27344453
-0.0
0.5579084
0.0
0.5259061
-0.0
0.0
-0.0
-0.2583481
-0.0
-0.0
0.0
-0.0
-0.0
0.0
0.0
0.0
0.0
0.36347127
-0.0
-0.0
-0.0
0.0
0.0
0.3088593
-0.0
0.0
0.0
-0.0
0.0
-0.3125091
-0.33277917
-0.0
-0.0
0.0
-0.0
0.0
0.0
0.0
0.0
0.0
0.0
-0.0
0.0
0.0
0.0
0.0
-0.0
0.0
-0.0
0.0
0.0
-0.0
-0.0
0.0
0.0
0.0
0.0
-0.0
0.0
0.0
0.47130695
-0.0
-0.65281343
0.0
0.0
-0.0
0.0
-0.0
-0.26452896
0.0
-0.0
0.0
-0.0
0.0
-0.0
-0.0
0.0
-0.0
0.0
0.0
-0.0
-0.0
-0.0
-0.0
-0.0
0.0
-0.0
-0.0
0.0
-0.0
0.0
0.0
-0.0
0.0
0.0
0.0
0.0
-0.0
-0.0
-0.0
-0.40038434
0.3590579
0.0
0.0
0.0
0.0
-0.0
-0.0
-0.0
-0.0
-0.0
0.0
-0.0
0.0
-0.0
-0.81140447
0.0
-0.0
0.0
-0.0
0.33034727
-0.0
0.0
-0.0
-0.0
0.0
-0.0
-0.0
0.0
0.0
-0.0
-0.0
0.0
-0.0
-0.0
-0.0
-0.0
0.0
-0.0
0.0
-0.0
-0.0
0.0
-0.0
0.0
-0.0
0.0
-0.0
0.0
0.0
-0.0
-0.0
0.0
-0.0
-0.0
-0.0
-0.0
-0.0
0.0
0.0
0.0
0.0
0.0
-0.0
-0.0
-0.0
-0.0
0.0
0.31452072
0.27922317
-0.0
-0.0
-0.0
-0.0
0.0
-0.0
0.0
-0.0
0.0
-0.0
-0.0
0.0
0.0
0.0
-0.0
0.0
-0.0
-0.0
0.0
-0.0
-0.33382377
0.0
-0.0
0.0
0.0
0.0
-0.0
-0.0
0.0
-0.0
0.0
0.0
0.0
0.0
-0.0
-0.0
-0.0
0.0
0.0
0.0
0.0
0.0
0.0
-0.0
-0.0
0.0
0.0
0.0
-0.0
0.0
-0.0
-0.0
0.0
-0.0
0.0
0.0
-0.0
0.0
-0.0
0.0
-0.0
0.0
-0.0
-0.32085562
-0.0
0.0
-0.0
0.0
0.0
0.0
0.3484881
0.0
-0.0
-0.0
-0.0
0.0
-0.0
0.0
0.0
-0.0
0.0
0.30337438
0.0
0.0
-0.0
0.0
0.0
0.0
-0.0
0.0
-0.0
0.32786873
0.67393804
0.0
-0.0
-0.0
-0.0
0.0
-0.0
0.0
-0.0
-0.0
0.0
0.0
0.0
0.0
0.0
0.0
-0.0
-0.0
0.0
-0.0
-0.0
-0.0
0.0
-0.0
0.0
-0.0
0.0
-0.0
-0.0
-0.0
-0.0
0.0
0.0
0.0
-0.0
0.0
0.0
0.0
-0.6215741
0.0
-0.0
-0.0
0.0
0.0
0.0
0.0
-0.0
-0.29896727
0.0
-0.0
0.0
-0.0
-0.0
0.0
0.0
-0.0
-0.0
0.0
-0.23734488
0.0
-0.0
0.0
0.0
-0.0
0.0
0.0
0.0
0.0
-0.0
-0.0
0.4194137
0.0
0.23231235
0.0
0.41615194
-0.0
-0.0
0.0
0.0
0.0
0.0
-0.0
0.0
0.0
-0.0
0.0
-0.0
-0.0
-0.0
0.0
0.0
0.21895246
-0.0
-0.0
0.29295766
0.14010112
0.16093427
0.0
0.6440515
-0.0
0.0
-0.0
-0.18409468
0.23913695
0.4387047
0.0
0.18943384
0.0
-0.0
0.12290827
0.0
-0.0
-0.0
-0.0
0.0
0.0
0.0
0.0
-0.0
-0.0
-0.21511051
0.0
0.0
-0.0
-0.0
-0.0
-0.2572177
-0.0
-0.0
0.0
-0.0
0.0
-0.0
0.0
0.0
-0.0
-0.0
0.0
-0.0
-0.0
-0.0
0.0
-0.0
0.0
0.0
0.0
0.0
0.0
0.0
0.0
-0.0
0.0
-0.0
0.0
-0.0
0.0
0.0
0.0
-0.0
-0.0
-0.0
0.0
-0.0
-0.0
0.0
0.0
0.0
0.0
-0.0
0.0
0.0
-0.0
-0.0
0.0
-0.0
0.0
0.0
0.0
-0.0
0.0
0.0
-0.0
0.0
-0.0
0.0
0.0
0.0
-0.0
-0.0
0.0
-0.0
-0.0
0.0
0.0
0.0
-0.0
-0.0
-0.0
0.0
0.0
-0.0
0.0
-0.0
-0.0
-0.0
-0.0
0.0
-0.0
-0.0
-0.0
0.99804896
-0.0
0.0
-0.0
0.0
0.0
0.0
0.0
0.0
-0.0
-0.0
-0.0
-0.0
-0.36565402
-0.0
-0.0
0.0
-0.0
-0.0
-0.0
-0.35807702
-0.0
-0.0
-0.0
0.0
0.0
-0.0
0.0
0.0
0.0
-0.0
-0.0
0.0
-0.0
0.0
-0.0
-0.0
-0.0
-0.0
0.0
0.0
-0.0
-0.0
-0.0
-0.0
-0.0
-0.0
-0.0
0.46672645
0.0
0.0
-0.0
-0.0
-0.0
-0.0
0.22828847
-0.2576956
0.0
0.0
-0.0
0.0
-0.0
0.0
0.0
0.0
0.45074522
0.0
-0.0
-0.0
0.0
-0.0
0.0
-0.0
0.0
0.24102339
0.39930117
-0.0
0.0
0.0
0.0
0.0
-0.0
-0.0
0.0
-0.0
0.0
-0.0
0.0
0.25195757
0.0
0.0
0.0
-0.0
0.0
-0.0
0.0
0.23340236
-0.0
-0.0
-0.0
-0.0
0.0
0.0
-0.0
-0.0
-0.0
0.0
0.0
0.0
-0.0
-0.25164562
-0.0
0.0
0.1610829
0.0
0.0
-0.0
-0.22417015
-0.0
0.0
-0.0
0.0
0.0
0.0
-0.0
0.0
0.0
0.0
0.0
0.0
0.0
-0.0
0.0
0.0
-0.0
0.0
0.0
0.0
0.0
0.0
-0.0
0.0
0.0
-0.0
-0.0
-0.0
-0.0
-0.0
0.0
0.0
-0.0
-0.0
-0.0
-0.0
0.0
-0.0
0.0
0.0
0.50402975
-0.0
0.0
0.0
-0.45307383
0.0
0.0
0.0
-0.0
0.0
0.0
-0.0
0.0
0.0
-0.0
0.0
-0.0
-0.0
0.0
0.0
0.0
0.0
-0.0
0.0
0.0
-0.0
0.0
-0.0
-0.3015825
-0.0
0.0
-0.0
-0.0
0.0
0.0
-0.0
-0.0
0.0
-0.0
-0.0
-0.0
-0.5861244
0.0
-0.0
-0.0
-0.0
0.0
0.0
0.0
-0.0
0.0
0.0
0.0
0.0
0.0
0.0
-0.0
0.0
0.0
-0.0
0.0
-0.0
0.0
0.0
0.0
0.8224803
-0.0
0.27457455
0.0
0.0
-0.0
-0.0
-0.0
-0.41353032
0.0
0.0
0.0
0.0
-0.0
-0.0
0.0
-0.0
-0.0
-0.0
-0.41454875
-0.0
-0.0
0.0
-0.0
-0.0
-0.0
-0.0
-0.0
-0.0
-0.0
0.0
-0.0
0.0
0.0
0.0
0.0
0.0
0.0
0.19208291
0.50781256
0.0
-0.0
0.0
0.0
0.0
-0.0
0.0
-0.0
0.0
-0.4630739
0.0
-0.0
-0.67057437
0.0
0.0
0.0
-0.0
0.0
0.0
0.0
0.0
0.54073334
-0.0
0.0
0.0
0.0
0.0
-0.0
0.0
-0.0
-0.0
0.0
0.22063622
0.0
-0.0
0.0
-0.0
-0.0
-0.17158777
-0.4100765
0.0
0.0
-0.0
0.0
0.0
0.0
0.2520205
0.0
0.0
-0.0
-0.0
-0.0
0.6517587
0.0
-0.0
-0.0
0.0
0.0
-0.0
0.0
-0.0
0.0
0.0
-0.0
0.0
-0.0
0.0
0.0
0.0
-0.0
-0.0
0.0
0.11366487
0.0
0.0
-0.0
-0.0
-0.0
-0.0
-0.0
-0.0
0.0
-0.0
-0.0
-0.0
0.0
0.0
-0.0
0.13523158
-0.0
0.0
-0.0
-0.0
-0.0
-0.0
-0.0
0.0
0.0
-0.0
-0.0
-0.2642498
-0.0
-0.0
-0.0
0.0
0.0
0.0
0.0
-0.0
0.0
-0.0
-0.0
0.0
0.0
-0.0
-0.0
0.0
0.0
0.0
0.0
-0.0
0.0
0.35891846
-0.0
0.0
0.0
-0.0
0.0
-0.0
0.0
0.16412152
-0.0
0.099428706
0.0
-0.14816888
-0.24419065
0.0
-0.0
-0.13719961
-0.0
0.0
0.0
-0.17649272
-0.0
-0.0
-0.0
0.0
-0.0
-0.0
-0.0
0.0
-0.0
-0.17210463
-0.0
-0.0
0.25274596
-0.14190724
-0.0
0.13741873
0.0
-0.0
-0.0
0.0
0.0
-0.0
0.0
-0.0
0.0
-0.0
-0.0
0.0
0.0
-0.0
0.0
-0.0
0.0
-0.0
-0.0
-0.0
-0.0
-0.0
0.0
-0.0
0.0
-0.0
0.0
0.0
0.0
0.0
-0.0
-0.0
-0.0
0.0
-0.0
-0.0
0.0
-0.0
0.0
-0.0
-0.0
0.46235138
-0.0
0.0
-0.0
-0.0
0.0
0.0
-0.0
-0.0
-0.0
-0.0
-0.0
0.0
0.0
0.0
0.0
0.0
0.0
0.0
-0.0
-0.0
-0.0
0.0
-0.0
-0.0
-0.0
0.0
0.0
0.0
-0.0
0.0
-0.0
-0.0
0.0
0.0
-0.0
0.0
0.0
-0.0
-0.0
0.0
-0.0
-0.0
0.0
0.0
0.0
0.47640404
0.0
-0.0
0.0
-0.0
0.0
0.0
-0.0
-0.0
0.0
-0.7785127
-0.3948879
-0.0
-0.0
0.0
0.0
-0.0
-0.0
0.0
0.0
0.0
0.0
0.0
0.0
-0.0
0.0
0.0
0.0
0.0
0.0
-0.0
0.0
0.0
-0.0
-0.0
0.0
0.0
-0.0
-0.0
-0.0
0.0
-0.6875348
-0.0
-0.0
0.0
0.0
0.35263902
0.0
0.0
0.0
0.0
0.0
-0.0
-0.0
-0.0
-0.0
0.0
-0.0
0.0
0.0
0.0
-0.0
0.0
0.217263
-0.0
0.0
0.0
-0.0
0.0
-0.0
0.0
-0.0
0.0
-0.0
0.0
0.0
0.0
0.0
-0.0
-0.0
-0.27119026
-0.0
-0.0
-0.0
-0.0
0.0
0.0
0.1669737
0.44340476
-0.0
0.0
0.19454245
0.0
-0.0
-0.7122842
0.0
-0.0
-0.0
0.0
-0.0
0.0
0.0
-0.0
-0.0
-0.0
-0.0
-0.0
-0.0
-0.0
-0.0
0.5771837
-0.20276356
0.0
-0.0
-0.0
-0.0
0.0
-0.0
-0.0
-0.0
-0.0
0.0
0.0
-0.0
0.0
-0.0
-0.0
0.0
0.0
-0.0
-0.0
-0.39779612
-0.0
0.0
-0.0
-0.0
0.0
0.0
-0.28370637
-0.0
-0.0
-0.0
-0.0
0.0
0.0
0.0
-0.0
0.0
-0.3527065
-0.0
-0.48897317
0.0
0.3329613
-0.0
-0.0
-0.0
-0.0
-0.56701094
0.0
-0.0
-0.0
0.0
0.0
-0.0
-0.0
-0.0
-0.0
0.0
0.0
0.34859267
0.25113693
0.0
0.0
0.0
-0.0
-0.0
-0.0
0.0
-0.0
-0.0
-0.0
0.0
0.0
0.0
0.0
0.0
-0.0
-0.2905232
0.0
0.0
0.0
0.0
0.0
-0.0
-0.40137786
-0.0
-0.41648448
0.0
-0.0
-0.0
0.0
-0.0
0.0
-0.0
-0.0
0.0
-0.0
0.0
-0.0
-0.0
-0.0
-0.0
0.32195908
-0.0
-0.0
0.0
-0.0
0.0
0.0
-0.0
-0.0
-0.0
0.27720702
0.0
0.0
-0.0
-0.0
0.0
0.0
-0.0
-0.0
-0.0
0.0
0.0
-0.0
-0.0
-0.0
0.0
-0.0
-0.0
0.0
-0.7612621
-0.0
-0.0
-0.0
-0.0
-0.0
-0.0
-0.0
0.0
-0.0
-0.0
-0.0
-0.0
0.0
0.0
0.0
0.0
-0.0
-0.0
0.5481695
-0.0
0.0
-0.0
-0.0
0.0
0.0
0.0
0.0
-0.0
-0.0
0.0
0.0
-0.0
0.0
-0.0
-0.0
-0.0
-0.0
-0.0
-0.0
0.0
-0.0
0.0
-0.0
-0.0
-0.0
0.0
-0.0
-0.0
-0.3025541
-0.0
-0.0
0.0
0.2506651
-0.3031752
0.0
0.44580498
0.0
0.0
0.0
-0.0
0.0
0.0
-0.0
0.0
0.8470547
0.0
-0.0
0.0
0.0
0.0
-0.0
0.0
0.0
-0.0
0.0
0.0
0.0
-0.0
0.33966178
0.0
1.3566829
0.0
0.0
-0.0
-0.0
0.0
0.0
0.0
0.0
-0.0
-0.0
-0.0
0.0
-0.0
0.0
0.0
-0.0
-0.0
0.0
0.0
-0.0
0.0
0.0
0.0
-0.0
0.0
0.0
0.0
0.0
0.0
-0.0
-0.0
-0.0
-0.0
0.0
0.0
-0.0
-0.0
-0.0
0.0
0.0
0.0
-0.0
0.0
0.0
0.0
0.0
0.0
-0.0
0.0
-0.0
-0.0
0.0
-0.0
0.0
0.0
-0.0
0.0
-0.0
0.0
0.0
0.0
0.0
0.0
-0.0
0.0
0.0
-0.0
-0.0
0.0
-0.0
0.0
-0.0
-0.0
-0.0
-0.0
0.0
-0.0
-0.0
-0.0
-0.0
0.0
0.0
0.19377726
0.0
0.0
0.0
-0.0
-0.0
-0.0
0.0
-0.0
-0.0
-0.0
0.0
0.0
-0.0
-0.0
0.0
-0.0
-0.0
0.2055227
-0.0
-0.38654423
0.0
0.0
-0.0
0.0
-0.2775865
-0.46560887
-0.0
-0.0
-0.0
-0.0
0.0
0.0
-0.3776251
0.0
0.0
-0.0
0.0
-0.0
-0.30756864
-0.0
0.0
0.15121607
0.0
0.0
0.0
0.0
-0.0
0.0
0.0
0.0
0.0
0.0
0.0
0.0
0.0
-0.0
0.0
-0.0
0.0
0.0
0.0
0.0
0.0
-0.14223433
-0.0
-0.0
0.0
-0.0
-0.0
-0.0
-0.0
-0.13703632
-0.5131872
0.0
0.0
-0.0
0.0
-0.0
-0.18733582
-0.0
-0.0
-0.0
0.0
-0.0
0.0
0.0
0.0
-0.0
-0.28007612
-0.0
-0.0
0.0
0.0
0.0
0.0
-0.0
-0.0
0.0
-0.0
-0.0
0.21916716
-0.0
-0.0
-0.2963084
-0.0
0.0
0.0
0.0
0.0
0.23934045
0.0
-0.0
0.36066315
0.26698056
0.22202565
0.33055
-0.0
-0.0
-0.0
-0.25939357
-0.0
-0.3043829
-0.0
-0.28120062
-0.0
0.19410773
-0.0
0.0
0.0
0.0
-0.57366246
0.0
0.0
-0.0
0.0
-0.0
-0.0
0.0
-0.0
0.0
0.0
-0.38168672
0.0
0.0
-0.0
-0.0
-0.0
0.0
0.0
0.0
-0.0
0.0
0.0
0.0
-0.4625405
-0.38856855
0.0
0.0
-0.35396168
0.0
-0.0
0.0
0.0
0.0
0.24519221
-0.0
0.0
-0.0
0.3238556
-0.0
-0.0
-0.0
0.33306673
0.0
0.22019155
0.0
0.0
-0.0
0.0
-0.0
0.0
-0.0
-0.0
0.0
0.0
0.0
-0.0
-0.0
-0.0
0.0
-0.0
-0.0
0.0
0.0
-0.0
-0.0
0.0
-0.0
0.0
0.0
-1.4416378
-0.0
0.0
0.0
0.0
0.0
-0.0
-0.0
0.0
0.0
-0.0
-0.0
0.0
-0.0
0.0
0.0
0.0
0.0
0.0
0.0
-0.0
-0.0
-0.0
0.0
-0.0
0.0
0.0
-0.0
0.0
-0.0
0.0
-0.0
0.0
0.0
-0.0
0.0
-0.0
0.0
0.0
-0.0
-0.0
-0.0
-0.0
-0.0
-0.0
-0.0
-0.0
-0.0
-0.0
0.0
0.0
-0.0
-0.0
0.0
0.0
-0.0
-0.0
-0.0
0.0
0.0
-0.0
0.0
-0.0
0.0
-0.0
-0.0
-0.0
0.0
0.0
-0.0
0.0
0.0
0.0
0.0
0.94059026
-0.0
-0.0
-0.0
-0.0
-0.0
0.0
0.0
0.0
0.0
0.0
-0.0
0.35824516
-0.0
-0.0
0.0
-0.0
0.38438937
-0.0
-0.3174754
0.0
0.0
-0.0
0.4131988
0.0
0.0
-0.0
-0.0
0.0
-0.0
0.0
-0.38820297
-0.0
0.0
0.0
0.0
-0.23470816
-0.0
-0.0
-0.0
0.0
-0.0
-0.0
0.2915808
0.0
-0.0
-0.2989531
0.0
-0.0
-0.0
-0.0
-0.36527532
-0.0
0.0
-0.0
-0.0
0.0
-0.0
0.0
0.0
-0.0
0.0
0.0
-0.0
0.0
-0.22303581
0.0
-0.0
0.0
-0.0
-0.0
0.0
-0.0
-0.0
-0.26343387
0.0
0.0
0.0
0.0
-0.28802547
-0.0
-0.0
-0.0
0.55014485
0.0
-0.0
-0.0
0.0
0.0
0.0
-0.0
0.0
0.0
0.0
0.0
-0.0
-0.0
-0.0
-0.0
0.0
-0.0
-0.0
-0.0
0.17229238
-0.0
-0.0
-0.0
-0.27235702
-0.29963377
-0.19743331
-0.0
-0.0
-0.0
-0.0
0.0
-0.0
-0.0
0.0
0.0
-0.0
-0.0
-0.18700218
0.0
-0.0
0.17234741
-0.0
-0.0
-0.0
0.0
-0.0
0.26097724
0.0
0.0
0.0
0.36874902
0.0
-0.0
-0.0
-0.0
-0.0
-0.0
-0.34124354
0.0
-0.0
-0.23877302
-0.0
0.0
-0.0
-0.0
-0.0
0.0
0.18173997
-0.17855144
0.0
-0.10419547
-0.0
0.0
0.0
-0.0
0.0
0.0
0.0
-0.0
-0.0
-0.0
0.0
-0.0
0.0
0.0
0.3031417
0.0
-0.0
-0.0
0.0
0.0
-0.0
0.0
0.0
0.0
0.0
-0.0
0.16323245
0.0
0.0
-0.0
-0.0
0.0
-0.0
0.0
0.0
-0.0
0.0
-0.0
0.0
-0.0
-0.0
-0.0
0.0
0.33434665
0.0
0.0
0.0
0.0
-0.0
-0.0
0.3480806
0.0
-0.0
-0.0
0.0
-0.0
0.0
0.0
-0.0
-0.0
-0.3441845
-0.0
-0.0
0.0
-0.0
-0.0
0.0
0.0
0.2466769
-0.0
-0.33227885
-0.0
0.0
0.22231719
0.0
-0.29859844
-0.0
-0.0
0.38674194
-0.0
0.34779614
0.0
-0.0
0.0
0.0
0.343608
0.0
0.0
0.0
-0.0
-0.0
-0.0
0.0
-0.0
0.16767906
0.0
0.0
-0.0
0.23836805
-0.0
-0.0
-0.0
0.0
-0.0
0.0
0.0
-0.0
-0.0
0.0
-0.30315778
0.0
0.0
0.0
0.0
-0.0
0.0
-0.31498885
-0.0
0.0
-0.22375748
-0.4469242
0.0
-0.0
-0.32946616
-0.0
-0.0
-0.0
-0.0
0.0
-0.0
0.329678
0.0
0.0
0.0
-0.0
-0.0
-0.0
0.0
0.0
-0.0
-0.0
-0.0
0.0
-0.0
-0.0
0.0
-0.0
-0.0
-0.0
-0.0
0.0
0.0
0.0
-0.0
0.0
-0.10034266
0.0
-0.0
0.0
0.0
-0.0
0.0
0.0
-0.0
0.0
0.0
0.0
-0.0
0.0
-0.0
0.0
-0.0
-0.0
-0.0
-0.0
-0.0
0.0
0.0
0.0
-0.0
-0.0
0.0
-0.0
-0.5741419
-0.0
-0.0
0.0
-0.0
-0.0
0.0
-0.0
-0.0
-0.0
0.24826671
0.0
-0.0
-0.0
0.0
-0.0
-0.0
0.0
0.0
-0.0
-0.24769258
0.0
-0.0
-0.0
0.0
-0.0
0.0
0.0
0.0
0.0
-0.0
0.0
-0.0
-0.0
0.0
0.0
-0.0
0.0
0.0
-0.0
0.0
0.0
0.0
0.0
0.24085645
-0.0
-0.0
0.10719613
0.0
0.0
-0.0
-0.0
0.0
-0.0
-0.0
0.0
-0.0
0.0
-0.0
-0.0
-0.0
0.0
-0.0
-0.0
0.0
0.0
-0.0
-0.0
0.0
0.0
-0.0
-0.0
-0.0
-0.0
-0.0
0.0
0.0
0.0
0.0
0.0
0.0
-0.0
-0.0
0.0
0.0
0.0
-0.0
-0.0
-0.0
-0.0
-0.0
0.0
-0.0
0.0
-0.0
-0.0
0.0
0.0
0.0
-0.11446308
0.0
-0.0
-0.0
-0.0
0.0
0.0
-0.0
-0.0
0.0
-0.0
-0.0
0.0
0.16149098
0.0
-0.0
0.0
-0.0
-0.3807586
-0.0
-0.0
-0.0
-0.0
-0.0
0.0
0.0
-0.0
0.0
0.0
-0.0
-0.2326659
-0.0
-0.0
0.0
-0.0
-0.0
-0.0
0.0
-0.0
-0.0
0.0
0.0
0.0
-0.0
0.0
0.0
-0.0
-0.0
0.0
0.0
-0.0
0.0
-0.0
0.0
0.0
0.0
-0.0
0.0
0.0
0.0
-0.0
0.0
-0.92984444
0.0
-0.0
-0.0
0.0
-0.0
-0.0
0.0
0.0
0.0
-0.0
-0.0
-0.0
-0.0
-0.0
0.0
-0.0
-0.0
0.0
0.0
-0.0
0.0
-1.3298355
-0.0
-0.0
-0.0
-0.0
-0.0
0.0
0.0
0.0
-0.0
-0.0
-0.0
-0.0
0.0
0.0
-0.0
-0.0
0.0
-0.0
-0.0
-0.0
-0.0
0.0
-0.0
-0.0
-0.0
0.0
-0.0
-0.0
0.0
-0.0
0.0
-0.0
-0.0
0.0
0.0
-0.0
-0.0
0.0
0.0
0.0
-0.0
-0.0
-0.0
-0.0
-0.0
-0.0
0.0
0.0
-0.0
0.0
-0.0
-0.0
0.0
0.0
0.0
0.0
-0.0
-0.0
0.0
-0.0
-0.0
-0.0
0.0
0.0
-0.0
-0.0
-0.0
0.0
0.0
-0.0
-0.0
0.0
-0.2503518
-0.0
0.0
0.25998732
0.0
0.0
0.0
0.0
-0.0
0.24690323
-0.0
-0.0
-0.30611378
0.0
-0.0
-0.38246867
0.36022037
0.0
-0.0
0.31952763
-0.38520417
0.0
0.0
-0.2029409
-0.0
-0.0
0.0
-0.0
0.0
-0.0
-0.49882558
-0.0
-0.0
-0.0
-0.0
-0.0
0.0
0.0
-0.07989614
-0.0
0.0
0.3524389
-0.0
0.0
0.0
0.62999815
0.0
0.0
-0.0
-0.0
-0.0
-0.0
-0.0
0.0
-0.0
-0.0
0.0
0.0
0.0
-0.0
0.0
-0.0
-0.51129586
-0.0
-0.0
0.0
0.0
0.0
-0.0
-0.0
-0.0
0.0
0.40645644
0.0
-0.20652905
0.0
-0.0
-0.0
0.0
0.0
0.0
-0.0
-0.24884681
0.0
-0.28401852
0.26384187
0.099701114
0.0
0.0
-0.0
0.0
-0.0
-0.22954696
0.0
-0.13100627
-0.290113
0.0
-0.0
0.0
0.15623516
-0.0
0.18984602
0.21089217
0.0
-0.0
0.14315973
-0.0
0.0
-0.0
-0.0
-0.0
-0.0
0.0
-0.14440176
-0.0
-0.0
-0.0
0.0
-0.0
0.0
0.0
0.3235699
-0.35641745
-0.0
0.0
-0.0
-0.22518793
-0.0
-0.0
-0.0
-0.28945816
0.19173485
0.0
-0.0
0.0
0.0
0.0
-0.0
-0.0
0.0
0.0
-0.0
-0.0
0.0
0.26232493
-0.0
0.0
0.0
0.0
0.18828924
-0.15529127
0.0
0.0
-0.14804092
0.0
-0.17888606
-0.0
-0.0
-0.0
-0.17806385
0.13291472
0.21558987
0.14687033
0.0
0.0
-0.0
-0.0
-0.0
0.0
-0.0
0.0
-0.0
-0.0
0.19883336
0.0
-0.0
-0.0
0.0
-0.0
0.0
0.0
-0.33611146
0.0
0.0
-0.0
-0.0
-0.4849705
-0.0
0.0
-0.0
-0.0
-0.0
0.0
0.0
0.0
-0.0
0.0
-0.2413365
0.0
-0.0
0.0
0.2663466
0.0
-0.47136217
0.0
-0.29152995
-0.0
-0.0
-0.0
-0.0
0.2697294
-0.0
0.0
0.0
-0.0
0.0
0.0
0.22273193
-0.0
0.0
-0.0
-0.0
0.0
-0.0
0.0
0.0
-0.0
-0.0
-0.0
0.0
-0.0
0.0
0.0
0.0
0.0
0.0
-0.0
-0.0
0.0
-0.0
0.0
-0.0
-0.0
-0.0
-0.0
-0.0
-0.0
0.0
0.30228713
-0.0
0.0
0.0
-0.0
-0.33736712
-0.0
-0.0
0.0
0.0
0.0
-0.0
-0.0
-0.0
-0.29474252
0.0
0.39193997
-0.0
0.0
0.0
-0.0
0.0
0.0
-0.0
-0.3416149
-0.30928802
-0.0
0.0
-0.0
0.0
0.0
-0.0
-0.0
0.0
-0.0
-0.0
0.0
-0.0
0.0
-0.0
-0.0
0.18342625
0.0
0.0
0.0
0.0
-0.0
0.0
-0.0
0.0
-0.0
0.0
0.0
0.0
-0.0
-0.0
-0.0
-0.0
-0.0
0.0
0.0
-0.20477696
-0.0
0.0
0.0
0.0
0.0
-0.0
-0.0
-0.43592134
0.0
0.0
-0.0
-0.0
-0.0
-0.0
-0.0
-0.0
-0.0
-0.0
0.0
0.0
0.0
0.0
-0.0
-0.0
-0.0
0.14615247
0.0
0.0
-0.0
-0.0
-0.0
-0.0
-0.0
0.0
0.0
0.0
0.0
-0.0
-0.0
0.20124105
0.0
0.0
0.0
-0.0
0.0
-0.0
-0.0
-0.0
0.0
-0.0
0.0
-0.0
-0.0
0.0
0.0
-0.6354986
0.0
0.0
-0.0
-0.0
0.0
-0.0
-0.26669863
-0.0
0.0
-0.0
-0.0
-0.0
-0.8212533
0.0
-0.0
0.0
-0.0
-0.28517905
0.0
-0.0
0.0
-0.0
-0.0
-0.0
-0.0
0.0
-0.0
-0.0
-0.0
-0.0
-0.0
0.2928925
-0.0
-0.0
0.2874862
-0.0
0.1297684
-0.0
-0.0
0.0
0.0
-0.0
-0.0
0.0
0.0
0.0
-0.0
0.0
-0.0
0.0
0.0
0.0
-0.0
0.0
0.14626378
0.34091827
-0.0
0.0
0.0
-0.0
-0.0
-0.0
0.0
0.0
0.0
-0.0
-0.44779196
0.21428195
-0.0
0.0
-0.21233495
-0.0
-0.0
-0.0
0.0
-0.0
-0.1828363
0.0
-0.0
-0.0
-0.0
-0.0
-0.0
-0.17229925
0.0
-0.0
-0.0
0.0
-0.0
-0.0
-0.0
0.0
0.0
0.0
0.0
0.0
-0.15941842
0.0
-0.0
-0.0
-0.0
0.0
-0.0
0.0
-0.0
-0.0
0.0
0.0
0.0
-0.0
0.0
-0.0
-0.0
0.0
-0.0
-0.0
-0.0
-0.0
-0.9323544
0.0
0.33913067
0.0
0.7254678
0.0
-0.0
-0.0
0.0
-0.0
-0.0
0.0
0.0
-0.0
-0.0
0.0
-0.0
0.0
-0.0
-0.0
-0.0
-0.0
-0.0
0.0
-0.0
0.0
0.0
0.0
-0.0
0.0
0.0
-0.0
0.0
0.0
-0.0
0.0
-0.0
-0.0
-0.5344951
0.0
-0.0
0.0
0.0
-0.0
0.0
-0.0
0.0
-0.0
-0.43398756
-0.0
0.0
-0.0
-0.40938556
0.31165728
-0.0
0.0
-0.0
-0.0
-0.0
0.0
-0.0
0.0
-0.0
-0.0
0.0
0.0
-0.0
-0.0
0.0
0.0
-0.0
-0.0
0.31781778
0.0
-0.0
-0.0
-0.0
0.0
-0.0
-0.0
0.5204865
-0.3844464
-0.0
0.0
-0.0
-0.0
-0.0
-0.0
-0.0
0.0
-0.0
0.0
-0.0
-0.0
-0.0
-0.0
0.0
-0.39659986
-0.0
0.0
-0.0
-0.0
-0.0
0.0
0.0
-0.0
-0.0
0.108837366
-0.0
-0.0
0.0
0.0
0.0
0.22001207
0.0
-0.0
0.0
0.0
0.27439928
-0.23853593
-0.0
-0.0
0.4411428
0.0
-0.0
0.0
-0.0
-0.0
0.0
0.23445778
0.0
-0.0
-0.0
0.0
-0.0
0.0
0.0
0.0
0.0
-0.0
0.0
-0.0
-0.0
-0.0
-0.0
-0.0
-0.2590232
-0.3097128
0.0
-0.0
-0.0
0.0
-0.0
0.2071297
0.36969438
0.0
-0.0
-0.43085703
-0.0
-0.0
0.0
-0.0
-0.0
-0.0
0.0
-0.21697217
-0.0
0.39209238
-0.0
-0.0
-0.0
0.0
-0.0
0.0
0.0
0.0
-0.0
0.0
0.0
0.0
0.0
0.0
0.32434648
-0.0
0.0
-0.0
0.6292506
-0.47584042
0.0
-0.0
0.0
-0.0
-0.0
0.34685916
-0.0
0.0
-0.0
0.0
-0.0
-0.0
-0.0
-0.0
0.0
-0.0
-0.0
0.0
-0.0
0.0
-0.0
-0.7298818
0.7637206
0.0
-0.0
0.54893357
-0.0
0.0
-0.0
-0.0
-0.0
0.0
0.0
-0.0
0.0
-0.0
-0.0
-0.0
-0.0
0.0
0.0
0.0
0.0
-0.0
-0.0
-0.0
-0.0
-0.0
0.0
-0.0
0.0
0.0
0.0
-0.0
-0.0
-0.0
0.0
0.0
-0.26643065
0.0
0.0
0.0
-0.0
0.0
-0.0
0.0
-0.0
0.0
0.0
-0.0
0.0
0.0
0.0
-0.0
0.0
-0.0
0.0
-0.0
-0.0
-0.0
-0.0
-0.0
0.0
0.0
-0.0
-0.0
0.0
0.0
0.0
0.0
-0.0
0.0
0.0
-0.0
0.0
-0.0
0.0
-0.0
0.35207552
-0.0
-0.0
0.0
-0.0
0.0
-0.0
0.0
-0.0
-0.0
0.0
-0.0
-0.19805104
-0.0
0.0
0.0
0.0
-0.0
-0.14735262
0.0
-0.0
0.0
-0.0
0.0
0.0
0.0
-0.0
-0.0
-0.0
-0.0
0.0
-0.0
0.0
-0.0
-0.0
0.0
-0.0
0.0
0.18110573
0.0
-0.0
0.0
-0.0
-0.0
0.0
-0.0
0.30701712
0.0
-0.0
-0.33322144
0.0
-0.0
0.10043051
0.0
-0.0
-0.0
0.0
-0.0
-0.0
-0.0
-0.24055989
0.0
-0.10572262
0.0
-0.0
0.0
0.0
0.0
-0.0
0.0
0.0
-0.20837656
-0.0
0.0
-0.0
-0.0
-0.0
0.0
-0.0
-0.0
0.0
-0.0
-0.0
0.0
0.0
0.0
-0.0
0.0
0.0
0.0
0.0
-0.0
0.0
-0.0
-0.0
-0.15912105
-0.0
-0.0
0.17785029
0.0
0.35191983
-0.0
0.61767554
-0.0
-0.0
0.0
0.0
-0.0
-0.0
-0.0
0.0
-0.0
-0.0
0.0
-0.0
-0.0
-0.0
-0.0
0.0
-0.0
-0.0
0.0
-0.0
0.0
-0.0
0.0
-0.0
-0.0
0.0
0.0
-0.0
0.0
0.0
0.0
0.0
0.0
-0.39156616
0.0
0.0
-0.0
-0.0
-0.0
0.0
0.0
-0.34154063
0.0
0.6687286
0.0
0.0
0.0
-0.42718259
0.32883596
-0.0
0.0
0.0
0.0
-0.0
0.0
-0.0
-0.0
-0.0
-0.0
0.0
-0.0
-0.0
0.0
-0.0
0.0
-0.0
0.0
0.0
0.0
-0.7925437
-0.0
-0.0
-0.0
-0.0
0.0
0.0
-0.0
-0.0
-0.0
0.0
-0.0
0.0
0.0
0.0
0.0
0.0
0.0
0.0
-0.0
0.0
0.0
0.0
-0.0
0.0
0.0
0.0
0.0
0.0
0.0
0.0
-0.0
0.0
-0.0
0.0
-0.0
0.0
-0.0
0.0
0.0
0.0
-0.0
0.4200464
0.0
0.0
0.0
-0.0
0.0
0.0
0.0
0.0
-0.0
-0.0
0.0
0.0
-0.0
-0.0
-0.0
0.0
0.0
-0.0
-0.0
-0.0
0.0
0.0
0.0
0.0
0.0
-0.0
-0.0
-0.0
0.0
-0.0
-0.0
0.0
0.0
0.0
-0.0
-0.0
-0.0
-0.0
0.0
-0.0
0.0
-0.0
-0.0
0.0
0.0
-0.7268588
-0.0
-0.0
0.0
0.0
0.0
-0.0
0.0
-0.0
-0.0
-0.6162225
0.37787548
-0.0
-0.0
0.0
-0.26558232
0.0
0.0
0.0
0.0
0.48768356
0.0
0.0
-0.0
-0.0
-0.0
-0.0
-0.0
0.0
0.0
0.0
0.0
-0.0
0.0
-0.0
0.0
0.0
-0.0
0.19734886
-0.26094884
0.0
0.0
-0.0
0.0
0.0
-0.32796076
0.0
-0.0
-0.0
-0.0
0.0
-0.0
0.0
-0.0
-0.0
-0.0
0.0
-0.18797944
-0.0
-0.0
-0.0
-0.39513582
-0.24332769
-0.0
-0.0
0.0
-0.0
0.25479606
-0.0
0.0
0.0
-0.0
0.0
-0.0
0.4847202
-0.0
-0.0
0.0
-0.0
0.0
-0.32799494
0.0
-0.0
-0.0
0.0
-0.0
0.0
-0.49140352
-0.0
-0.0
0.0
0.0
-0.0
-0.0
-0.0
0.0
0.0
0.0
0.0
-0.0
-0.0
-0.0
-0.0
-0.0
0.0
-0.0
-0.0
-0.0
-0.0
-0.0
-0.0
0.0
0.0
-0.0
0.0
0.0
-0.5572318
-0.0
0.0
-0.0
0.0
-0.0
-0.0
-0.0
-0.2341572
-0.0
-0.0
-0.3907784
-0.0
-0.0
0.0
0.0
-0.0
0.0
0.0
0.35891393
0.0
-0.0
-0.0
-0.0
0.0
-0.0
0.0
0.0
0.33061528
-0.0
-0.0
0.0
0.0
0.0
-0.5071666
0.0
-0.0
-0.0
0.0
0.0
0.0
0.0
0.0
0.25163835
-0.0
-0.0
-0.0
0.0
-0.0
-0.0
-0.0
0.0
-0.0
-0.0
-0.0
0.0
0.0
0.16557671
-0.0
-0.0
-0.0
0.0
-0.0
-0.17953235
0.25619435
0.0
-0.0
-0.0
0.4198661
0.0
0.0
-0.549854
-0.0
0.0
-0.0
0.0
-0.0
0.0
0.0
-0.0
0.0
-0.0
-0.0
-0.0
-0.0
0.0
0.0
-0.22405693
-0.0
0.0
0.0
-0.0
-0.0
0.0
0.0
-0.0
0.0
-0.0
-0.0
-0.0
0.0
-0.0
-0.0
-0.0
-0.0
-0.0
-0.0
-0.0
-0.0
0.0
-0.0
0.0
-0.0
-0.0
-0.5259201
-0.0
0.0
0.0
-0.0
0.0
-0.7318839
0.0
0.0
-0.0
-0.0
-0.0
-0.0
-0.0
0.0
0.0
-0.0
-0.0
0.0
-0.0
-0.0
-0.0
0.06788569
-0.0
0.0
-0.0
-0.0
-0.0
0.0
0.0
0.0
0.46481407
0.0
-0.0
-0.0
0.0
-0.0
0.0
-0.0
0.0
-0.0
-0.0
-0.331871
-0.32303527
0.0
0.0
-0.0
0.40561077
-0.0
0.0
0.0
0.0
-0.0
-0.30776834
-0.0
-0.0
0.31379372
-0.0
-0.0
0.0
-0.0
0.0
-0.0
0.0
-0.0
0.0
0.0
0.0
-0.0
0.0
0.0
0.0
0.0
0.0
0.0
-0.0
-0.0
0.0
0.0
0.0
-0.0
-0.14491366
0.0
-0.0
0.0
0.0
-0.0
0.0
-0.0
0.0
0.12747867
-0.0
-0.0
-0.0
0.0
-0.0
-0.0
-0.0
0.0
-0.0
0.0
-0.0
-0.0
0.0
0.0
-0.0
-0.0
-0.0
0.1550434
-0.0
0.10296967
0.0
-0.15426418
0.0
0.0
-0.124916695
-0.0
-0.0
0.0
0.22139525
0.0
0.15597409
0.0
0.0
-0.0
0.0
-0.0
0.0
0.0
-0.0
-0.0
-0.0
-0.0
-0.38215426
-0.0
0.0
-0.0
0.0
0.0
-0.0
-0.0
0.0
-0.0
0.0
-0.12691876
0.0
-0.0
0.0
0.23308112
0.0
0.12320218
-0.0
-0.0
0.0
-0.0
0.0
-0.0
0.0
0.1203169
-0.17571105
0.0
-0.0
0.0
0.0
0.0
-0.0
0.0
-0.0
0.0
0.0
0.0
-0.0
-0.0
0.0
-0.0
-0.0
0.0
1.409293
-0.0
-0.0
0.0
-0.0
0.0
-0.0
0.0
-0.0
-0.6288039
-0.0
0.0
-0.0
-0.0
-0.0
-0.0
0.0
0.0
0.0
0.0
-0.0
-0.0
0.0
-0.0
-0.0
-0.0
-0.0
-0.0
-0.0
-0.0
0.0
0.0
0.0
-0.0
-1.3871264
-0.0
0.0
0.0
0.0
0.0
0.0
0.0
-0.0
-0.0
-0.0
0.0
-0.0
-0.0
0.0
-0.0
-0.0
-0.0
0.0
0.0
0.0
-0.0
-0.0
-0.0
0.0
-0.0
-0.0
0.0
-0.0
0.0
0.0
0.0
-0.0
-1.33602
-0.0
0.5223265
-0.0
-0.0
0.0
-0.0
0.0
-0.0
0.0
-0.0
0.0
0.0
0.0
0.0
0.0
0.0
0.0
0.0
0.0
0.0
-0.0
-0.0
-0.0
-0.0
0.0
-0.0
-0.0
-0.0
0.0
-0.0
0.0
0.0
0.0
0.0
-0.0
0.0
0.0
0.0
-0.0
-0.0
-0.0
-0.0
-0.0
0.8029718
-0.0
0.0
0.0
-0.0
-0.0
0.0
-0.0
0.0
0.0
0.0
0.0
-0.0
0.0
-0.0
-0.0
-0.0
0.0
0.0
-0.0
0.0
-0.0
-0.4130122
-0.5313254
-0.0
0.0
-0.0
-0.0
-0.0
-0.0
0.0
-0.3129773
0.0
-0.0
0.0
0.0
-0.0
0.0
-0.0
-0.0
-0.0
-0.0
0.0
-0.0
-0.0
0.0
-0.0
0.0
0.0
-0.0
-0.0
0.33044055
-0.0
-0.0
-0.0
0.0
0.0
-0.0
-0.0
0.0
-0.0
-0.0
0.0
-0.0
0.0
0.0
-0.0
-0.0
0.0
-0.0
-0.0
-0.0
0.0
0.0
0.0
0.0
-0.0
0.0
-0.0
0.0
0.38021344
0.0
0.0
0.0
0.34544858
0.0
0.0
0.0
0.0
-0.0
0.0
0.0
-0.0
-0.0
-0.0
0.0
-0.0
0.0
-0.0
-0.0
0.0
0.37961248
0.0
-0.0
-0.19564188
0.0
0.0
-0.0
0.0
0.0
0.0
0.0
-0.0
-0.0
0.0
0.0
-0.0
0.0
-0.18630955
0.0
-0.0
-0.0
0.0
0.0
-0.0
-0.0
-0.0
-0.0
-0.0
0.0
0.0
-0.0
-0.38841772
-0.0
0.0
-0.0
-0.0
-0.0
0.0
0.45208094
-0.0
-0.0
0.3690245
-0.0
0.0
0.0
-0.0
-0.0
-0.0
0.0
0.0
0.0
0.0
-0.0
0.0
-0.0
0.0
-0.0
-0.0
-0.0
0.0
0.0
-0.0
-0.0
0.0
0.0
0.0
0.0
0.0
0.0
-0.0
0.0
-0.0
0.0
0.0
0.0
0.0
0.0
0.0
0.0
0.0
-0.0
0.0
0.0
0.0
-0.0
-0.0
-0.0
-0.69057435
0.0
-0.0
-0.0
0.0
0.0
0.0
-0.0
0.0
0.0
0.0
0.0
-0.0
-0.0
0.0
0.0
-0.0
0.0
0.0
0.0
0.0
-0.0
-0.0
-0.0
-0.45874956
0.0
0.0
-0.0
0.0
0.0
-0.0
0.0
-0.0
0.0
-0.0
0.0
-0.0
-0.0
-0.0
-0.0
0.27435544
-0.0
0.7354844
0.0
-0.45466745
-0.0
0.0
0.0
-0.41263416
-0.0
0.0
0.0
0.0
0.0
0.0
0.0
-0.0
0.0
0.5489656
0.0
-0.0
0.0
0.0
-0.0
0.0
-0.0
-0.0
0.0
0.0
0.0
0.2601278
-0.0
0.0
0.0
-0.0
-0.0
0.31462902
-0.0
-0.0
-0.0
-0.0
-0.0
-0.0
-0.4436046
-0.3023857
-0.0
-0.0
-0.0
0.0
0.0
-0.0
-0.0
-0.0
-0.20797525
-0.0
-0.28249592
-0.0
-0.0
0.0
0.0
0.20490223
0.0
-0.0
0.0
0.0
-0.1540475
0.26030385
-0.25257218
0.0
-0.0
0.0
0.27955166
-0.0
0.0
0.0
-0.0
-0.0
0.0
0.17502366
-0.0
-0.0
0.0
-0.0
0.0
-0.0
0.0
-0.0
-0.14000173
0.0
-0.0
0.0
-0.18952958
0.0
0.0
0.0
-0.0
0.3185057
-0.0
0.0
0.0
-0.0
-0.0
-0.0
-0.24270496
-0.0
-0.0
-0.0
0.22596176
0.19011003
-0.43601155
0.0
0.0
0.0
-0.41616377
-0.18782558
-0.0
0.43311864
-0.0
-0.0
-0.0
-0.27077818
-0.0
-0.0
0.0
0.0
-0.0
-0.0
-0.0
0.0
-0.0
0.0
0.0
0.0
0.0
-0.0
0.0
-0.0
0.0
-0.0
-0.0
-0.0
0.0
-0.0
-0.0
0.0
0.0
-0.0
-0.0
0.0
-0.0
0.0
0.0
0.0
0.0
-0.0
-0.22809476
-0.0
-0.0
0.0
-0.0
-0.0
-0.0
-0.0
0.0
-0.0
-0.0
-0.0
0.0
-0.77628595
-0.0
-0.0
-0.0
-0.0
-0.0
-0.0
-0.0
-0.0
0.0
0.0
0.0
0.0
-0.0
-0.0
0.0
0.0
0.0
-0.0
-0.0
0.0
-0.0
-0.0
0.0
-0.0
0.0
0.0
0.0
0.0
0.0
0.0
-0.0
0.0
-0.0
0.0
-0.0
0.0
-0.0
-0.0
0.0
0.0
0.0
-0.0
-0.0
0.0
0.0
-0.47856832
0.0
0.0
0.0
-0.0
0.0
-0.0
-0.0
0.0
-0.0
0.0
0.39251578
-0.0
0.0
-0.2901443
-0.24508071
-0.0
-0.52434623
-0.0
-0.0
0.0
0.0
-0.0
-0.0
0.0
0.24714237
-0.0
0.0
-0.0
-0.0
0.0
-0.0
-0.0
-0.0
-0.0
-0.31701672
0.0
0.0
-0.0
-0.0
-0.0
-0.20341839
-0.20852116
-0.0
-0.0
0.0
0.0
0.24184428
-0.0
0.0
-0.0
0.0
0.0
-0.0
0.87573564
0.0
0.0
0.0
0.0
0.0
-0.0
-0.32375652
-0.0
-0.0
0.0
0.0
0.0
0.0
-0.0
0.0
0.0
-0.0
-0.0
-0.90643215
0.27114314
-0.0
-0.0
0.0
-0.0
-0.47829598
-0.0
0.0
-0.0
-0.0
0.0
-0.0
-0.0
0.0
0.0
-0.0
-0.0
0.43550742
0.0
-0.0
-0.0
-0.0
-0.0
-0.0
-0.30274066
-0.0
-0.36163202
0.0
0.0
0.0
-0.0
0.0
0.0
0.0
-0.0
-0.0
0.0
0.0
-0.0
0.0
-0.0
0.0
-0.0
-0.0
0.0
-0.0
0.0
-0.0
0.0
0.0
-0.0
0.0
0.20534454
-0.0
0.0
-0.0
0.0
0.0
-0.0
-0.0
-0.0
-0.0
0.0
0.0
-0.0
-0.0
-0.0
0.0
-0.0
0.0
0.0
0.0
0.0
0.0
0.0
0.0
0.0
-0.0
0.0
-0.0
-0.34777492
-0.0
-0.0
0.0
-0.0
0.0
0.0
0.0
-0.0
0.0
0.17908204
0.0
-0.0
0.0
0.0
0.0
0.0
0.0
0.0
-0.0
0.27010256
-0.0
-0.0
0.0
-0.0
0.0
-0.0
-0.0
0.0
-0.0
-0.0
0.0
-0.0
0.0
-0.0
0.0
-0.0
-0.0
-0.0
-0.0
-0.0
0.0
-0.0
-0.0
-0.0
-0.0
0.0
0.08368993
-0.0
0.0
-0.0
-0.0
0.0
-0.0
-0.0
0.0
-0.0
0.0
-0.0
-0.0
-0.0
0.0
-0.0
0.0
0.0
-0.0
0.21446487
-0.0
-0.0
-0.0
-0.0
-0.0
-0.0
0.0
-0.0
-0.0
-0.0
-0.0
-0.0
-0.0
-0.0
-0.0
-0.0
-0.0
-0.0
0.0
0.0
-0.0
-0.0
-0.0
-0.0
0.0
0.0
0.0
0.0
0.0
0.0
0.0
-0.0
-0.0
-0.0
-0.31916937
-0.0
0.0
0.0
0.0
-0.0
0.0
0.0
-0.0
-0.0
0.0
0.0
0.0
0.0
-0.23249742
-0.0
-0.0
0.0
0.0
0.0
-0.0
-0.0
0.0
-0.0
-0.0
0.0
-0.0
0.0
-0.0
0.0
-0.0
-0.0
-0.0
-0.0
0.0
0.0
-0.0
-0.0
-0.0
-0.0
-0.0
0.0
-0.0
0.0
-0.0
0.0
-0.0
-0.0
-0.0
0.0
-0.0
-0.0
0.0
-0.0
-0.0
-0.0
-0.0
0.0
0.0
-0.0
-0.0
0.0
0.0
0.0
-0.0
-0.0
0.0
-0.67099047
-0.0
-0.0
-0.0
0.0
-0.0
-0.0
-0.0
-0.0
0.0
0.0
-0.0
-0.0
-0.0
-0.0
0.0
-0.0
0.0
-0.0
-0.0
0.0
-0.0
-0.0
-0.0
-0.0
0.0
0.0
0.0
0.0
-0.0
-0.0
-0.0
0.0
0.0
-0.0
-0.0
-0.0
0.0
0.0
0.0
0.0
-0.0
0.0
-0.0
0.9649627
0.0
0.0
0.0
-0.53587615
0.0
0.0
0.0
0.0
-0.0
0.0
-0.0
-0.0
0.0
0.0
-0.0
0.0
-0.0
0.0
-0.0
-0.0
0.0
-0.0
-0.0
-0.45576167
-0.0
-0.6043554
-0.0
-0.0
-0.0
-0.0
0.0
0.0
-0.0
0.0
0.0
0.0
0.0
0.7013662
-0.0
0.0
0.0
0.0
-0.0
-0.0
-0.0
0.50188416
-0.0
0.0
0.0
0.0
-0.0
0.0
-0.0
-0.0
0.0
-0.0
-0.0
-0.0
-0.0
-0.0
0.0
-0.0
-0.0
-0.3546668
-0.0
0.0
0.0
0.0
-0.0
-0.0
-0.0
-0.0
0.0
-0.0
0.0
-0.0
-0.0
-0.0
-0.0
0.0
-0.33533323
0.0
-0.0
0.6271691
0.0
-0.0
0.0
-0.0
0.0
-0.0
-0.0
0.55540204
0.6831499
0.0
-0.4138516
-0.0
-0.0
-0.0
-0.38849697
-0.0
0.0
-0.3761186
0.0
0.0
-0.0
-0.37696198
-0.0
0.0
-0.0
0.0
0.0
0.0
-0.0
-0.0
-0.0
-0.0
0.0
-0.0
0.4769263
-0.0
-0.0
0.0
-0.0
0.0
-0.0
-0.0
0.0
0.6641982
-0.0
0.27772442
-0.0
-0.0
-0.0
-0.0
0.0
0.0
-0.0
-0.0
-0.0
-0.0
-0.0
-0.0
0.0
0.0
-0.37858722
0.0
0.0
-0.0
-0.0
-0.0
-0.0
0.0
0.0
-0.0
-0.22008772
-0.0
-0.0
0.0
-0.0
0.0
0.33397847
-0.0
0.0
0.0
0.0
-0.4421281
-0.0
-0.303115
-0.0
0.29898226
0.0
0.0
0.0
-0.0
0.0
0.0
0.0
0.0
0.0
0.0
0.0
-0.0
-0.0
-0.0
-0.0
0.0
0.0
0.0
0.0
-0.0
-0.0
0.0
-0.0
0.0
-0.0
-0.0
0.0
-0.0
-0.0
-0.0
0.0
0.0
0.0
0.0
-0.35392177
0.0
0.24866597
0.0
-0.0
0.0
-0.0
-0.0
-0.0
-0.0
-0.0
-0.0
0.42024136
0.0
0.0
0.0
-0.0
