6.1018243
2.443392
8.600468
1.0542512
3.5656943
1.3970398
1.3934004
-12.754206
20.58952
6.222369
-1.1831471
0.9685358
-4.778267
12.111602
5.6018867
-7.7734046
-15.11753
6.6834393
2.4787993
0.7134292
1.0236123
-4.1116586
-1.643155
10.681674
5.130636
-5.5825596
-1.4700596
13.574392
-8.185822
-11.633825
13.038998
-10.006544
2.628282
-0.5000544
8.753459
0.24125296
1.6009859
3.2191417
2.3363545
-3.3750653
0.03610891
2.1176536
-2.652273
-0.24430513
1.0300736
-4.5284443
9.64832
0.4579141
2.0963988
-5.975195
-4.1995835
0.42560387
4.576511
-10.17326
-0.16792536
1.1238632
15.2649975
-2.5892777
-8.929118
-5.6151657
11.676581
-2.1858165
13.142741
-7.445565
4.120206
-1.7466915
6.920874
3.6895504
3.3204274
4.9553804
0.41392016
10.045734
2.1479301
11.98901
10.345546
-6.592916
-6.230606
-3.0391667
-5.475115
1.5300229
-5.10424
14.19067
-0.5257496
6.383951
0.7801114
-1.1432815
5.04941
6.12533
-5.6470227
1.2007623
-3.3559144
-0.033645153
1.4334341
0.97723264
-26.862333
0.10819159
