-0.113317125
-0.25938982
-0.1916848
-0.24621172
-0.46038112
-0.35047355
-0.17599145
-0.36244345
-0.2628781
-0.55258036
-1.1395489
-0.5467082
-0.9106963
-1.8190386
-1.1917918
-0.33777276
-0.99043524
-0.8134715
-0.13116309
-0.21432373
-0.120079495
-0.2181782
-0.42459807
-0.27855214
-0.12296349
-0.29469833
-0.22795081
-0.14060831
-0.3978124
-0.20584553
-0.35373405
-0.8112391
-0.42692223
-0.22087525
-0.45638758
-0.20278224
0.06846483
0.2428176
0.27252364
0.14791737
0.46746224
0.44427192
0.20557131
0.41089904
0.3062887
0.52204514
1.5143658
1.4703118
0.43082446
0.21018013
0.05357827
-1.464045
-1.8776374
-1.6362906
0.07072361
0.1501654
0.09040136
0.16343462
0.31295466
0.19489662
0.1060831
0.20543332
0.1275833
-0.12549368
-0.21919864
-0.15700643
-0.26054564
-0.4744741
-0.37677628
-0.17990844
-0.31738296
-0.26755434
0.11378499
0.31591868
0.2531248
0.2841939
0.71337605
0.50010693
0.20377767
0.5165007
0.34002063
-0.09030937
-0.22072004
-0.13154414
-0.201527
-0.5275949
-0.32819024
-0.128343
-0.3454784
-0.21102314
0.19603065
0.3110525
0.16465162
0.3028753
0.5429683
0.35068634
0.17339951
0.35887748
0.24089392
0.2209455
0.45164979
0.27853137
0.47993678
0.9349193
0.6642259
0.37249577
0.71688426
0.56440467
0.079339005
0.10794204
0.08491572
0.17844126
0.29331148
0.24188682
0.114388116
0.21350583
0.17616682
-0.19048178
-0.4187957
-0.28109762
-0.42240328
-0.7684788
-0.5089372
-0.2700872
-0.51844084
-0.29934055
0.30763534
0.60415274
0.4755394
0.59966123
1.0251389
0.71618116
0.46105337
0.71036273
0.44862944
0.09319375
0.2685553
0.2095594
0.20006657
0.48784873
0.42303005
0.1362165
0.36000434
0.29898158
-0.11878552
-0.24633627
-0.175878
-0.22825573
-0.4573931
-0.350565
-0.15621229
-0.31697258
-0.24542433
0.046728157
0.9233465
1.1975826
0.86163133
0.47855738
-0.49516162
-0.9588523
-1.3850063
-1.0848027
0.15310276
0.31128424
0.23536862
0.25502938
0.52746797
0.41454357
0.15538141
0.32634813
0.25771376
0.15093653
0.35974205
0.22348195
0.3971075
0.8001901
0.48006552
0.2764786
0.51689184
0.27381572
-0.33117065
-0.93176025
-0.77546453
-0.8152985
-1.5391238
-1.0060066
-0.6886402
-1.1081477
-0.49233013
-0.1752492
-0.35419
-0.2122153
-0.33143735
-0.6533824
-0.42424348
-0.20415823
-0.44400445
-0.28559387
0.08612224
0.14935018
0.122258306
0.1405576
0.29934663
0.22305971
0.0836168
0.19189726
0.1505284
-0.30143043
-0.6795975
-0.39945573
-0.64650583
-1.1996604
-0.87632585
-0.35566503
-0.85495263
-0.58052254
0.11198847
0.20723931
0.15133825
0.21214709
0.44753674
0.29755145
0.15764114
0.29940173
0.21321774
0.083338544
0.14394104
0.11008158
0.16388625
0.31572467
0.24620885
0.10039531
0.2066239
0.16135222
0.07797782
0.13404036
0.100873485
0.14008978
0.30652595
0.21566917
0.09852473
0.19763851
0.15524596
0.4910469
0.79408616
0.59472007
0.69530004
1.0288527
0.7169811
0.5055893
0.6620764
0.39482585
0.06982391
0.121620156
0.08550455
0.1268779
0.24185082
0.18563206
0.08008082
0.1565033
0.12492284
0.1323071
0.22183846
0.11604347
0.21703634
0.4047327
0.24707346
0.107181035
0.23700328
0.15959145
-0.10880854
-0.25380304
-0.19445015
-0.3051166
-0.61002874
-0.4374158
-0.2418347
-0.4451154
-0.3211445
-0.11270021
-0.22698817
-1.4698571
-0.10344974
-1.9062622
-1.7435226
-0.29898518
-1.5638803
-0.0646781
-0.13058013
-0.37804902
-0.22796865
-0.31622446
-0.71184975
-0.5788462
-0.21405381
-0.5262488
-0.438361
-0.11231207
-0.18774258
-0.17276967
-0.19444832
-0.35361364
-0.2769837
-0.16378431
-0.26458216
-0.1808858
-0.1335924
-0.40806043
-0.3022463
-0.26639944
-0.5709307
-0.35406017
-0.17144069
-0.33338192
-0.14737223
0.10428261
0.18129712
0.13954899
0.17159845
0.26691356
0.21463363
0.16123064
0.24826336
0.17471851
1.496378
4.4393353
-8.727817
5.176048
6.1898994
-12.785282
3.0958307
-0.16977252
-10.603823
-0.06623315
-0.15857875
-0.106958106
-0.14810267
-0.2865971
-0.18774348
-0.09558215
-0.20694289
-0.13965137
-0.86633253
-0.8166553
-0.29049277
0.6297718
-0.09580228
-0.93675524
0.4872022
1.3227533
1.080229
-0.4722147
-0.47698593
0.16556555
-0.5803499
-0.23908608
0.4016164
-0.07328143
0.1492599
0.30773678
-0.23219623
-0.4016873
-0.1582104
-0.47620356
-0.95154244
-0.5547291
-0.3143976
-0.6912345
-0.45431113
-0.526445
-0.13427344
0.50658786
-1.0606056
0.099341005
0.8562167
-0.81822026
0.20516355
0.56410265
0.11609601
-0.2985658
-0.4616287
-0.27423036
-0.57435906
-0.3373292
-0.42194793
-0.32089713
0.116477214
-0.24237353
-0.43901464
-0.23404483
-0.41643494
-0.74802905
-0.37809995
-0.22614147
-0.38124046
-0.17291488
0.116824925
0.20209788
0.19392681
0.1885537
0.35196117
0.32893503
0.18734016
0.29551166
0.27734935
0.08649137
0.18471356
0.12852754
0.16601998
0.35745767
0.27011517
0.10640228
0.24636877
0.183166
-0.2875223
-0.36841637
-0.13357967
-0.3352441
-0.49510822
-0.36259755
-0.13391753
-0.38813278
-0.39135906
0.85562706
-0.20918523
-1.475127
2.0181935
0.27774155
-1.7971847
1.7273408
0.44199398
-1.5338728
-0.27464926
-0.48292035
-0.23987916
-0.6601394
-0.7782462
-0.6846321
-0.4984613
-0.7768146
-0.57395214
-0.09696914
-0.1989488
-0.103856646
-0.18187529
-0.3816127
-0.22887073
-0.11109061
-0.21172129
-0.14982174
-0.5908695
-0.7113217
-0.34862754
-0.7701634
-1.3591421
-0.95602375
-0.419567
-0.9465515
-0.90391266
-0.07177791
-0.22717656
-0.10775834
-0.26389566
-0.60188913
-0.413673
-0.23182401
-0.50753516
-0.31599876
-0.3239019
-0.7712771
-0.3232958
-0.50264686
-1.0128547
-0.7738384
-0.3485465
-0.8704577
-0.5642139
0.14707048
0.21474837
0.16953668
0.20408632
0.4747277
0.4469816
0.12722236
0.40114948
0.3506357
-0.12743846
-0.24491075
-0.113737226
-0.28702614
-0.56609094
-0.33197364
-0.15602161
-0.35178676
-0.21334255
0.081365876
0.24995396
0.1530157
0.14319414
0.38861787
0.31667635
0.10606292
0.27564025
0.27260476
-0.11181732
-0.21596783
-0.1397191
-0.21635129
-0.434945
-0.2611573
-0.124799564
-0.2594083
-0.14553158
0.17460838
0.36023226
0.31297916
0.31195515
0.69109654
0.5478814
0.29494306
0.5625412
0.42338705
0.15081137
0.26393127
0.23786701
0.24871443
0.47223833
0.43594676
0.18057516
0.37051645
0.3171224
0.06458828
0.12012066
0.086911514
0.1230613
0.25273904
0.16431022
0.08352097
0.1696426
0.100536
0.11131807
0.30184194
0.2904843
0.30847278
0.6320368
0.49470127
0.2750396
0.4958636
0.354057
0.14913137
0.23506999
0.13481283
0.22213
0.43060347
0.28424525
0.1135926
0.2711092
0.17900988
0.10170939
0.15572682
0.10580559
0.15957585
0.2401068
0.17144433
0.099245116
0.15830843
0.104536064
0.17357276
0.27058995
0.19200249
0.3192363
0.63719743
0.52641785
0.1947075
0.469723
0.3710622
0.094170615
0.29029596
0.23138678
0.2820186
0.70417774
0.55924755
0.22742423
0.52006054
0.4168906
-0.06594362
-0.18663041
-0.16089933
-0.23386447
-0.44295335
-0.3002815
-0.17764027
-0.32293236
-0.20913847
-0.0941857
-0.23545831
-0.17840128
-0.2279325
-0.5507285
-0.35594866
-0.14602672
-0.3614846
-0.22779682
1.5848119
-0.21714465
-1.1346264
2.1480708
0.6181123
-1.2546358
1.1030792
1.1853175
-0.89206207
-0.37225786
-0.47214437
-0.4123212
-0.7433852
-0.88562006
-0.8780227
-0.43698543
-0.70170534
-0.6875001
0.12474679
0.24108176
0.14866717
0.21289343
0.4405657
0.30037776
0.12030503
0.29596907
0.24579641
0.11098401
0.22507852
0.14020604
0.2526361
0.4812285
0.27601114
0.16789058
0.29905698
0.16039456
0.254005
0.43452427
0.3199111
0.37315807
0.71874
0.5586541
0.24225786
0.53223175
0.43154764
0.6917041
2.881234
2.088658
3.3387465
6.202831
4.651809
1.3378627
4.250989
3.256038
0.12231555
0.24427794
0.15678552
0.26500157
0.5101595
0.36226732
0.16212957
0.35341635
0.26212376
-0.16897239
-0.21756005
-0.15100628
-0.2323761
-0.36643592
-0.3042963
-0.18615298
-0.2921702
-0.22475307
0.12352389
0.25496238
0.1784799
0.24942964
0.52457505
0.36306897
0.1872391
0.35761216
0.2411273
0.08902215
0.19640101
0.13756947
0.16184591
0.36556032
0.26176783
0.16641839
0.28905457
0.20362766
0.15192576
0.35921165
0.23630615
0.3790675
0.6350798
0.4631664
0.20637694
0.48039982
0.30685043
-0.12853555
-0.22326681
-0.16436832
-0.21467535
-0.320059
-0.2598484
-0.14618935
-0.25249186
-0.21962939
0.09727557
0.27326614
0.27730465
0.27859524
0.48591956
0.37547326
0.20146029
0.3687004
0.16950756
-0.15215468
-0.39609802
-0.3005039
-0.39189455
-0.7533283
-0.5629436
-0.2754691
-0.51302034
-0.37868404
-0.13286676
-0.21005392
-0.16752416
-0.19973066
-0.37685987
-0.34225115
-0.100222506
-0.27512497
-0.2599702
-0.14039321
-0.31674433
-0.20406358
-0.32413283
-0.5901942
-0.3785613
-0.22203021
-0.4423527
-0.26459932
-0.2113681
-0.42076162
-0.39125493
-0.31108484
-0.73693967
-0.5406321
-0.25214347
-0.51288307
-0.35550788
-0.22297268
-0.44291586
-0.27185458
-0.36931646
-0.76816
-0.49502617
-0.1857341
-0.42549476
-0.3307238
-0.43595585
-0.8101064
-0.7345044
-0.92404735
-1.4370959
-1.1110755
-0.7836205
-1.0871826
-0.57604253
-0.37672514
-0.42185882
-0.048972275
-0.4459185
-0.739942
-0.5074703
-0.056361094
-0.4960828
-0.61934716
0.09219288
0.1429666
0.1096581
0.1346734
0.2977733
0.20527616
0.105843514
0.20552722
0.13497452
-0.14664574
-0.2360104
-0.113957934
-0.26228616
-0.46373707
-0.30920994
-0.19022003
-0.36619642
-0.24825777
0.35708687
0.44508716
0.20082715
0.41126776
0.7787392
0.53277034
0.19267738
0.5851568
0.44507602
0.06804043
0.14219414
0.08702563
0.14290364
0.28044713
0.17794447
0.0872621
0.17269899
0.10564553
0.11017783
0.31458235
0.22048317
0.28910625
0.7039561
0.4733487
0.18916552
0.46681362
0.27918214
-1.7535728
0.65446615
1.7107643
-0.56946087
-2.0760217
-2.0161598
1.897858
1.3509666
-0.25221184
-0.16584384
-0.27682444
-0.1850332
-0.2937403
-0.4355868
-0.37907034
-0.16769417
-0.3300042
-0.26585025
0.11109068
0.25460643
0.14571552
0.25743523
0.5673417
0.40959558
0.16164272
0.40370786
0.30739248
-0.09094063
-0.1921792
-0.08228401
-0.12813686
-0.32971662
-0.23289795
-0.044453047
-0.20437333
-0.20574108
