5.5118
4.8557363
11.929934
6.3724794
-0.48005366
0.9715303
-0.029421568
7.8017654
0.08066797
16.353521
0.35478127
-4.583819
-0.9235084
6.1482134
0.6225368
0.8996084
10.2954445
-0.010307431
0.9678755
-5.4489923
5.9071636
6.902629
-0.22051716
5.481325
0.074558735
0.73609304
0.61780906
0.052116275
0.91440225
0.013316631
11.692081
9.699939
5.9169188
9.342735
6.137183
0.038866997
18.48295
5.605279
-2.433838
6.798672
6.09239
0.7905526
10.338856
9.002692
0.14486504
0.5581411
6.4847965
-1.0518653
4.645947
9.849842
5.9931664
11.911653
4.9946833
0.010923386
14.347526
-0.3416927
14.83189
0.10190475
0.1813891
0.09375882
-1.9442723
0.16919196
0.64747345
0.2771635
0.0008649826
11.741964
19.004564
-7.1539273
6.5370584
0.13648343
-0.8326974
0.19884396
-10.968401
0.17165303
5.4827557
0.13721776
-0.09438336
-5.801141
5.4979644
-0.57168436
7.8032246
9.7398405
6.762376
13.596636
5.425904
4.6746445
12.443568
0.36828303
11.59894
-0.659935
0.01702857
-5.922913
1.8319297
5.005023
0.03482747
8.76155
