-0.1252154
-0.0
0.0
-0.0
-0.0
-0.0
0.0
-0.13051803
-0.0
0.15994105
0.0
0.10640686
0.0
-0.0
-0.0
0.0
0.0
0.0
-0.0
-0.36225024
-0.07941547
0.0
0.14532258
-0.0
-0.15752983
-0.0
-0.0
-0.0
0.0
-0.107647695
0.0
0.0
0.0
-0.0
-0.0
0.0
-0.0
0.0
-0.0
0.0
0.0
-0.0
-0.0
-0.35331976
-0.0
0.0
0.0
-0.0
-0.0
0.0
-0.07578231
0.0
0.0
-0.0
0.0
-0.0
0.0
0.07250893
-0.0
0.0
0.0
0.0
0.0
0.0
-0.0
0.0
-0.0
0.0
-0.0
0.0
-0.21570493
0.0
0.061311252
-0.0
-0.0
-0.03497302
-0.0
0.08119031
-0.0
0.0
0.0
-0.0
-0.0
-0.12014981
0.0
-0.0
0.0
0.0
0.0
-0.0
-0.10781008
-0.0
0.0
0.0
-0.0
-0.27329963
0.0
0.0
-0.0
0.0
-0.0
0.0
0.0
-0.0
0.0
0.0
-0.08947143
0.0
-0.0
0.0
-0.0
0.0
-0.0
-0.0
-0.0
-0.0
0.0
-0.0
-0.0
0.0
0.0
-0.0
-0.0
-0.0
-0.0
-0.0
-0.0
0.0
-0.0
-0.0
-0.0
0.0
0.0
0.0
-0.0
0.07296617
0.0
-0.12206163
0.1481459
0.0
0.0
-0.0
-0.0
0.05275453
-0.0
0.0
-0.0
0.0
0.0
0.0
-0.0
-0.0
-0.0
0.0
-0.0
-0.0
0.10480277
-0.10355083
-0.0
0.0
-0.0
0.0
-0.0
-0.08076775
-0.0
0.0
-0.04322736
-0.0
0.0
0.0
-0.0
-0.0
0.0
0.0
-0.0
0.0
-0.0
0.0
-0.0
-0.0
-0.0
0.0
-0.0
-0.0
-0.0
-0.0
-0.0
-0.0
0.0
0.0
0.0
0.0
0.0
-0.0
0.0
-0.0
0.18047208
-0.0
-0.0
0.34875676
0.0
0.0
-0.0
-0.0
0.0
0.0
0.0
0.0
-0.0
0.0
0.18806571
0.0
-0.0
0.0
0.28356352
-0.0
-0.0
0.13716924
0.0
-0.0
0.0
-0.0
0.0
-0.0
0.0
-0.0
0.0
-0.0
-0.0
0.0
-0.0
0.0
-0.0
0.0
-0.0
0.0
-0.0
0.0
0.0
-0.0
0.0
0.0
-0.0
-0.0
0.0
-0.0
0.0
-0.0
-0.0
0.0
0.0
0.0
0.0
-0.0
-0.0
0.0
0.18131909
-0.0
-0.0
-0.0
0.0
-0.0
-0.0
-0.0
-0.0
-0.0
-0.0
-0.0
0.26712403
-0.0
0.0
0.17751895
-0.0
-0.0
-0.0
0.0
0.0
-0.0
-0.16846232
0.0
-0.0
-0.0
0.0
-0.0
0.0
0.0
0.0
-0.0
-0.0
0.0
0.0
0.0
0.08295631
0.0
-0.0
0.0
-0.0
0.11096796
-0.0
0.0
0.0
0.0
0.0
0.0
0.0
-0.0
-0.0
0.04259577
0.0
0.0
0.038979974
-0.0
-0.0
0.0
-0.0
-0.0
0.0
-0.0
0.0
0.0
-0.0
-0.0
0.09233787
0.021414615
-0.0
0.0
-0.0
-0.0
0.0
-0.0
-0.0
0.0
0.0
-0.0
0.025642535
-0.0
-0.0
-0.13012768
0.0
0.0
0.040243246
-0.05925021
0.0
0.07486247
-0.087102234
-0.0
0.040168714
-0.0
-0.04720337
-0.0
-0.0
-0.0
-0.0
0.043382548
-0.0
-0.0
0.0
-0.0
0.0
-0.0
-0.0
-0.0
0.0
0.0
-0.050539773
-0.031523682
0.0
0.038475383
0.0
0.07090448
0.0
-0.06311143
0.0
0.0
-0.0
0.0
0.0
0.041209653
0.038729906
0.0
0.0
0.0
-0.032264795
0.09489647
-0.0
-0.0
0.0
0.0
-0.0
-0.0
0.0
-0.0
-0.0
-0.0
0.0
-0.0
-0.0
-0.0
-0.0
-0.0
0.0
-0.0
-0.0
-0.0
0.0
0.0
0.0
0.0
0.0
-0.18773787
-0.0
0.0
-0.0
-0.0
0.0
-0.0
-0.0
-0.0
0.0
-0.0
-0.0
0.0
0.0
0.0
-0.0
0.0
0.0
-0.0
-0.0
0.0
-0.0
-0.0
-0.0
-0.0
-0.0
0.0
0.0
0.0
0.0
0.0
0.0
0.0
-0.0
0.13804795
-0.0
0.0
-0.14079559
-0.0
0.0
0.0
-0.0
-0.0
-0.0
-0.0
0.0
0.0
-0.0
-0.0
-0.0
0.0
0.0
0.0
-0.24676882
0.0
0.0
0.0
0.0
0.0
0.0
-0.0
-0.0
0.0
-0.0
-0.0
0.0
-0.25747615
0.0
-0.0
0.0
-0.0
-0.0
0.33205524
0.0
0.0
-0.0
-0.0
0.0
0.0
0.0
0.0
0.0
-0.0
0.0
0.0
0.0
0.0
-0.0
-0.0
-0.0
-0.0
0.0
-0.0
-0.47550133
-0.0
0.0
0.0
-0.0
0.0
0.0
0.4761942
-0.0
-0.0
-0.0
0.0
0.0
-0.0
0.0
-0.0
0.0
-0.0
-0.0
-0.0
0.0
0.0
0.0
-0.0
-0.35884807
0.0
-0.0
-0.39650986
0.0
-0.0
-0.0
0.58433753
0.0
-0.0
-0.25110152
-0.0
0.0
0.0
0.26731017
0.0
0.0
-0.0
0.0
0.0
0.0
-0.0
-0.0
0.0
0.34552616
0.0
-0.46835136
0.0
-0.0
0.0
0.0
-0.0
-0.0
-0.0
0.0
-0.0
-0.0
-0.0
-0.0
0.14309083
-0.0
0.0
0.0
-0.0
0.0
-0.0
-0.0
-0.0
0.0
0.13214879
-0.0
0.0
-0.0
-0.13646758
0.0
0.0
0.0
0.0
-0.0
0.0
0.0
0.0
-0.0
-0.0
-0.0
0.0
-0.0
0.0
-0.0
0.0
-0.0
0.0
-0.0
0.0
0.0
0.0
-0.0
0.0
0.0
0.0
0.0
0.0
0.0
0.0
-0.0
0.0
-0.0
-0.0
-0.0
-0.0
-0.0
-0.0
-0.0
0.0
-0.0
-0.0
-0.0
0.0
-0.20235778
0.0
-0.17861304
0.14262548
0.0
-0.0
-0.0
0.0
0.0
-0.0
-0.0
-0.0
-0.0
-0.0
0.0
0.0
0.0
-0.0
-0.0
0.0
0.0
-0.0
0.0
0.0
-0.0
0.0
-0.0
-0.0
0.0
0.0
-0.0
0.0
-0.0
-0.32058313
-0.0
0.0
0.0
-0.0
-0.0
0.0
0.0
-0.0
0.0
-0.0
-0.0
0.0
0.0
0.0
-0.0
-0.0
-0.0
0.0
0.0
-0.0
0.0
0.0
-0.0
0.2577474
-0.0
-0.0
-0.2883486
-0.0
-0.0
0.0
0.0
-0.0
0.0
0.0
0.0
0.0
0.0
-0.0
0.0
0.0
-0.0
0.38841143
-0.0
0.0
-0.0
-0.0
0.0
-0.0
-0.0
0.0
0.0
-0.0
-0.0
-0.25428018
0.0
0.0
-0.0
0.0
-0.0
-0.0
0.0
0.0
-0.0
-0.0
-0.0
0.0
-0.0
-0.0
0.0
-0.0
-0.0
0.0
-0.0
0.0
-0.0
-0.0
0.0
0.0
-0.0
-0.0
-0.0
0.0
0.0
-0.0
0.0
0.0
0.0
0.0
-0.0
0.42414263
0.0
0.0
-0.0
-0.49027318
-0.0
-0.0
0.0
0.0
0.0
-0.0
-0.0
-0.0
0.0
0.0
-0.0
0.0
-0.0
-0.0
-0.0
-0.0
0.0
0.0
0.0
-0.0
0.0
-0.0
-0.0
-0.41770646
-0.35132766
-0.0
-0.0
-0.0
-0.0
-0.0
-0.0
-0.47817263
-0.11996409
0.0
0.61393124
-0.0
0.0
0.0
-0.0
-0.0
-0.0
-0.0
-0.0
-0.0
0.0
0.0
0.0
-0.0
-0.0
0.0
-0.0
0.0
0.0
-0.0
-0.0
0.0
-0.0
0.0
-0.0
0.0
-0.0
0.0
-0.0
0.0
-0.0
-0.0
0.0
-0.0
0.0
0.0
-0.0
-0.0
-0.0
-0.0
0.0
0.0
-0.0
-0.0
-0.0
-0.0
0.7098245
0.0
0.0
-0.0
-0.0
0.0
0.0
0.0
-0.0
0.12293496
0.0
-0.0
0.0
0.0
-0.0
-0.0
-0.0
-0.0
-0.0
-0.0
-0.0
-0.0
0.0
-0.0
0.0
0.0
0.0
-0.0
0.0
-0.0
-0.30909067
-0.0
-0.14595443
0.0
0.0
-0.0
-0.0
-0.0
0.0
-0.0
0.0
0.0
0.0
-0.0
0.0
-0.0
0.0
0.0
0.0
-0.0
0.0
-0.0
-0.0
0.0
-0.068772204
-0.0
0.3092712
-0.0
-0.23786487
0.0
0.0
-0.0
0.0
0.0
0.07771474
-0.0
0.0
-0.0
-0.0
-0.0
-0.0
-0.0
-0.0
-0.0
-0.0
-0.0961475
-0.0
0.0
0.0
0.0
-0.0
0.0
-0.0
0.0
-0.0
0.0
0.0
0.0
0.0
0.0
-0.0
0.0
-0.0
0.0
-0.0
-0.0
0.0
0.0
-0.0
0.0
-0.0
-0.0
0.16156332
0.0
-0.0
0.0
-0.0
0.0
-0.0
-0.0
-0.0
0.0
-0.0
-0.0
-0.0
0.0
0.0
-0.0
0.0
-0.0
0.0
-0.0
-0.13279136
0.0
-0.0
-0.0
-0.0
-0.09080178
0.056377053
-0.0
0.0
-0.0
-0.0
0.0
-0.060069807
0.083308026
0.0
-0.045415163
-0.0
-0.0
0.0
0.03001795
0.034684215
0.07423021
0.0
0.0
0.062016167
-0.14393768
-0.0
-0.0
0.16027115
-0.0
0.13282135
-0.0
0.0
0.0
-0.0
0.0
-0.0
0.0
0.0
0.0
0.0
0.0
-0.0
0.0
-0.0
0.0
-0.0
-0.0
0.0
0.04144833
0.0
0.0
0.0
-0.0
-0.0
-0.08272266
-0.0
-0.0
-0.051771045
0.0
0.0
0.0
-0.023498673
-0.13468266
0.0
-0.0
0.0
0.0
0.0
-0.076033436
0.0
-0.0
-0.0
0.04313064
-0.0
0.0
0.0
0.0
0.0
-0.1162835
-0.0
0.0
-0.0
-0.0
0.0
-0.0
0.0
-0.04690652
-0.0
-0.0
-0.0
-0.0
-0.0
-0.0
-0.0
-0.0
-0.070012294
0.0
0.0
-0.0
-0.08940128
0.068309374
-0.0
-0.0
-0.0
0.0
0.0
0.0
-0.0
-0.0
-0.0
0.0
-0.0
-0.0
-0.0
-0.0
0.0
-0.0
-0.0
-0.0
-0.0
-0.0
-0.0
0.0
0.0
-0.0
-0.0
-0.0
-0.0
-0.0
-0.0
0.0
-0.0
-0.0
-0.0
-0.0
0.0
0.4774414
0.0
-0.0
0.0
-0.0
-0.0
-0.0
0.0
-0.0
0.0
0.310121
0.0
0.0
-0.0
0.0
0.0
-0.0
0.0
-0.0
-0.24058509
0.0
0.0
-0.0
-0.0
0.0
-0.0
-0.0
0.34823012
0.0
0.0
0.0
-0.0
-0.0
0.0
0.0
-0.0
-0.0
0.0
-0.0
-0.20354919
0.0
-0.0
-0.0
0.0
0.0
-0.0
-0.0
0.0
0.0
0.0
-0.0
-0.0
-0.0
0.0
-0.0
0.0
0.0
0.0
-0.1482437
-0.0
-0.0
-0.0
0.0
-0.0
0.0
0.0
-0.0
0.0
0.0
-0.0
0.45542163
-0.0
-0.0
0.0
-0.0
0.0
0.0
-0.0
0.0
0.0
0.0
-0.0
0.0
-0.0
-0.0
0.0
0.0
-0.3329308
0.0
0.0
-0.0
0.0
-0.0
-0.0
0.0
-0.0
0.0
0.0
-0.0
0.0
0.0
-0.0
0.0
-0.0
-0.0
0.0
-0.0
-0.0
-0.0
-0.0
-0.0
-0.0
0.0
0.0
0.0
-0.0
0.0
0.0
-0.0
0.0
0.0
0.0
0.0
-0.0
0.0
-0.0
0.0
0.0
0.0
-0.0
-0.0
-0.0
-0.0
-0.0
-0.0
-0.0
0.0
-0.0
-0.0
-0.0
0.0
0.0
0.0
-0.0
0.0
0.0
-0.0
-0.0
0.0
-0.0
-0.0
-0.0
-0.0
0.0
0.0
0.0
-0.0
0.0
0.0
0.0
0.14472628
0.0
0.0
-0.21661639
0.0
-0.0
-0.0
-0.0
-0.0
0.0
0.0
0.0
-0.0
-0.0
0.0
0.0
-0.0
-0.0
-0.0
-0.21279284
-0.0
0.0
-0.0
-0.0
0.0
0.0
0.0
0.0
-0.5598532
0.0
0.0
-0.0
-0.0
-0.0
0.0
-0.0
0.0
0.0
0.0
0.0
0.0
0.0
-0.0
-0.0
-0.0
-0.0
-0.0
-0.0
-0.0
-0.0
0.0
0.1302208
-0.0
0.0
-0.0
0.0
-0.0
-0.0
-0.0
0.0
-0.0
-0.0
0.0
-0.0
0.0
-0.0
-0.0
0.0
0.0
-0.0
0.0
-0.0
0.0
-0.0
0.0
-0.0
-0.0
-0.0
0.0
0.0
0.0
-0.0
0.0
-0.0
-0.0
0.0
-0.0
0.0
0.0
-0.0
0.0
0.0
0.0
-0.0
-0.0
0.0
-0.0
0.0
-0.0
-0.0
-0.0
0.25536698
-0.0
0.0
0.0
0.0
0.0
0.0
0.642156
-0.0
-0.0
-0.54915696
-0.0
-0.0
-0.0
0.0
0.0
-0.0
0.0
-0.0
0.0
0.0
0.0
0.0
-0.0
0.0
-0.0
0.0
-0.0
-0.0
0.48794279
-0.0
-0.0
-0.0
0.0
0.0
-0.0
-0.0
0.0
0.0
-0.0
-0.0
0.0
-0.0
0.0
-0.0
-0.0
0.0
0.0
0.0
-0.0
0.0
-0.0
0.0
0.0
-0.0
0.0
-0.32092357
-0.0
-0.0
-0.0
0.0
-0.0
0.0
0.0
0.0
0.0
0.0
-0.0
0.0
0.0
0.0
-0.0
0.0
-0.0
-0.0
-0.0
0.0
0.0
0.0
-0.0
0.0
-0.0
-0.0
-0.0
-0.0
-0.0
-0.0
0.0
0.0
-0.0
-0.0
-0.0
0.0
-0.0
0.0
-0.0
-0.0
0.0
-0.0
0.0
0.0
-0.0
0.0
-0.0
-0.0
-0.0
-0.0
0.0
0.0
-0.0
0.0
-0.0
0.0
0.0
0.0
-0.0
0.0
-0.0
-0.0
-0.0
-0.0
-0.0
0.0
-0.0
-0.0
0.0
-0.0
-0.0
-0.0
-0.0
-0.0
0.0
-0.0
-0.0
0.0
-0.0
-0.0
-0.0
-0.0
-0.0
0.0
-0.0
0.0
-0.0
0.0
-0.0
-0.0
0.0
-0.0
0.0
-0.0
0.0
0.0
0.0
0.0
0.0
0.36033654
-0.0
-0.0
-0.0
0.0
-0.0
-0.0
-0.0
0.0
-0.0
-0.0
0.0
-0.0
0.0
0.0
-0.0
0.0
-0.0
-0.0
-0.0
-0.21067236
-0.0
-0.0
0.0
0.0
-0.0
-0.0
0.0
0.0
-0.0
-0.0
0.0
0.0
-0.0
0.0
-0.0
0.0
0.0
-0.0
0.0
0.23058467
-0.0
0.0
-0.15414074
-0.0
-0.0
0.08957455
0.0
0.0
-0.0
-0.0
-0.0
-0.0
0.0
0.0
-0.0
0.0
0.0
-0.0
0.0
0.0
-0.0
0.0
-0.0
-0.0
-0.32882434
-0.0
-0.0
0.0
0.0
-0.0
0.0
-0.0
-0.0
0.0
0.0
-0.0
0.0
0.0
-0.17169346
-0.0
-0.0
0.0
-0.0
-0.0
0.0
-0.0
-0.0
0.0
-0.0
0.0
0.0
-0.0
0.0
-0.0
0.0
0.0
-0.0
0.0
0.0
-0.0
0.0
-0.0
-0.0
-0.0
0.0
0.0
-0.0
-0.0
-0.0
0.0
0.0
0.0
-0.0
0.0
-0.0
-0.0
-0.0
0.0
-0.0
-0.0
-0.0
-0.0
0.0
-0.0
-0.0
0.0
-0.0
-0.11364526
0.0
0.070244834
-0.0
0.0
-0.17623752
0.0
0.0
0.0
0.0
-0.0
-0.0
0.0
-0.0
-0.0
0.0
0.0
0.0
-0.0
-0.0
-0.0
-0.0
0.0
0.0
-0.0
0.0
0.0
0.0
0.0
-0.0
0.0
0.0
-0.0
0.0
-0.0
-0.0
0.0
0.0
0.0
0.0
0.0
0.0
0.0808825
-0.0
-0.0
0.0
0.0
0.0
-0.0
0.0
-0.0
-0.0
0.0
-0.0
-0.0
-0.0
-0.074909195
0.0
-0.0
-0.0
0.0
0.0
-0.0
-0.0
-0.0
0.0
0.0
-0.07197526
-0.0
-0.0
0.0
0.0
-0.0
-0.0
0.0
-0.13848613
0.0
0.0
0.0
-0.0
-0.0
0.0
0.116775736
-0.0
-0.0
-0.0
0.10779372
-0.0
-0.0
0.0
0.0
0.0
0.0
0.0
0.0
-0.0
-0.0
0.0
0.0
0.0
0.0
0.0
-0.0
-0.0
0.0
-0.0
-0.0
0.0
-0.0
-0.0
0.0
0.0
-0.0
-0.0
0.0
-0.0
-0.0
0.0
-0.0
-0.0
0.0
-0.0
-0.0
0.0
-0.0
-0.0
0.0
0.0
-0.0
-0.0
0.0
0.0
-0.0
-0.0
-0.0
-0.0
-0.0
-0.0
-0.0
0.0
-0.0
-0.0
0.0
-0.0
-0.0
0.0
0.0
0.13503908
-0.0
-0.0
-0.0
0.0
-0.0
-0.0
0.0
0.0
0.0
0.0
-0.0
0.0
0.0
-0.0
-0.0
-0.0
-0.0
-0.0
-0.0
0.0
-0.0
-0.22185168
-0.0
-0.06031507
0.0
-0.083700456
-0.0
-0.11318084
-0.0
-0.1068805
0.0
0.0
0.0
0.120045215
-0.0
-0.0
0.06283474
-0.0
0.0
-0.0
0.0
-0.0
0.0
-0.0
0.0
0.0
0.0
-0.0
-0.0
0.0
-0.0
-0.0
0.028020293
0.0
-0.0
-0.12947968
-0.1669135
-0.0
-0.16691816
-0.0
0.0
0.0
0.0
0.0
-0.0
0.0
0.04439064
-0.0
-0.0
0.14543022
-0.0
0.0
-0.0
0.0861736
0.0
-0.080289744
0.0
-0.0
-0.0
-0.0
0.0
0.0
-0.0
0.09660487
-0.0
0.0
0.0
0.0
-0.0
-0.22110124
0.0
0.0
0.0
0.0
-0.0
-0.07920297
0.0
-0.047892965
0.0
0.0
-0.0
-0.0
-0.0
0.0
-0.0
-0.044014595
0.0
0.0
-0.0
-0.0
-0.13821632
0.0
0.0
-0.0
-0.0
0.0
0.0
0.040589064
-0.0
0.0
-0.0
-0.0
0.06507835
0.09317175
0.0
-0.0
-0.09503294
-0.0
-0.0
0.0
0.085971124
-0.0
-0.0
-0.0
0.0
0.13204975
-0.0
0.0
0.0
0.0
-0.0
-0.0
-0.0
0.0
-0.0
-0.07484808
-0.10343275
-0.050482236
0.0
0.0
0.0
-0.0
-0.0
0.0
-0.0
-0.0
0.0
0.0
-0.0
0.0
0.05096106
0.0
0.0
-0.0
0.0
-0.0
0.0
0.0
0.0
-0.0
0.0
-0.0
0.0
0.0
-0.0
-0.0
-0.0
0.0
0.07124235
0.0
0.0
-0.0
-0.0
-0.0
0.0
-0.0
-0.0
0.0
0.0
-0.0
0.0
-0.0
-0.0
-0.0
0.0
-0.0
0.0
-0.11148261
-0.0
0.0
-0.0
-0.0
0.0
0.07551394
-0.0
0.0
0.0
-0.0
0.0
0.0
0.0
0.053600743
0.0
0.0
-0.0
0.0
0.0
0.0
0.0
0.0
0.0
0.0
-0.0
-0.0
-0.0
-0.0
0.0
-0.0
-0.0
-0.0
-0.0
-0.0
0.0
-0.0
0.0
-0.0
0.0
-0.0
-0.0
-0.0
-0.0
-0.0
0.0
0.12140092
0.0
0.0
-0.0
-0.0
-0.0
-0.0
0.0
0.0
0.0
-0.0
0.0
-0.0
0.0
-0.0
0.16977024
-0.0
-0.0
-0.0
-0.0
-0.0
-0.0
-0.15828185
0.0
-0.0
-0.0
-0.0
-0.0
0.0
0.0
-0.0
-0.0
0.0
-0.0
0.0
-0.0
-0.085791096
-0.0
-0.0
-0.0
0.0
-0.0
0.0
0.0
-0.0
-0.0
-0.0
-0.0
-0.0
0.10788041
-0.0
-0.0
-0.0
0.0
-0.0
0.0
0.0
0.0
0.0
-0.0
-0.0
-0.0
-0.0
0.0
0.0
-0.11362515
0.0
0.0
-0.0
0.0
0.2309487
-0.0
-0.2230283
-0.0
0.0
0.0
0.0
0.0
-0.0
0.0
-0.0
-0.0
0.0
0.0
0.0
0.0
0.0
0.0
-0.0
-0.11065591
0.0
0.0
-0.07547725
0.0
-0.18952903
-0.0
0.13626824
0.0
0.095177546
-0.0
0.0
-0.0
0.0
0.0
0.0
0.083164826
0.0
-0.0
0.0
0.10317511
-0.0
0.0
0.0
0.0
-0.0
0.0
-0.0
-0.0
-0.0
0.0
0.0
0.0
0.0
-0.0
0.0
0.0
0.0
-0.0
0.0
-0.0
0.0
0.0
0.0
0.0
0.0
0.0
0.0
0.0
0.0
0.0
-0.077810355
0.0
0.0
-0.0
-0.0
0.0
-0.0
0.0
0.08548178
-0.0
-0.0
-0.0
-0.0
-0.0
0.0
0.0
-0.0
-0.0
-0.0
-0.0
-0.0
0.0
0.0
0.0
-0.11558878
-0.0
0.12281854
0.0
0.117050305
0.0
0.0
0.0
-0.0
0.0
-0.079448625
-0.0
-0.0
-0.0
0.0
-0.107441194
-0.0
-0.19505186
0.0
0.0
0.0
-0.0
-0.0
0.0
0.0
0.0
-0.0
-0.0
-0.26972654
-0.0
0.0
-0.0
-0.0
0.0
0.0
-0.0
0.0
0.0
0.0
-0.0
-0.0
0.0
0.0
0.0
-0.0
-0.0
0.0
0.0
-0.0
-0.0
0.0
-0.0
-0.0
-0.0
-0.0
-0.0
0.0
0.0
0.0
-0.0
0.18172422
0.0
-0.0
0.0
0.0
-0.0
-0.17147398
0.0
0.0
0.0
-0.0
0.0
0.0
-0.0
0.28329393
0.0
0.0
-0.0
-0.0
0.0
0.0
0.0
-0.0
-0.0
0.0
-0.0
0.0
-0.0
-0.0
0.0
0.0
-0.0
0.21088664
0.0
-0.0
0.0
0.0
0.0
0.0
0.0
0.0
0.0
0.0
0.0
0.0
-0.13521028
0.0
-0.0
0.0
0.0
-0.0
0.0
-0.16888358
-0.0
0.0
-0.0
-0.0
0.0
0.0
-0.0
0.0
-0.0
0.0
0.0
-0.0
-0.0
0.0
0.0
-0.0
0.0
0.0
0.0
-0.0
-0.0
0.0
0.0
0.0
0.0
-0.06347122
0.0
0.0
0.17910148
0.0
0.0
0.0
-0.0
0.0
0.0
0.0
0.0
0.0
0.0
-0.0
-0.0
0.0
-0.0
0.0
-0.0
-0.13914831
0.0
0.0
-0.0
-0.0
0.0
-0.0
0.0
0.0
-0.0
0.0
0.0
0.0
0.0
0.4634053
0.0
-0.0
-0.0
0.0
0.0
-0.0
-0.0
-0.0
0.0
0.0
-0.0
-0.0
-0.0
0.0
-0.0
0.0
-0.0
0.0
0.0
0.0
0.0
-0.0
0.0
0.0
-0.0
-0.0
0.0
-0.16748603
-0.0
0.0
0.0
0.11839361
0.0
0.0
-0.0
-0.0
-0.0
-0.0
-0.2785316
-0.0
0.0
0.0
-0.0
0.0
-0.0
0.0
-0.17487998
-0.0
-0.0
-0.15434185
0.0
-0.0
0.0
0.0
-0.0
0.0
0.0
-0.0
0.0
-0.0
-0.0
0.0
-0.0
-0.0
-0.0
0.0
0.16571146
-0.0
-0.0
0.0
-0.0
-0.0
0.0
-0.0
-0.0
0.0
-0.0
0.0
0.0
0.0
-0.0
0.0
-0.0
-0.0
0.0
-0.0
-0.0
-0.0
-0.0
-0.0
0.0
-0.0
-0.0
-0.0
0.0
-0.0
-0.0
-0.18946639
-0.0
-0.0
-0.0
0.2255841
-0.0
-0.0
0.0
0.2827017
0.0
-0.0
0.0
-0.0
-0.0
0.0
-0.09146607
0.0
-0.0
0.0
0.0
0.0
-0.0
-0.14998679
-0.0
0.0
-0.0
-0.0
-0.0
-0.0
0.0
-0.0
0.0
0.0
-0.0
0.0
0.0
0.0
-0.0
0.0
0.0
0.0
-0.0
0.2547407
0.0
0.20446452
0.0
0.0
-0.0
0.0
-0.0
0.0
0.0
0.0
0.0
-0.0
-0.0
-0.0
0.0
-0.0
-0.293131
0.0
0.15585738
0.0
0.0
0.0
-0.0
-0.0
-0.18183993
-0.0
-0.0
-0.0
-0.0
-0.0
-0.0
0.0
0.0
0.0
-0.0
-0.0
-0.0
0.0
-0.0
-0.0
-0.0
0.0
0.0
0.0
-0.0
-0.0
0.0
-0.0
-0.0
-0.0
0.0
0.0
-0.0
0.0
0.0
0.0
-0.0
-0.0
0.0
0.0
0.0
0.0
0.0
0.0
0.0
0.0
0.0
0.0
0.0
0.0
0.0
0.0
-0.0
-0.0
-0.0
-0.0
0.0
-0.0
-0.0
0.0
0.0
-0.0
0.0
-0.0
0.0
-0.0
-0.0
-0.0
0.0
-0.0
0.0
-0.0
-0.0
0.0
0.0
0.0
0.0
0.0
0.0
-0.04631202
-0.0
-0.0
0.0
-0.0
0.112076186
0.0
0.0
0.0
-0.0
0.0
-0.0
0.0
-0.053704962
0.0
0.0
0.0461713
-0.0
-0.0
0.0
0.0
0.0
-0.13122697
-0.0
0.0
-0.0
-0.0
0.0
0.0
0.0
-0.11037679
-0.0
-0.05508752
-0.0
0.0
0.0
-0.0
-0.0
0.0
0.0
-0.0
0.0
-0.0
0.0
0.0
0.0
-0.0
-0.0
-0.0
-0.0
0.0
-0.0
-0.097728565
0.0
0.0
-0.0
-0.0
0.0
-0.0
0.09880898
0.0
0.0
-0.0
-0.0
0.0
0.0
0.0
0.0
-0.0
0.0
0.0
-0.0
-0.08365534
0.0
-0.0
-0.0
0.0
-0.0
-0.0
0.09662166
0.0
0.0
0.0
0.0
0.0
-0.0
-0.0
-0.0
-0.0
0.0
-0.0
-0.0
-0.13999113
0.0
-0.0
-0.0
0.0
-0.0
-0.0
0.0
0.0
-0.0
0.0
0.0
-0.0
-0.0
0.0
-0.0
-0.0
0.0
-0.0
-0.0
-0.0
-0.15378886
0.0
-0.0
0.0
-0.0
-0.0
0.0
0.0
0.0
0.0
-0.0
0.0
-0.0
-0.0
-0.0
0.0
0.0
0.06216336
0.0
-0.0
0.0
-0.0
-0.0
0.0
-0.0
-0.0
0.0
-0.0
-0.0
-0.0
0.0
0.052468263
-0.0
-0.0
0.0
-0.0
-0.0
-0.0
-0.10840209
-0.0
-0.0
-0.0
0.0
-0.070041865
-0.0
0.0
-0.0
-0.0
0.0
-0.0
-0.07230732
-0.0
-0.0
0.0
0.0
0.0
-0.0
0.0
0.0
0.0
0.0
0.0
-0.0
0.05987982
-0.0
-0.0
0.0
0.0
0.0
0.0
0.0
-0.0
0.0
0.0
0.0
0.0
-0.0
-0.0
-0.0
0.0
0.0
0.0
-0.0
-0.0
0.0
0.0
-0.0
-0.0
0.0
0.0
-0.0
0.0
0.0
-0.0
-0.0
-0.0
-0.0
-0.0
0.0
-0.0
-0.0
-0.0
-0.0
-0.0
0.0
-0.0
0.0
0.0
-0.0
0.0
-0.0
-0.0
0.0
0.0
-0.0
0.0
0.0
0.0
0.0
0.0
0.0
-0.0
-0.0
-0.0
0.0
-0.0
-0.0
0.0
0.0
-0.0
0.20359847
0.0
-0.0
0.0
-0.0
0.0
0.0
0.0
0.0
-0.0
0.0
0.0
-0.69392097
-0.0
-0.0
-0.0
0.0
-0.0
-0.0
0.0
0.0
0.0
-0.0
0.0
-0.0
0.0
0.0
0.0
-0.0
-0.0
-0.0
0.0
-0.0
-0.0
-0.0
0.0
0.0
-0.0
-0.0
-0.0
0.0
0.0
0.0
-0.0
0.0
-0.099377476
0.0
-0.0
-0.0
0.0
0.06589508
-0.0
0.0
0.0
0.0
0.0
0.0
-0.0
0.22859101
-0.0
-0.12950034
0.0
-0.0
0.0
-0.0
-0.0
0.0
0.0
0.0
-0.0
0.0
0.0
0.0
-0.0
0.0
-0.0
-0.0
-0.0
-0.0
-0.0
-0.0
0.0
-0.0
0.0
-0.0
0.0
0.0
-0.0
-0.0
-0.0
0.0
0.0
-0.0
-0.0
0.0
0.0
-0.0
-0.0
0.0
0.0
-0.0
-0.0
0.0
-0.0
0.0
-0.0
0.0
-0.0
0.0
0.0
0.0
0.0
-0.0
0.0
-0.0
-0.0
0.0
0.0
0.0
-0.0
-0.0
-0.0
-0.0
0.0
-0.14688312
-0.0
-0.0
0.0
-0.0
-0.09491567
-0.0
-0.0
0.0
0.0
-0.0
-0.0
-0.59767526
-0.0
0.0
-0.0
0.0
-0.0
-0.0
-0.0
-0.0
-0.0
0.0
-0.0
-0.0
0.0
0.0
0.0
0.67855173
0.0
-0.3141532
0.0
-0.51694447
0.0
0.0
-0.0
-0.0
0.0
-0.0
0.0
-0.0
0.0
-0.0
-0.0
-0.0
0.0
0.0
-0.0
-0.0
-0.0
0.0
-0.0
0.0
-0.0
-0.0
-0.0
-0.0
0.0
-0.0
0.0
0.0
-0.0
0.0
-0.0
0.0
0.0
-0.0
0.0
-0.0
-0.0
0.0
0.0
-0.0
-0.0
0.0
0.0
-0.0
-0.0
-0.0
-0.0
0.0
0.0
-0.0
0.0
-0.0
-0.0
0.0
0.0
-0.0
0.0
0.0
0.0
0.0
-0.0
0.0
0.0
-0.28699374
-0.0
-0.0
0.0
-0.0
0.0
-0.0
0.0
0.0
0.05297712
0.0
-0.0
0.0
-0.0
-0.0
0.0
-0.0
0.0
0.0
0.0
-0.0
-0.0
0.0
-0.0
-0.0
0.0
0.0
-0.0
-0.0
0.0
-0.0
0.0
-0.0
0.0
-0.0
-0.0
-0.0
0.0
0.0
-0.0
-0.0
0.0
-0.0
0.0
-0.0
0.0
-0.0
-0.0
0.0
0.0
0.0
0.0
-0.0
0.0
0.0
-0.0
-0.0
-0.0
-0.0
0.0
0.101605624
-0.0
-0.0
0.0
0.0
-0.0
0.0
-0.0
-0.0
0.0
-0.0
-0.0
-0.26079184
0.0
-0.0
0.0
-0.0
-0.0
-0.0
0.0
-0.0
-0.0
-0.0
-0.0
0.0
0.0
0.0
-0.0
-0.0
-0.0
-0.08626141
-0.0
0.0
0.0
-0.0
-0.0
-0.0
0.16757046
0.0
0.0
0.06668471
0.0
0.0
0.19634447
-0.0
-0.0
-0.0
-0.0
-0.0
-0.0
-0.0
0.0
0.0
-0.0
-0.0
0.0
0.0
0.0
0.0
0.0
-0.0
0.0
-0.1209893
0.0
-0.0
0.0
0.13604921
0.0
-0.11903608
-0.0
-0.0
0.0
0.0
-0.0
0.070182264
0.16356029
0.09852746
-0.0
-0.0
0.0
-0.0
-0.0
-0.0
-0.0
-0.41367444
0.0
-0.0
0.0
0.0
-0.0
-0.0
-0.0
0.0
0.0
0.0
0.0
-0.0
-0.0
0.0
0.0
0.0
0.0
-0.26327592
0.0
0.0
0.0
0.0
0.0
-0.0
0.0
-0.0
-0.0
-0.0
0.0
0.0
0.0
0.0
-0.0
0.0
0.0
0.0
-0.0
0.0
0.0
-0.0
0.1325308
0.0
-0.0
0.1008506
-0.0
-0.16492109
0.0
-0.0
-0.0
-0.0
0.0
0.0
-0.0
-0.0
0.0
0.0
0.0
-0.0
0.0
-0.0
-0.0
-0.0
-0.0
-0.0
0.0
0.0
0.0
-0.0
0.0
0.0
-0.0
-0.0
0.0
-0.0
-0.0
0.0
-0.0
0.0
-0.0624531
0.0
-0.0
0.05229056
0.0
0.0
-0.0
-0.0
-0.0
0.0
0.0
-0.0
0.0
0.0
0.0
0.0
-0.0
-0.0
0.0
-0.0
-0.06868508
0.0
0.0
0.0
0.0
0.0
0.0
0.0
-0.0
0.0
0.0
0.0
0.0
-0.0
0.0
-0.0
0.0
0.07342039
-0.0
-0.0
0.0
-0.1625356
-0.0
0.0
-0.0
0.0
-0.0
-0.0
0.0
-0.0
-0.0
0.0
0.0
0.0
0.0
-0.0
-0.0
-0.0
0.0
0.0
-0.0
0.0
0.0
-0.0
-0.0
0.0
-0.18163078
0.0
0.0
-0.0
0.0
-0.0
-0.0
-0.0
-0.40407288
0.0
-0.0
-0.0
0.0
-0.0
-0.0
0.0
-0.0
0.0
-0.0
0.0
0.0
-0.0
0.0
0.0
-0.0
-0.0
0.0
-0.0
0.253451
-0.0
0.17655472
0.0
-0.0
-0.32219312
0.0
-0.0
-0.0
0.0
0.0
-0.0
0.15202492
0.0
-0.0
-0.0
0.0
-0.0
0.0
-0.0
0.0
-0.26139513
0.6451411
0.0
0.0
-0.0
0.0
-0.0
0.0
-0.0
0.0
0.0
-0.0
-0.0
-0.0
-0.49868292
0.0
-0.0
-0.0
-0.0
-0.0
-0.0
0.0
0.0
-0.0
0.0
-0.0
-0.0
0.0
0.0
-0.0
0.0
0.0
-0.0
-0.0
0.0
-0.0
-0.0
-0.0
0.0
0.0
0.0
-0.0
-0.0
0.0
0.0
0.0
0.0
-0.26134405
-0.0
0.0
0.16369009
-0.0
-0.46531287
0.0
-0.0
-0.0
-0.0
-0.0
0.0
-0.0
-0.0
-0.0
-0.0
0.17342645
-0.0
0.0
0.0
0.0
0.0
-0.0
-0.0
0.0
0.0
0.0
-0.0
0.0
-0.3860104
0.0
-0.0
0.0
0.0
-0.479267
-0.0
0.0
-0.0
0.0
0.0
-0.0
-0.0
-0.22956888
0.0
0.0
-0.0
0.0
0.0
-0.0
-0.0
0.0
0.0
0.0
0.0
0.0
-0.0
0.0
0.0
-0.0
-0.0
0.0
0.40668747
-0.23509392
0.0
-0.0
-0.0
0.0
-0.0
0.67909884
-0.0
-0.0
-0.0
-0.0
0.0
-0.0
0.0
-0.0
0.0
-0.0
-0.0
0.0
0.710457
-0.0
0.0
-0.0
0.0
-0.22032107
-0.0
0.0
0.0
0.0
0.0
-0.0
0.0
0.0
-0.0
-0.0
-0.0
-0.0
-0.0
0.0
-0.0
-0.0
-0.0
0.0
0.0
0.0
-0.0
-0.0
-0.17096454
0.0
-0.0
0.0
0.0
0.0
-0.0
-0.0
-0.0
-0.0
-0.0
0.0
-0.0
0.21209535
0.18572824
-0.0
-0.0
0.0
0.0
0.0
-0.0
0.0
0.0
0.0
0.0
-0.0
0.0
-0.0
-0.0
-0.0
0.0
0.0
0.0
-0.0
-0.0
0.0
0.38568896
0.14942996
0.0
-0.0
-0.0
0.0
0.0
-0.0
0.0
0.0
0.31884012
-0.0
0.0
-0.0
-0.0
-0.0935508
-0.0
-0.0
0.0
0.0
-0.0
0.0
0.5376078
0.0
0.0
-0.0
0.0
-0.0
0.15573847
-0.0
0.0
-0.0
0.0
-0.0
0.4083979
0.0
-0.0
0.0
0.0
0.0
0.0
0.0
0.0
-0.19024514
0.0
-0.0
-0.0
-0.0
-0.0
-0.0
0.0
-0.0
-0.0
0.0
0.0
0.17479937
-0.0
-0.0
0.0
-0.0
0.0
-0.0
0.0
-0.0
-0.0
-0.0
0.0
0.0
0.0
-0.0
0.0
0.0
0.0
-0.0
-0.0
0.0
-0.0
-0.0
0.0
0.0
0.0
0.0
0.0
-0.0
0.0
0.0
-0.0
0.0
-0.0
-0.0
0.0
0.0
-0.33439738
-0.0
-0.0
0.0
-0.0
0.0
0.0
0.0
0.0
-0.0
-0.0
-0.0
0.0
0.0
-0.0
0.0
0.0
0.0
0.0
0.36392656
-0.0
-0.0
0.120941
0.0
-0.0
-0.0
-0.34327823
-0.0
0.0
0.0
0.0
-0.0
-0.0
0.0
-0.26671132
0.0
0.0
-0.0
0.25945932
0.0
0.0
0.0
0.0
-0.0
0.0
0.0
0.0
-0.0
-0.0
0.0
0.0
-0.33705828
0.0
0.0
-0.0
-0.0
-0.0
-0.0
0.0
-0.0
-0.0
-0.0
-0.0
0.0
0.0
0.0
-0.0
0.095977016
-0.0
-0.0
-0.0
0.0
0.0
0.0
0.0
-0.0
0.0
-0.0
0.0
-0.0
-0.1351985
-0.0
0.17187214
0.0
0.17910238
-0.0
0.0
-0.0
-0.18427129
-0.0
-0.0
-0.0
-0.0
-0.0
0.0
-0.0
-0.0
0.0
0.0
0.0
-0.0
-0.0
0.0
-0.0
0.0
-0.0
0.0
-0.0
-0.0
-0.0
-0.0
-0.0
-0.0
-0.0
0.0
0.0
-0.0
0.0
0.0
0.0
0.0
0.0
0.0
-0.0
-0.0
-0.0
0.0
0.0
0.0
-0.0
-0.0
0.0
0.0
-0.0
0.0
0.0
-0.0
0.0
0.0
-0.17720085
0.0
0.0
0.0
0.0
-0.0
-0.0
0.0
-0.0
-0.0
0.0
0.0
-0.0
-0.0
-0.0
0.0
0.0
0.0
0.0
-0.0
-0.0
0.0
0.0
-0.0
-0.0
0.0
0.0
-0.0
0.0
0.0
-0.0
0.0
-0.0
0.0
-0.0
0.1032206
-0.0
0.0
-0.0
0.0
0.0
-0.0
-0.0
-0.0
0.0
0.0
0.0
0.0
0.0
-0.0
-0.0
-0.0
-0.0
0.0
-0.0
0.0
0.0
-0.0
-0.0
-0.0
-0.0
0.0
-0.0
0.0
0.0
-0.0
0.0
-0.0
-0.0
0.0
0.0
0.06785208
0.13817145
-0.0
0.0
0.0
-0.0
0.0
0.0
-0.1558438
0.0
-0.0
0.0
-0.0
0.0
0.0
0.0
0.0
0.0
0.0
-0.0
0.0
0.0
-0.0
-0.0
-0.0
0.0
-0.0
0.0
-0.0
0.0
0.0
-0.0
-0.0
0.20566018
-0.0
0.0
0.0
0.0
0.0
-0.0
0.0
-0.0
-0.1565543
-0.0
-0.0
0.0
-0.0
-0.23516832
-0.0
-0.0
-0.0
-0.0
-0.0
-0.0
-0.12452479
-0.02944803
-0.0
0.0
-0.0
0.0
0.0
0.0
-0.20803276
0.0
0.0
-0.0
0.0
-0.29755148
0.0
0.0
-0.0
0.21334743
0.2068449
-0.0
0.0
0.0
-0.0
0.0
-0.0
0.0
-0.19493675
0.0
-0.0
0.0
-0.0
0.15194117
-0.0
-0.19099703
0.0
-0.0
-0.0
0.0
-0.0
0.20677172
-0.61945915
-0.0
-0.0
0.0
0.0
-0.0
0.0
0.21495274
-0.0
0.0
0.0
0.0
-0.0
0.0
-0.15746436
-0.0
0.0
0.0
-0.0
0.21083577
0.0
-0.14215432
0.0
-0.15325056
-0.0
-0.16425681
-0.27344736
0.3004444
-0.0
0.0
0.3287552
0.0
-0.22918017
0.20651056
0.25691855
0.0
-0.0
-0.0
0.0
0.52981555
-0.0
0.0
0.0
0.0
-0.42573503
0.0
0.0
0.0
0.0
0.0
0.0
-0.0
0.0
-0.0
0.0
0.0
-0.0
-0.0
0.0
0.0
0.0
0.0
-0.0
-0.0
0.0
-0.0
-0.0
-0.0
-0.0
-0.0
-0.0
-0.0
-0.0
0.0
0.0
-0.0
-0.0
0.0
-0.0
-0.0
-0.0
-0.0
0.0
-0.0
-0.0
-0.0
-0.0
-0.0
-0.0
-0.0
0.0
0.0
0.0
-0.0
0.0
0.55386746
-0.0
-0.0
-0.0
0.0
-0.0
-0.0
-0.0
-0.0
0.0
0.0
-0.0
-0.0
-0.0
-0.0
-0.0
0.0
-0.0
-0.0
0.0
0.0
0.0
0.0
0.0
0.25594324
-0.0
-0.0
0.0
0.0
0.0
-0.0
-0.0
0.0
0.0
-0.0
0.0
0.0
0.0
0.0
-0.0
-0.0
0.0
0.0
0.0
0.0
0.0
0.0
-0.0
0.0
0.0
-0.0
0.0
-0.0
-0.0
0.0
0.0
-0.0
0.0
-0.0
0.0
0.0
0.0
0.0
-0.0
-0.0
-0.0
0.0
-0.0
-0.0
1.0335152
-0.0
0.0
-0.0
-0.0
0.0
-0.0
0.0
0.0
-0.0
-0.0
0.0
0.0
-0.0
-0.0
-0.0
0.0
-0.2657592
0.0
0.0
-0.0
0.0
0.0
-0.0
0.0
0.0
-0.6542621
0.0
0.0
0.0
0.46812674
-0.41212285
0.0
-0.0
-0.0
0.0
-0.0
0.0
-0.3419485
0.0
0.0
-0.0
-0.0
0.0
0.0
-0.0
0.0
-0.0
0.0
-0.0
0.0
0.0
-0.0
0.0
0.0
0.0
0.0
0.0
-0.0
-0.0
0.0
-0.0
-0.0
-0.0
-0.0
0.0
-0.0
0.0
0.0
0.0
0.0
-0.0
-0.16114353
-0.0
0.0
-0.0
0.0
0.0
0.0
0.10500112
0.0
0.0
0.0
0.0
0.0
0.0
0.121834144
0.0
-0.0
0.0
0.0
-0.0
-0.17674953
-0.0
0.0
0.0
-0.0
-0.0
0.0
0.0
0.0
-0.16771598
0.0
0.0
-0.0
0.0
0.0
-0.0
-0.0
-0.095159985
-0.27831805
0.0
0.0
0.0
0.0
-0.0
-0.0
0.19380583
-0.0
0.0
-0.0
0.0
0.0
0.0
0.0
-0.0
0.0
0.0
-0.19507596
0.0
0.0
-0.0
0.0
0.0
-0.0
0.0
0.0
-0.0
0.0
0.0
-0.0
0.0
0.0
0.0
0.0
-0.0
-0.0
-0.09713243
-0.0
0.0
-0.0
-0.138246
-0.0
-0.0
0.19426173
-0.0
-0.0
0.0
0.0
0.0
0.0
-0.0
-0.0
0.0
0.0
0.0
-0.0
-0.0
-0.0
0.0
-0.0
-0.0
-0.0
0.0
-0.0
0.0
-0.0
0.0
-0.0
-0.0
-0.0
0.0
0.0
0.0
0.0
0.0
-0.0
0.0
-0.0
0.0
0.17009293
0.0
-0.0
-0.0
0.0
-0.0
-0.0
-0.37773156
-0.36055416
-0.0
-0.0
0.0
0.0
-0.48039064
0.0
-0.0
0.17828459
0.0
0.0
-0.0
-0.0
-0.0
-0.0
-0.0
-0.0
0.0
-0.0
-0.0
0.0
-0.0
0.0
0.0
-0.0
-0.0
-0.0
-0.0
-0.0
-0.0
0.0
-0.0
0.0
0.0
0.0
-0.0
0.20362365
0.0
0.0
-0.0
-0.0
-0.0
0.0
0.0
-0.0
-0.0
0.0
0.0
0.0
-0.0
0.0
0.0
-0.0
0.0
-0.0
0.0
0.0
0.0
0.0
0.0
0.0
0.0
-0.0
0.0
-0.0
0.0
0.0
-0.0
-0.0
0.0
-0.43103766
-0.0
-0.0
-0.0
0.0
0.0
-0.0
-0.0
0.0
0.0
0.21273279
0.0
0.0
0.0
-0.0
0.0
0.0
-0.0
0.0
0.0
0.0
0.0
0.0
0.0
0.0
0.0
-0.0
0.0
-0.0
0.0
-0.0
0.0
-0.0
0.0
0.0
-0.0
-0.12838869
-0.0
0.0
-0.0
0.0
0.0
-0.0
-0.0
0.0
0.0
0.0
-0.0
0.0
0.0
-0.0
-0.0
-0.0
0.0
-0.0
-0.0
0.22484845
-0.0
0.2626787
-0.0
-0.0
0.0
-0.0
-0.0
0.0
0.0
0.0
-0.0
-0.0
0.0
-0.0
0.0
0.0
0.0
0.0
-0.0
-0.0
-0.0
0.0
-0.1689449
-0.0
0.0
-0.0
-0.13985743
-0.0
-0.0
-0.0
0.0
0.0
0.0
-0.0
-0.0
0.0
0.0
-0.0
0.0
-0.0
-0.0
0.0
0.0
0.1432326
0.0
0.0
0.15589012
-0.0
0.0
-0.1620561
-0.0
0.0
0.0
0.0
-0.0
-0.0
-0.0
0.0
-0.0
-0.0
0.0
-0.0
-0.0
-0.0
0.0
0.0
0.0
-0.0
0.3101325
-0.0
-0.0
-0.0
-0.0
0.0
-0.0
-0.0
-0.0
-0.0
0.0
0.0
0.0
-0.0
-0.18158111
-0.0
-0.0
0.0
-0.0
0.0
-0.0
-0.0
0.0
-0.0
0.0
-0.0
-0.0
0.0
0.0
-0.0
0.0
-0.0
-0.0
0.0
-0.0
-0.0
0.0
-0.0
-0.0
0.0
0.0
-0.0
-0.0
-0.0
0.0
0.0
-0.0
0.0
0.0
0.0
0.0
0.0
-0.0
0.0
-0.0
-0.0
0.0
-0.0
-0.0
-0.0
-0.0
-0.0
-0.0
-0.0
-0.0
0.0
0.0
0.0
0.0
0.0
-0.0
0.0
-0.0
-0.0
0.0
0.0
-0.0
0.0
-0.0
0.0
0.0
-0.0
0.0
0.0
0.5846308
-0.0
0.0
0.0
0.0
-0.0
0.0
0.0
-0.0
-0.0
0.2840797
0.0
-0.0
-0.0
-0.0
-0.0
-0.0
-0.0
0.0
-0.0
0.0
-0.0
0.0
-0.0
0.0
-0.0
0.0
-0.0
0.0
-0.0
0.0
0.0
-0.0
-0.0
-0.0
-0.0
0.0
0.16067539
-0.0
-0.0
0.0
-0.45135573
0.0
-0.0
-0.0
-0.0
-0.0
0.0
0.0
-0.0
-0.0
0.0
0.0
0.28832188
0.0
-0.0
-0.0
-0.0
-0.0
-0.0
0.0
-0.0
0.0
-0.0
-0.0
0.0
-0.5600876
0.0
0.0
0.0
0.0
0.0
0.0
-0.0
-0.0
-0.0
0.0
-0.0
-0.0
-0.0
0.0
0.0
0.0
0.0
0.0
-0.0
-0.0
-0.0
-0.0
-0.0
0.0
-0.0
-0.0
-0.0
-0.0
-0.0
0.0
0.0
0.0
0.0
0.0
0.0
-0.0
-0.0
-0.0
-0.0
0.0
0.0
0.0
-0.0
0.0
0.0
-0.0
-0.0
0.0
0.0
-0.0
-0.0
0.0
-0.0
0.0
-0.0
-0.0
-0.0
-0.0
-0.0
-0.0
-0.0
-0.0
-0.0
-0.28699484
0.0
-0.0
0.0
0.0
0.0
-0.0
0.08951971
-0.0
0.0
0.0
0.0
-0.0
0.0
-0.0
0.0
0.0
-0.0
0.0
0.0
-0.0
-0.0
0.0
0.0
-0.0
-0.06716467
0.0
-0.0
0.13881019
0.0
-0.0
-0.0
-0.0
-0.0
-0.0
0.0
-0.0
-0.17891681
0.0
-0.0
-0.0
0.0
-0.0
-0.0
-0.0
0.0
-0.0
0.0
-0.0
0.0
0.0
-0.0
-0.0
-0.0
0.0
0.0
0.0
-0.0
0.0
0.0
0.0
-0.0
0.0
-0.0
0.0
0.0
0.0
0.0
0.0
-0.0
0.0
-0.0
0.0
-0.0
-0.0
0.0
0.0
-0.0
0.0
-0.0
-0.0
0.0
0.0
0.0
0.0
0.0
-0.0
0.0
-0.0
-0.0
0.16471533
0.0
0.18817556
0.0
-0.0
0.0
-0.0
-0.0
-0.0
0.0
0.0
0.0
0.0
-0.0
0.0
0.0
0.0
-0.0
-0.0
0.0
-0.0
0.0
-0.0
-0.0
-0.2137927
0.0
-0.0
0.0
0.0
-0.29758763
0.0
0.0
0.0
-0.0
0.0
-0.19779295
0.16241488
-0.0
-0.0
-0.0
0.0
0.0
-0.0
-0.0
0.0
-0.0
-0.0
0.0
-0.0
0.0
0.0
0.0
0.0
0.0
-0.0
0.0
-0.0
0.0
-0.0
-0.0
-0.0
0.0
0.0
0.0
0.0
-0.0
0.0
-0.0
-0.0
-0.0
-0.0
-0.0
0.0
-0.0
-0.0
0.0
0.0
0.0
0.0
-0.0
0.0
0.0
0.24439377
0.0
0.0
0.0
0.0
0.0
0.0
-0.31731495
-0.0
0.0
0.20470925
-0.0
-0.0
0.0
0.0
0.0
-0.0
-0.0
-0.0
-0.0
-0.0
0.24733788
0.0
-0.0
-0.0
0.0
0.0
0.0
0.0
-0.0
-0.0
-0.3526713
0.0
0.0
0.0
-0.0
-0.27156314
0.0
0.0
0.0
0.0
-0.0
-0.0
0.0
0.0
-0.0
-0.0
-0.0
0.0
0.0
0.0
-0.0
0.0
-0.0
-0.0
-0.0
0.0
-0.059637588
-0.0
0.0
-0.0
-0.0
-0.0
-0.0
0.0
-0.0
0.11090743
-0.0
-0.18022634
-0.0
-0.0
0.0
-0.0
0.0
-0.0
-0.0
0.0
-0.0
0.0
-0.0
0.0
-0.15662724
0.0
-0.0
0.0
0.0
0.0
-0.0
0.0
-0.15094426
0.0
-0.07176477
0.0
-0.0
0.0
-0.0
-0.0
-0.0
-0.0
-0.0
0.0
0.0
0.0
0.0
-0.0
-0.0
-0.12722126
-0.0
-0.0
-0.0
-0.0
-0.0
-0.06292228
-0.0
-0.11997952
-0.099301666
0.0
-0.0
-0.0
0.0
0.0
-0.0816949
-0.0
-0.0
-0.0
-0.0
0.0
0.082390174
-0.0
0.0
-0.0
-0.0
0.12586035
0.0
0.07502119
-0.0
-0.0
0.0672084
0.0
0.0
-0.0
0.0
-0.0
-0.0
0.0
-0.0
-0.0
0.0
0.0
0.0
-0.0
-0.0
-0.12346178
0.0
-0.0
-0.0
-0.0
-0.0
0.0
-0.0
-0.0
-0.11663667
-0.17304756
-0.0
-0.0
-0.0
-0.0
-0.0
0.0
0.0
-0.0
-0.0
-0.0
0.0
0.0
-0.0
-0.0
-0.0
0.0
-0.0
0.0
-0.0
0.0
0.0
-0.0
-0.0
0.0
-0.0
0.0
-0.0
0.0
-0.0
-0.0
-0.0
-0.0
-0.0
-0.0
-0.0
-0.0
-0.0
0.0
0.0
0.0
-0.0
-0.0
0.0
-0.0
-0.0
-0.0
-0.0
-0.059707183
0.0
-0.0
-0.0
-0.0
-0.0
0.0
-0.15244599
0.0
-0.0
0.0
-0.0
-0.0
-0.0
0.0
-0.0
0.0
0.0
-0.0
-0.13138676
0.07718966
0.0
-0.0
0.0
0.14297175
0.0
0.0
-0.0
-0.0
0.0
-0.0
-0.0
-0.0
0.0
0.0
-0.0
0.048594717
-0.0
0.0
-0.0
0.0
-0.0
-0.0
0.0
-0.0
-0.0
0.0
-0.0
-0.0
0.0
0.0
-0.0
0.0
0.0
-0.13921154
0.0
-0.0
0.0
0.0
0.0
0.09803009
-0.0
0.0
0.0
-0.0
-0.0
0.0
0.0
-0.0
-0.0
-0.0
0.0
0.0
0.0
-0.0
0.0
0.0
0.0
0.0
-0.0
0.0
0.0
-0.0
-0.0
-0.0
0.0
0.0
-0.1185197
-0.0
0.0
-0.0
0.0
0.0
0.0
0.0
0.0
0.0
-0.0
-0.0
0.0
0.0
-0.0
0.0
-0.0
0.0
0.075046524
0.0
0.07878186
-0.0
0.0
0.0
0.0
-0.0
0.0
-0.0
0.0
-0.0
-0.0
-0.0
-0.08956076
-0.0
0.0
-0.0
0.0
-0.0
0.0
0.0
-0.0
0.0
-0.0
-0.0
-0.0
-0.0
0.0
-0.0
-0.0
-0.0
0.0
-0.0
-0.0
0.0
0.0
-0.0
0.0
-0.0
0.0
0.0
-0.0
0.0
-0.0
0.11316803
-0.0
0.0
0.12613387
0.0
0.0
-0.0
0.0
0.0
-0.26009536
0.0
0.21765068
-0.0
-0.0
0.0
-0.0
0.0
-0.0
0.0
0.0
0.0
-0.0
-0.0
0.0
-0.0
0.0
0.0
0.0
0.0
0.09719654
-0.0
-0.0
-0.0
0.14147432
0.26718345
-0.0
-0.0
0.0
-0.25610813
-0.0
-0.0
-0.0
0.0
0.0
-0.0
0.0
-0.0
0.0
-0.0
0.0
0.0
0.0
-0.0
0.0
0.0
-0.0
-0.0
-0.0
-0.0
-0.0
-0.0
0.0
0.21975705
0.0
0.0
0.0
0.0
0.0
-0.0
-0.0
0.13960557
-0.0
-0.0
0.0
-0.0
0.0
0.0
0.0
0.0
0.0
0.0
0.0
0.0
-0.0
-0.0
0.0
-0.0
-0.0
0.0
0.0
-0.0
0.0
-0.0
0.0
-0.0
0.0
0.0
0.0
0.0
0.0
-0.0
0.0
0.0
0.0
0.0
0.0
0.0
-0.0
-0.0
-0.0
0.0
0.0
-0.0
0.0
-0.0
0.0
-0.0
-0.0
0.0
0.0
0.0
-0.0
-0.0
-0.0
-0.0
0.0
0.0
-0.0
-0.0
0.0
0.2709864
0.0
0.0
0.0
0.50741506
-0.0
0.0
0.0
0.0
-0.0
-0.0
-0.0
0.0
-0.0
0.0
0.0
0.0
-0.0
-0.0
-0.0
-0.0
-0.47617352
-0.0
-0.0
0.0
-0.0
-0.3413895
-0.0
-0.0
-0.0
0.0
0.0
0.0
-0.12766322
-0.0
0.0
-0.18091926
0.0
-0.0
0.0
0.0
-0.0
0.0
-0.0
0.0
-0.0
0.0
-0.0
-0.0
0.55525917
0.0
0.0
0.0
0.0
-0.0
-0.0
-0.0
-0.4429135
-0.0
0.0
0.0
0.0
0.0
0.1484329
0.0
0.0
-0.0
-0.0
-0.41373488
0.0
-0.0
0.0
0.0
0.0
0.0
0.0
0.0
0.53000414
-0.0
-0.0
0.20348924
-0.0
-0.0
0.0
0.0
0.0
-0.0
0.0
-0.0
0.0
-0.0
-0.0
0.0
-0.0
0.0
0.0
-0.0
0.0
0.0
0.0
-0.0
-0.0
-0.0
0.0
-0.0
0.0
-0.0
0.0
0.4832879
-0.0
0.0
-0.0
-0.5103182
0.0
-0.0
-0.0
0.49330416
-0.0
-0.24674325
-0.0
0.24712956
-0.0
-0.29842642
-0.0
0.0
-0.0
-0.0
0.26062727
0.0
0.28497693
-0.0
0.0
0.0
0.0
-0.0
-0.45787215
-0.0
-0.0
0.0
0.0
-0.0
-0.0
0.0
0.0
0.0
0.17154713
-0.0
-0.0
0.0
-0.0
0.0
-0.0
-0.0
0.22572502
0.0
-0.0
-0.0
0.0
-0.0
-0.0
0.0
0.0
0.0
-0.1974681
-0.0
0.0
-0.0
-0.28328016
-0.0
0.16143876
0.0
0.0
0.0
-0.0
-0.0
-0.0
-0.0
-0.0
-0.0
-0.0
-0.0
0.0
-0.0
0.0
-0.0
-0.0
0.0
-0.0
-0.0
0.0
-0.0
-0.0
0.0
0.0
0.0
-0.0
-0.0
0.0
0.0
-0.0
0.0
-0.0
-0.0
-0.0
0.21134011
-0.0
-0.0
0.0
0.0
-0.0
0.0
-0.0
-0.15867962
-0.0
-0.0
-0.0
-0.0
0.0
-0.0
-0.0
-0.0
-0.0
-0.0
-0.0
0.18305542
0.0
-0.30518302
0.0
0.0
0.0
0.0
0.0
0.0
-0.0
-0.0
0.0
-0.0
0.0
-0.25737974
-0.0
-0.0
0.0
-0.0
0.0
-0.0
-0.0
-0.0
0.0
-0.0
-0.0
-0.0
0.0
0.0
0.0
-0.0
-0.51930386
-0.0
-0.0
0.0
-0.0
0.84920526
-0.0
-0.47524983
0.0
-0.0
-0.0
0.0
-0.0
-0.0
0.0
-0.0
0.0
-0.0
0.0
-0.0
-0.0
-0.0
-0.0
-0.0
0.0
-0.0
-0.0
0.0
0.0
0.0
0.0
0.0
0.0
-0.0
-0.0
-0.0
0.0
0.0
0.0
0.0
0.0
-0.0
-0.0
-0.0
-0.0
-0.0
-0.0
-0.0
0.0
-0.0
-0.0
0.0
0.21306157
-0.0
0.0
-0.55037206
-0.0
-0.0
-0.0
-0.0
-0.0
0.0
0.0
0.0
-0.41013187
-0.0
0.0
0.0
0.0
-0.0
-0.0
-0.0
-0.0
0.0
-0.0
0.0
-0.0
-0.0
0.0
0.0
0.0
0.0
0.0
-0.0
0.0
0.0
0.0
-0.0
-0.0
-0.0
-0.0
-0.0
-0.0
0.0
0.0
0.9943316
-0.0
0.0
0.0
0.0
-0.0
-0.0
-0.0
-0.0
-0.0
-0.0
0.0
0.0
0.0
0.0
-0.0
-0.0
0.0
-0.0
0.0
-0.0
-0.0
0.49353287
-0.0
0.0
-0.0
0.0
0.0
0.0
-0.0
0.0
-0.0
-0.0
0.0
0.0
-0.0
-0.0
-0.0
-0.0
0.0
0.0
-0.0
-0.0
-0.0
-0.0
-0.0
0.0
-0.0
-0.0
-0.6960659
-0.0
0.0
0.0
-0.0
-0.0
-0.0
-0.0
0.0
0.0
0.0
-0.0
-0.0
0.0
0.0
0.0
0.0
0.0
-0.0
-0.0
0.0
0.0
-0.0
0.0
-0.0
0.0
0.0
-0.0
-0.0
0.0
-0.0
-0.0
-0.0
-0.0
0.0
-0.0
0.0
0.0
-0.0
0.0
-0.0
0.0
-0.0
-0.0
-0.0
0.0
-0.0
0.0
-0.0
0.0
0.0
0.0
-0.0
-0.0
0.0
0.0
-0.0
-0.0
0.0
0.0
0.0
-0.0
0.0
0.0
-0.0
0.0
0.0
-0.0
-0.0
0.0
0.0
0.0
-0.0
-0.0
0.0
0.0
-0.0
0.0
-0.0
0.0
-0.0
-0.0
-0.0
-0.0
-0.0
0.0
0.0
0.0
-0.0
-0.0
-0.95053524
0.0
-0.0
0.0
0.0
0.0
-0.0
-0.0
0.0
-0.0
-0.0
0.0
0.0
0.9924006
0.0
0.0
0.0
-0.0
0.0
-0.0
-0.0
0.0
0.0
-0.0
-0.0
0.0
-0.0
-0.0
0.0
-0.0
-0.0
-0.0
-0.0
-0.0
0.0
-0.0
-0.0
0.0
-0.0
0.0
-0.0
-0.0
-0.0
0.0
0.0
-0.0
0.0
0.0
0.0
0.0
-0.23101722
0.0
0.0
-0.0
-0.0
-0.0
-0.0
0.0
-0.13822418
-0.0
-0.0
-0.0
0.0
-0.0
-0.0
0.0
-0.26186728
0.0
0.0
0.0
-0.0
-0.0
0.0
-0.0
-0.0
0.0
-0.0
0.0
-0.0
0.0
-0.0
-0.0
-0.0
-0.0
-0.0
0.0
0.0
-0.0
-0.0
-0.0
0.0
0.0
0.0
-0.0
-0.0
-0.0
-0.0
-0.0
-0.0
-0.0
0.0
-0.0
0.0
0.0
-0.0
-0.0
-0.0
0.0
-0.0
-0.0
-0.0
-0.0
-0.0
0.0
0.0
-0.0
-0.0
-0.0
0.0
0.0
-0.123268984
-0.0
-0.0
0.15638588
0.0
-0.0
0.0
0.0
0.0
0.0
-0.0
0.0
-0.0
-0.0
0.0
0.0
-0.0
0.0
-0.0
-0.0
0.7552278
0.0
0.0
-0.30595082
0.0
0.0
-0.0
0.0
-0.0
-0.0
0.49127474
0.0
0.0
-0.0
-0.0
-0.0
-0.0
-0.0
0.0
0.0
-0.0
-0.0
0.0
-0.1000252
-0.0
-0.0
0.0
-0.0
-0.0
0.0
-0.0
-0.0
0.0
-0.0
0.0
-0.14503106
-0.0
0.0
0.0
0.0
0.0
0.0
0.0
-0.0
0.13314761
-0.0
-0.0
0.0
-0.0
-0.0
-0.19406565
0.0
0.0
0.0
-0.0
0.24542889
0.0
-0.0
0.0
0.0
0.0
0.0
-0.0
0.0
0.0
-0.0
-0.0
-0.0
-0.0
-0.35227373
0.0
-0.0
0.0
-0.0
-0.0
0.0
-0.0
-0.23568526
-0.0
0.0
0.22436133
-0.0
0.0
0.0
-0.6649043
0.0
-0.0
-0.0
-0.0
-0.310014
-0.0
-0.13893612
-0.09646369
0.0
0.10764294
-0.0
-0.0
-0.0
-0.0
-0.0
-0.0
-0.0
0.0
-0.0
-0.0
-0.0
0.0
0.0
0.0
-0.0
-0.0
0.0
-0.0
-0.0
0.0
-0.0
-0.0
-0.0
0.0
-0.0
-0.0
0.0
0.0
0.0
0.0
0.0
-0.0
-0.0
-0.0
-0.11738311
-0.0
-0.0
0.2654092
-0.0
-0.0
-0.0
-0.13941899
-0.0
-0.0
-0.0
-0.0
-0.0
-0.0
0.0
0.0
-0.0
0.0
0.0
-0.0
0.0
0.0
-0.0
0.0
-0.0
-0.0
-0.0
-0.0
0.0
-0.0
0.1087122
0.0
-0.0
0.0
0.0
-0.0
0.0
0.0
-0.0
0.0
-0.0
0.0
0.0
0.0
0.0
-0.0
0.0
-0.15220702
-0.0
-0.0
-0.0
0.0
-0.0
0.0
-0.0
0.0
0.0
-0.0
0.0
0.0
0.0
0.0
-0.0
0.0
-0.0
0.0
-0.07456991
0.0
0.0
-0.0
-0.0
-0.0
-0.0
0.0
-0.0
0.0
-0.0
0.0
0.0
-0.0
0.0
0.0
0.11753599
-0.0
-0.0
-0.0
-0.0
-0.0
-0.0
0.0
-0.0
0.0
-0.0
-0.0
0.0
-0.0
0.0
0.0
0.0
-0.0
0.0
0.23462887
0.09298618
-0.0
-0.0
-0.0
0.0
0.0
0.0
-0.0
-0.0
-0.25229573
-0.0
-0.0
0.0
-0.0
-0.0
0.0
0.0
0.0
0.0
-0.0
-0.0
0.0
-0.0
0.0
-0.0
-0.0
-0.0
0.0
0.0
-0.0
-0.0
0.0
-0.0
-0.0
0.0
-0.0
0.0
-0.0
0.0
0.0
0.0
0.0
-0.0
0.0
-0.0
-0.0
0.13613525
-0.0
-0.18401496
0.09643304
0.0
0.1446463
0.0
-0.0
0.0
0.0
-0.0
-0.0
-0.0
0.0
-0.0
0.0
0.36528337
0.0
-0.0
0.0
0.25908992
0.17121832
0.0
0.0
-0.0
0.0
-0.0
0.28818065
-0.0
-0.0
-0.0
0.0
-0.0
-0.0
-0.0
0.0
0.0
-0.0
-0.2958539
0.0
0.0
-0.0
-0.25881234
0.0
0.0
0.0
-0.0
-0.0
-0.0
0.0
-0.0
-0.0
-0.0
-0.0
0.5797282
-0.0
0.0
0.0
0.0
0.0
-0.0
0.0
-0.0
0.0
0.0
0.0
0.0
0.0
-0.0
-0.0
0.0
-0.0
-0.0
-0.0
0.0
0.0
-0.0
-0.0
-0.0
-0.0
-0.18925805
-0.0
0.0
-0.0
0.0
-0.0
0.0
-0.0
0.0
-0.0
0.0
0.0
-0.0
0.0
-0.0
-0.0
-0.0
-0.0
0.0
0.0
0.0
-0.0
-0.0
-0.0
0.0
0.0
0.0
-0.0
-0.0
-0.0
-0.0
0.0
0.0
-0.0
0.0
-0.0
0.0
-0.0
-0.0
-0.0
0.0
-0.0
0.0
0.0
-0.0
0.0
-0.0
-0.0
-0.0
0.06955942
-0.0
-0.0
0.0
0.0
0.0
0.0
0.0
0.0
-0.0
-0.0
0.0
-0.0
-0.0
-0.0
0.0
-0.0
0.0
-0.0
0.0
0.0
0.0
-0.0
-0.0
-0.0
-0.0
-0.0
0.0
-0.0
0.0
-0.057546426
0.121930204
-0.0
0.0
-0.0
0.0
-0.0
-0.0
0.1687063
0.0
0.0
-0.0
0.0
0.0
-0.0
0.0
-0.0
-0.0
0.0
-0.0
-0.08774473
-0.0
-0.0
0.0
0.0
0.0
0.0
0.0
0.0
-0.14507279
0.0
-0.0
-0.0
0.0
0.0
0.0
0.0
-0.0
0.0
-0.0
-0.0
0.0
-0.0
-0.0
0.0
-0.0
-0.0
-0.10042873
0.0
0.0
0.0
-0.0
0.0
-0.0
-0.0
-0.0
-0.0
-0.0
-0.0
0.0
-0.06219081
0.0
0.0
-0.0
0.0
-0.0
0.0
-0.0
0.0
-0.0
0.0
-0.0
-0.0
0.0
-0.0
-0.0
-0.0
-0.0
-0.11028372
-0.0
-0.0
-0.0
-0.0
-0.0
-0.0
0.0
-0.0
-0.0
0.0
-0.0
-0.0
0.0
-0.0
0.0
-0.0
0.0
0.0
0.2724675
-0.0
0.0
-0.0
-0.0
-0.0
-0.0
0.0
-0.0
0.0
0.0
0.0
-0.0
-0.0
-0.0
-0.05630749
-0.0
-0.0
0.0
-0.07400539
0.0
0.0
0.0
-0.0
-0.0
0.0
0.0
0.0
-0.12402486
0.0
-0.0
0.0
0.0
0.0
-0.0
-0.0
-0.0
0.0
-0.0
-0.0
-0.0
0.0
0.0
-0.34233359
0.0
0.0
-0.0
-0.0
-0.0
-0.0
0.0
-0.0
0.0
0.0
0.0
0.0
0.2069271
-0.0
0.0
0.0
0.0
0.0
0.0
-0.20117061
0.0
0.0
0.0
-0.0
-0.0
0.0
-0.1416725
0.0
-0.0
0.0
-0.0
-0.0
0.0
-0.0
0.0
0.0
-0.0
-0.0
0.0
0.0
0.0
-0.0
-0.0
-0.0
-0.0
-0.0
0.0
-0.0
0.07903682
-0.0
-0.0
0.0
0.0
-0.0
0.0
0.0
0.0
0.0
0.0
0.0
-0.0
-0.0
-0.0
0.0
0.07538825
0.0
-0.24878868
0.0
0.0
0.11662263
-0.0
-0.0
0.0
0.0
-0.0
-0.0
-0.0
-0.0
0.0
-0.0
-0.0
-0.0
0.0
-0.3146668
0.0
-0.0
-0.0
0.0
-0.0
-0.0
-0.0
0.0
0.0
-0.0
-0.0
-0.0
-0.0
-0.0
0.0
-0.0
0.0
0.0
-0.0
-0.0
0.0
-0.0
0.0
-0.0
0.0
-0.0
0.0
0.0
-0.0
-0.0
-0.12129098
-0.0
0.0
0.124284156
0.0
0.0
0.0
-0.0
0.0
0.0
-0.0
-0.0
-0.0
-0.0
0.0
-0.0
0.0
0.0
-0.0
-0.0
-0.13803333
-0.0
0.0
0.0
0.0
0.0
0.0
0.0
-0.0
-0.0
-0.0
-0.0
0.0
0.0
0.333767
0.0
0.0
0.0
-0.0
0.0
0.0
-0.08870527
0.0
-0.0
0.0
0.0
-0.0
-0.0
-0.0
-0.21280934
0.0
0.0
-0.0
-0.0
0.0
0.0
0.0
0.0
0.0
0.070358455
-0.0
-0.0
-0.11758254
-0.0
0.0
0.0
-0.0
0.0
0.0
-0.0
0.0
0.0
-0.0
0.0
-0.0
0.0
-0.0
0.0
-0.0
-0.0
-0.0
0.0
0.16688032
-0.0
-0.0
0.0
-0.0
0.15114962
-0.0
0.0
-0.0
0.0
-0.0
-0.0
0.0
-0.1787059
-0.0
0.095973045
0.0
-0.0
-0.0
0.0
0.0
-0.0
-0.15841693
-0.0
0.0
-0.0
0.0
0.0
-0.0
0.0
-0.0
0.0
0.0
-0.0
0.0
-0.0
-0.0
0.0
0.0
-0.0
-0.0
0.0
-0.12775369
0.0
-0.0
0.0
0.0
0.0
-0.0
0.14603284
0.0
-0.0
-0.0
0.0
-0.0
0.0
-0.0
0.0
-0.0
-0.0
-0.0
-0.0
0.0
-0.0
-0.0
-0.0
0.0
0.0
0.0
0.0
0.2128035
0.0
-0.2533358
0.0
-0.0
-0.10475931
-0.0
0.0
-0.0
0.0
-0.0
-0.0
-0.0
0.0
0.0
-0.0
-0.0
0.0
0.0
-0.0
-0.0
-0.0
-0.0
0.0
0.0
-0.0
0.0
-0.0
-0.0
0.0
0.0
0.0
-0.0
0.0
0.0
-0.0
-0.0
0.0
-0.0
-0.0
-0.0
0.0
0.0
0.0
-0.0
0.0
-0.0
0.0
-0.18962705
-0.0
-0.0
-0.0
0.0
-0.0
-0.0
-0.0
-0.27683768
-0.2741512
0.0
-0.0
0.0
0.0
0.0
0.0
-0.0
0.17217122
-0.0
-0.0
-0.0
-0.0
-0.0
-0.0
0.0
0.0
0.0
-0.19242153
0.0
-0.0
-0.0
0.0
0.2675746
-0.0
0.0
-0.0
0.0
0.26434153
0.0
0.0
-0.0
-0.0
0.0
-0.0
0.0
0.0
-0.0
0.0
-0.0
-0.0
-0.0
0.0
0.0
0.19432828
-0.0
-0.0
-0.0
-0.0
-0.0
-0.0
-0.0
0.0
-0.0
-0.0
0.0
-0.0
0.0
0.0
-0.0
-0.0
0.0
0.0
-0.0
-0.0
0.0
-0.0
-0.0
-0.0
-0.0
0.0
0.0
0.0
0.0
-0.0
0.0
-0.0
0.0
0.0
-0.74555427
-0.0
0.0
0.61805034
-0.0
0.0
-0.0
0.0
0.0
0.0
0.0
0.0
0.0
0.0
0.0
-0.26308167
0.0
0.0
0.0
-0.0
-0.0
0.0
-0.0
-0.0
0.0
-0.0
0.0
0.0
-0.0
-0.0
-0.0
-0.0
-0.0
0.0
0.0
-0.0
0.0
0.090744235
0.0
0.0
0.0
0.0
0.0
0.0
-0.0
0.0
0.0
-0.0
-0.0
-0.37414047
0.0
0.0
-0.0
0.0
-0.0
0.0
-0.0
0.0
0.0
0.0
-0.0
-0.0
0.0
0.0
-0.0
-0.0
0.0
0.0
-0.0
-0.0
0.0
-0.0
0.21133159
-0.0
0.0
0.0
0.0
-0.0
0.0
-0.0
-0.0
0.0
0.0
0.0
0.0
0.0
-0.0
-0.0
0.0
0.0
-0.0
-0.0
0.0
0.0
0.0
0.0
-0.0
0.0
-0.0
-0.0
0.15498741
0.0
-0.0
-0.0
-0.0
-0.0
0.0
-0.0
-0.0
-0.0
0.0
-0.0
0.0
-0.19475882
0.0
0.0
-0.0
0.24342981
0.0
-0.0
-0.0
0.18330966
0.0
0.0
0.0
-0.0
0.0
0.0
0.0
-0.0
0.0
-0.49792254
0.0
0.0
0.0
0.0
0.2753249
0.0
0.0
-0.0
-0.0
-0.0
0.0
-0.0
-0.0
-0.0
0.0
-0.0
0.0
0.0
0.0
-0.0
-0.0
-0.1135675
-0.0
-0.0
-0.0
0.10449137
0.0
-0.12552302
0.0
0.0
-0.0
-0.0
-0.0
-0.0
-0.0
-0.1458687
0.0
-0.0
0.0
-0.0
0.0
0.18698059
0.0
-0.0
0.0
0.0
0.0
-0.0
-0.0
-0.0
-0.0
-0.0
0.11056736
0.0
0.0
0.0
0.0
0.0
0.11248889
0.0
-0.0
0.22103168
0.3863359
-0.0
0.0
-0.0
0.0
-0.32541737
-0.3383572
-0.0
0.0
-0.0
0.0
0.0
0.0
0.0
-0.0
-0.0
0.0
-0.0
-0.0
-0.12641619
0.0
0.0
0.0
0.0
-0.0
0.0
0.27832574
0.0
0.0
-0.0
0.41583747
-0.0
-0.0
0.23335204
0.0
-0.0
0.0
-0.0
-0.0
0.0
0.0
0.0
0.0
-0.11904783
0.0
-0.18415621
-0.124192886
0.0
0.20661217
0.0
0.0
-0.0
0.0
0.0
0.19273664
0.0
0.0
-0.0
-0.0
-0.0
0.0
0.0
-0.0
-0.0
0.0
0.0
0.0
-0.0
-0.27799264
0.0
0.0
0.0
0.0
-0.0
0.0
0.0
-0.0
0.0
-0.15683176
-0.0
0.16976342
0.0
-0.0
0.0
-0.0
-0.0
-0.0
-0.1369869
0.0
-0.0
-0.0
-0.0
0.0
0.16504696
0.0
-0.0
0.0
-0.0
-0.0
0.0
0.0
0.0
-0.0
-0.0
-0.0
-0.0
0.0
0.0
0.0
-0.0
-0.0
-0.0
-0.0
-0.07945302
0.0
0.09896937
0.0
0.0
0.0
0.0
-0.0
0.0
0.0
0.0
-0.0
0.0
0.18138401
0.0
-0.0
0.0
-0.0
0.0
-0.1667115
-0.0
0.0
-0.0
-0.0
0.0
0.0
0.0
-0.1252535
-0.0
0.0
0.0
0.0
-0.14831032
0.0
0.0
0.0
0.0
0.22424446
0.08497181
0.0
0.0
0.0
0.12687805
-0.0
0.0
-0.0
-0.0
0.0
-0.0
0.0
0.0
0.0
-0.0
-0.0
0.20869437
-0.0
-0.0
0.0
0.0
0.0
0.0
0.0
0.19201533
0.0
0.0
-0.0
-0.0
0.0
0.0
0.0
-0.0
-0.0
-0.13046461
-0.0
0.0
0.0
-0.0
0.0
0.0
-0.0
-0.0
0.0
-0.0
0.0
-0.0
-0.0
0.0
0.0
-0.0
-0.0
0.0
0.0
-0.0
0.0
-0.0
0.0
-0.0
0.0
-0.0
0.0
0.0
0.0
0.0
-0.0
-0.0
-0.0
-0.0
0.0
0.0
-0.0
-0.0
0.0
0.0
0.22531822
-0.0
0.0
0.0
0.0
0.0
0.0
-0.0
-0.20508368
-0.0
-0.0
-0.0
-0.0
-0.0
-0.15609105
-0.0
-0.0
0.0
0.0
0.0
0.0
0.0
-0.13596189
-0.0
-0.0
0.0
-0.0
0.0
0.0
0.0
-0.0
0.0
-0.0
0.0
-0.0
-0.0
-0.063659504
0.0
-0.0
-0.0
0.0
0.0
0.1693195
-0.18776542
0.45840845
0.0
-0.0
-0.0
-0.0
0.0
0.0
-0.0
-0.0
0.0
0.0
-0.0
0.09175314
0.14907528
-0.0
-0.0
-0.0
-0.0
-0.0
0.1577919
-0.0
0.0
0.0
-0.0
0.0
0.0
0.0
0.0
0.0
-0.0
0.0
-0.0
-0.0
-0.0
0.0
0.0
0.0
-0.0
0.0
-0.0
-0.0
-0.0
0.0
-0.13148324
0.0
0.3134966
-0.0
-0.0
-0.1128407
0.0
0.0
-0.0
0.0
-0.0
0.0
-0.0
0.0
0.0
-0.0
0.0
0.0
0.0
0.08085762
-0.0
0.06277034
-0.10635752
0.0
0.0
-0.0
-0.14243755
-0.05930446
-0.0
0.0
-0.0
-0.0
-0.0
-0.0
-0.0
0.1396345
-0.0
-0.0
-0.16582349
-0.0
0.0
-0.13260578
0.0
-0.0
0.0
0.0535032
0.0
0.0
-0.0
-0.0
-0.0
-0.0
-0.0
-0.0
0.0
0.0
0.0
0.0
0.0
-0.0
0.0
0.0
0.0
0.029098261
0.0
0.0
0.0
0.0
0.0
0.0
-0.0
-0.048375804
-0.0
-0.0
0.0
-0.0
0.0
0.0
0.0
-0.0
-0.0
-0.0
0.0
0.0
0.0
-0.0
-0.0
0.02677005
0.0
-0.0
0.0
-0.0
0.0
-0.0
0.037852883
-0.0
0.0
-0.0
-0.097155325
-0.0
-0.0
-0.0
0.0
-0.0
-0.0
0.0
0.0
0.0
-0.0
-0.0
0.0
-0.0
0.0
-0.0
0.0
0.0
-0.0
-0.08226214
-0.0
0.0
-0.0
0.09257669
-0.0
-0.0
0.0
0.0
-0.0
0.0
-0.0
0.03960697
0.071474195
-0.0
-0.0
-0.020390734
-0.0
0.0
-0.0
-0.0
0.04170029
0.0
0.0
-0.0
-0.0
-0.0
0.0
0.0
-0.0
0.0
-0.0
0.2740844
-0.0
0.0
-0.0
-0.0
0.0
0.0
-0.0
0.0
0.0
-0.0
0.0
-0.0
-0.0
-0.0
-0.0
0.0
0.0
0.0
-0.53729504
-0.0
0.0
0.0
0.0
-0.0
-0.0
-0.0
-0.0
-0.0
-0.0
0.0
0.0
-0.0
0.0
-0.0
0.0
-0.0
0.0
-0.0
-0.0
0.0
0.0
-0.0
-0.0
0.0
0.30805165
-0.0
-0.0
-0.0
-0.0
0.42941964
-0.0
0.0
0.16558126
-0.0
-0.0
0.0
-0.3431359
0.0
-0.0
-0.0
0.0
0.0
-0.0
0.0
-0.0
0.0
0.0
-0.0
0.0
0.0
0.0
0.0
0.0
0.0
0.0
-0.0
-0.0
-0.23534803
0.0
-0.0
0.0
-0.49670175
0.0
0.19112675
-0.0
-0.0
-0.15323669
0.0
0.0
0.0
-0.0
-0.0
-0.0
0.20706892
-0.0
-0.3061523
0.0
0.0
-0.0
-0.0
0.0
0.0
0.0
-0.0
0.11957869
-0.3444034
0.0
-0.0
0.45307225
0.115688056
0.0
0.0
0.0
-0.0
0.0
-0.0
0.0
-0.0
0.0
-0.0
0.0
-0.0
-0.0
0.0
0.0
-0.0
0.0
-0.0
0.0
0.35051477
0.0
0.0
-0.0
0.0
0.0
-0.0
0.0
-0.0
-0.0
-0.0
0.0
0.0
-0.0
-0.0
0.1742333
-0.0
0.0
0.0
-0.0
0.0
0.24599874
-0.0
0.0
0.0
-0.0
0.0
0.0
0.0
0.0
-0.05532193
0.0
0.0
0.0
-0.0
-0.0
-0.0
0.0
-0.11482397
-0.0
-0.2064864
-0.0
0.16032939
-0.0
-0.0
-0.0
-0.0
-0.0
0.0
0.0
-0.0
0.18797413
0.18203431
-0.0
-0.0
-0.0
-0.0
0.0
-0.0
-0.09641398
-0.0
-0.0
-0.07723489
0.0
0.0
-0.038459837
0.06232942
-0.0
-0.0
-0.032018006
-0.0
-0.0
-0.0
-0.0
-0.0
0.031584576
0.0
-0.0
-0.0
0.06924433
-0.072863884
-0.0
-0.0
0.0
-0.0
-0.0
-0.025022315
-0.044294246
-0.0
0.0
0.0
-0.0
0.0
-0.0
-0.0
-0.0
-0.0
0.023305736
-0.0
0.0
-0.0
-0.0
-0.0
0.0
-0.031916115
-0.0
-0.0
-0.0
-0.0
0.0
0.06930171
-0.0
0.0
0.0
0.0
-0.0
0.04138768
0.0
-0.0
0.0
-0.0
0.0
0.0
-0.0
0.0
0.038976397
0.0848672
0.0
0.0
-0.0
-0.0
0.0
-0.0
-0.0
0.0
-0.0
-0.0
-0.0
0.0
0.0
-0.0
-0.0
-0.0
-0.12000321
-0.0
0.0
-0.0
0.054855827
-0.05696859
-0.0
0.0
0.0
0.0
0.0
-0.0
0.0
0.0
-0.0
0.0
-0.0
0.0
-0.0
-0.0
0.83374816
-0.0
-0.0
0.0
0.0
0.0
0.0
0.0
0.0
-0.0
0.0
-0.0
-0.0
-0.0
0.0
-0.0
-0.0
-0.0
0.0
0.0
0.0
0.0
0.0
0.0
0.0
0.0
0.0
0.0
-0.0
-0.0
-0.0
0.0
0.0
0.0
0.0
0.0
0.0
-0.0
0.0
0.0
0.0
0.0
-0.0
0.0
0.0
-0.0
-0.0
-0.0
0.0
-0.0
0.0
0.0
-0.536118
-0.0
-0.0
0.0
-0.0
-0.0
0.0
0.0
0.0
0.0
-0.0
-0.0
0.0
-0.0
0.0
-0.0
0.0
-0.0
0.0
0.0
-0.0
-0.0
-0.0
0.0
-0.0
0.0
0.0
-0.0
-0.0
0.0
-0.0
0.0
0.10034996
0.0
-0.0
-0.18331583
0.0
0.0
-0.0
0.15421626
-0.0
-0.0
0.0
-0.0
-0.0
0.0
0.0
-0.0
0.0
-0.0
-0.0
0.0
-0.0
-0.0
0.0834201
-0.0
-0.20632544
0.0
0.0
0.0
-0.0
0.0
0.11976525
0.0
0.31560305
0.0
0.0
-0.0
-0.0
0.0
0.0
-0.0
0.0
-0.0
0.0
0.0
0.0
-0.0
-0.0
0.0
-0.0
0.0
0.12610488
0.0
0.0
0.0
-0.0
0.0
0.0
0.0
0.0
-0.0
0.0
0.0
-0.0
-0.16315326
-0.0
0.0
-0.0
-0.0
-0.2205742
0.0
-0.0
-0.0
-0.0
0.0
0.0
0.0
-0.0
0.0
-0.0
0.0
-0.0
0.102546625
-0.0
0.0
0.0
0.0
0.0
-0.0
-0.0
-0.0
-0.0
0.0
-0.0
-0.0
-0.0
-0.0
0.0
-0.0
0.0
0.0
-0.0
0.0
-0.0
0.0
-0.0
0.0
0.0
-0.0
0.0
-0.0
0.0
0.0
0.0
0.0
0.0
-0.0
0.0
-0.0
0.0
-0.0
0.0
-0.0
0.0
-0.0
0.0
-0.0
0.0
-0.0
0.0
0.0
0.0
-0.0
0.0
0.0
-0.0
-0.0
0.0
-0.0
-0.0
0.0
-0.0
0.0
-0.0
0.0
0.0
0.0
0.0
-0.0
0.28754836
-0.0
0.0
-0.0
0.0
-0.0
-0.0
0.0
-0.0
0.0
0.0
0.0
-0.0
-0.0
0.0
-0.0
0.0
0.0
0.0
0.0
0.0
0.0
-0.0
0.0
0.0
-0.0
0.0
-0.0
0.0
-0.0
-0.18129821
0.0
-0.0
0.39508855
0.0
0.0
0.0
-0.0
-0.0
0.0
0.0
0.0
-0.0
-0.0
0.12913916
0.0
0.0
-0.0
-0.0
0.0
-0.0
0.0
0.0
-0.067863725
-0.0
-0.0
0.0
-0.0
-0.08610391
-0.0
-0.0
0.0
-0.0
0.0
-0.0
0.0
0.0
0.0
-0.13230707
-0.0
-0.0
-0.0
-0.12047572
0.0
-0.0
0.0
0.0
0.0
-0.0
-0.0
0.0
-0.0
-0.0
0.0
0.2657129
-0.0
0.0
0.0
-0.09066728
0.0
0.0
-0.0
0.0
-0.0
0.0
-0.09985892
0.0
-0.0
-0.0
0.0
-0.0
0.0
0.0
0.06862182
-0.0
-0.0
0.0
-0.13591267
0.0
-0.0
0.0
-0.1497129
-0.0
0.0
-0.0
0.0
-0.0
-0.15020709
0.0
0.0
0.0
-0.0
0.0
0.0
0.0
0.05983085
0.0
-0.0
-0.09016324
-0.0
0.0
0.0
-0.0
0.0
-0.0
0.0
-0.0
-0.0
0.0
-0.0
-0.0
0.0
-0.0
0.0
0.0
0.0
-0.0
0.0
-0.0
-0.0
0.0
0.0
0.0
-0.0
0.0
-0.0
0.0
-0.0
-0.0
-0.0
0.0
-0.0
-0.0
0.6106454
0.0
0.0
0.23455115
0.0
-0.0
0.0
-0.0
0.0
-0.0
0.0
0.0
-0.0
-0.0
0.0
0.0
0.0
0.0
-0.0
-0.0
-0.0
-0.0
0.0
-0.37899855
-0.0
-0.0
-0.0
-0.0
0.0
0.0
-0.0
-0.0
-0.0
-0.0
-0.0
-0.0
0.0
0.0
0.0
0.0
-0.0
0.0
-0.0
0.0
-0.0
0.0
0.5241487
0.0
-0.0
-0.0
0.0
-0.0
-0.0
-0.0
0.0
0.0
-0.0
-0.0
-0.0
-0.0
-0.0
-0.0
-0.0
0.0
0.0
0.0
-0.0
-0.0
-0.0
0.0
0.0
-0.22275805
-0.0
0.0
0.0
-0.0
-0.0
-0.0
0.19117585
0.0
0.0
0.0
-0.0
0.0
-0.0
-0.0
-0.0
-0.2396531
0.0
-0.0
-0.0
0.0
0.0
0.0
-0.0
0.0
-0.0
-0.0
0.0
-0.0
-0.0
-0.0
0.0
0.0
0.0
0.0
-0.0
-0.0
-0.0
0.0
0.24727832
0.0
0.0
0.0
0.0
0.0
0.0
0.0
0.0
-0.0
-0.35502505
0.0
0.0
0.0
-0.0
0.0
-0.0
-0.0
0.0
0.0
0.0
-0.0
0.0
-0.0
0.0
-0.0
-0.0
-0.0
0.0
-0.0
-0.0
0.0
-0.0
0.0
0.0
0.0
0.0
0.0
-0.0
-0.0
-0.0
0.0
0.0
0.0
0.40507397
-0.0
-0.0
-0.0
0.0
-0.0
0.0
-0.0
0.0
-0.0
0.0
-0.0
-0.4032582
0.0
-0.0
-0.0
0.0
-0.0
0.0
-0.0
0.0
0.0
-0.0
-0.0
0.0
0.0
0.0
0.0
0.0
0.0
0.0
-0.0
0.0
0.0
0.0
0.0
0.0
-0.0
-0.0
0.32148802
0.0
-0.0
0.0
0.0
-0.0
-0.2999045
-0.11166881
-0.13088718
-0.0
0.0
0.0
0.0
0.17315014
0.0
-0.0
0.0
0.0
0.0
-0.0
0.13589153
0.11136228
0.0
-0.0
-0.0
0.0
-0.0
-0.0
-0.0
-0.0
-0.0
-0.0
0.0
-0.0
-0.0
-0.0
-0.0
0.0
0.0
-0.0
-0.0
-0.18435495
-0.0
0.0
0.33533785
-0.0
0.0
-0.0
0.0
-0.0
-0.0
-0.0
-0.0
0.0
0.0
-0.0
0.0
-0.2129557
-0.0
0.0
-0.0
-0.0
0.0
-0.0
-0.0
0.0
0.0
-0.0
0.0
-0.0
0.0
-0.21541254
-0.0
-0.0
0.0
0.0
0.0
0.0
0.0
0.0
-0.0
-0.0
0.0
-0.0
-0.0
0.0
-0.0
0.0
-0.0
-0.0
0.15681939
0.0
-0.0
0.0
-0.0
-0.0
-0.0
0.0
0.0
-0.0
0.0
0.0
-0.0
-0.0
0.0
-0.0
0.0
-0.0
-0.0
0.0
-0.0
-0.0
0.32060444
-0.0
-0.0
0.0
-0.17124334
0.0
-0.0
0.18346937
-0.19477783
-0.0
0.0
-0.0
0.0
0.0
-0.0
-0.0
0.0
0.0
0.0
-0.28077093
-0.0
0.0
-0.0
-0.0
0.0
-0.0
-0.0
0.27424094
0.0
0.0
0.0
-0.0
-0.0
-0.0
0.0
0.0
0.0
-0.0
-0.0
0.0
0.2087064
0.0
-0.0
0.18862037
-0.16777661
0.0
0.0
-0.0
0.0
-0.0
-0.0
0.0
0.0
0.0
0.0
0.0
0.0
0.0
-0.0
0.0
-0.0
0.0
-0.0
-0.0
-0.0
0.0
0.0
-0.0
0.0
0.0
-0.0
-0.0
0.0
0.0
-0.0
0.0
-0.0
0.0
-0.0
-0.0
0.0
0.0
0.08724106
0.0
0.0
0.0
0.0
0.0
0.0
0.0
-0.0
-0.0
0.0
0.0
-0.0
0.0
0.0
0.0
-0.0
-0.062247556
-0.0
0.0
0.0
-0.0
0.0
-0.0
-0.0
0.0
-0.0
-0.0
0.0
0.0
0.0
0.3666351
-0.0
0.0
0.0
0.0
0.0
0.0
-0.1850637
-0.0
-0.0
-0.0
0.0
-0.0
0.0
-0.0
-0.16529077
-0.0
-0.0
0.0
-0.0
-0.0
-0.0
-0.0
0.0
0.0
0.0
-0.0
-0.0
-0.1480901
-0.0
-0.0
-0.0
0.0
-0.0
0.0
-0.0
0.0
-0.0
0.0
0.0
0.0
0.0
0.0
0.0
-0.0
-0.42676637
-0.0
0.0
0.0
0.0
-0.0
0.0
-0.6688313
-0.0
0.0
0.58071095
-0.0
0.0
-0.0
0.0
0.0
-0.0
-0.0
-0.0
-0.0
-0.0
-0.0
-0.0
0.0
-0.0
-0.0
0.0
-0.0
-0.0
-0.6055122
0.0
0.0
-0.0
-0.0
0.0
-0.0
-0.0
-0.0
-0.0
-0.0
0.0
-0.0
0.0
0.0
-0.0
0.0
0.0
0.0
-0.0
0.0
0.0
-0.0
-0.0
-0.0
0.0
-0.0
-0.0
0.0
0.0
-0.0
-0.0
-0.0
-0.0
0.0
-0.0
0.0
0.0
0.0
-0.0
0.0
0.0
0.0
-0.0
0.0
0.0
-0.0
0.0
0.0
-0.0
0.0
0.0
-0.0
0.0
0.0
-0.0
-0.0
-0.0
-0.0
0.0
0.0
0.0
0.0
0.0
-0.0
-0.0
-0.0
0.0
-0.055820514
0.0
0.0
-0.0
0.0
0.0
-0.0
0.0
-0.0
0.0
0.0
-0.06901618
-0.0
-0.0
-0.0
-0.0
-0.0
-0.0
0.0
-0.0
0.06813173
0.0
-0.0
0.0
0.13408789
0.0
-0.0
-0.0
0.0
0.0
-0.0
0.0
0.0
-0.12222098
-0.0
0.0
-0.0
-0.07529268
-0.0
-0.0
-0.0
-0.0
-0.0
-0.0
0.21894222
-0.0
0.0
0.13706148
-0.0
-0.0
0.0
-0.0652685
0.0
-0.0
0.053803626
-0.0
0.06869627
-0.0
-0.0
-0.0
-0.0
-0.062104564
-0.0
0.0
0.11790274
-0.0
0.0
-0.0
0.0
0.0
-0.0
-0.0
-0.0
-0.076851144
-0.0
-0.0
-0.079184815
0.0
-0.0
-0.05205503
0.0
-0.0
0.0
0.0
0.0
0.0
0.09125901
-0.0
0.0
0.0
-0.0
0.17778505
-0.0
0.0
-0.0
0.0
-0.0
0.0
0.0
-0.0
-0.0
0.0
-0.0
-0.0
0.0
-0.0
-0.0
0.06688559
0.04300264
-0.0
-0.0
0.04873657
0.049784247
0.0
-0.0
-0.0
0.0
0.0
0.0
-0.050364118
-0.08950284
-0.0
-0.0
0.0
0.0
-0.0
-0.0
0.0
0.0
0.0
0.0
0.0
0.0
-0.0
0.0
-0.0
0.0
0.065177776
-0.0
-0.0
0.0
0.0
0.1629738
-0.0
0.08438175
-0.0
-0.0
-0.0
0.0
-0.0
0.067722395
0.0
0.0
-0.0
-0.0
0.0
-0.0
-0.0
-0.09834465
-0.047830258
0.0951398
0.0
-0.056059554
0.0
-0.06274792
-0.0
0.13787879
-0.0
-0.08525549
0.0
-0.0
-0.0
0.0
-0.0
0.0
0.0
0.13760865
-0.0
0.0
0.0
-0.0
0.11447884
-0.0
-0.18205564
-0.0
-0.0
0.0
-0.0
0.0
0.0
-0.13386823
0.0
0.0
-0.0
-0.092246965
-0.0
0.12064977
-0.0
-0.0
0.10160195
0.0
-0.11747068
-0.0
0.07210751
0.0
-0.0
-0.0
0.0
-0.0
-0.0
-0.0
-0.0
-0.0
0.0
-0.0
-0.096187264
-0.0
-0.0
-0.0
-0.0
0.0
0.0
0.0
0.0
0.0
0.0
0.0
-0.0
-0.0
-0.0
-0.0
0.0
-0.12689672
0.11797496
-0.0
-0.0
-0.0
-0.0
-0.0
-0.0
0.0
-0.0
-0.0
-0.0
-0.0
-0.0
0.0
-0.0
-0.0
0.0
0.0
-0.0
-0.0
0.0
-0.0
-0.0
0.0
0.0
0.09522368
0.0
0.09525558
0.0
-0.0
0.0
-0.0
-0.0
0.0
-0.0
0.100305215
0.0
0.0
-0.0
-0.050353516
0.0
0.0
0.0
-0.0
-0.0
-0.4259238
0.0
0.0
0.0
-0.0
-0.0
0.0
0.0
-0.0
0.0
0.0
0.0
0.0
0.0
0.0
-0.0
-0.0
0.0
0.0
0.0
0.0
-0.0
0.0
-0.0
-0.0
0.0
-0.0
-0.0
-0.0
-0.0
-0.0
0.0
0.0
0.0
0.0
-0.0
-0.0
-0.0
0.0
0.0
-0.13358353
0.0
0.0
-0.26763946
-0.0
0.0
-0.0
0.12251889
-0.0
0.0
0.0
0.0
-0.0
0.0
0.0
0.0
0.0
-0.0
0.0
-0.0
0.0
-0.0
0.0
-0.0
-0.0
0.0
0.0
-0.0
-0.0
-0.0
-0.0
0.0
-0.0
-0.0
-0.0
0.0
-0.0
-0.0
-0.17967428
-0.0
-0.0
0.0
-0.0
-0.095555805
-0.0
0.0
-0.0
0.16868062
0.0
-0.0
0.0
-0.0
0.0
0.0
0.0
0.0
-0.0
-0.0
0.0
-0.0
0.0
-0.0
-0.0
0.0
0.0
0.0
0.0
0.0
0.0
0.0
-0.0
-0.0
-0.0
-0.0
0.0
-0.0
-0.0
0.0
-0.0
0.0
0.0
0.0
-0.0
-0.0
-0.0
0.57397974
0.0
0.0
-0.0
0.0
0.0
0.0
-0.0
-0.0
-0.0
-0.0
0.0
-0.0
-0.0
-0.0
0.0
-0.0
-0.28174812
0.0
0.0
-0.0
-0.0
0.0
0.0
-0.0
0.0
0.0
-0.0
0.0
0.0
-0.0
0.0
0.0
-0.0
-0.0
-0.0
0.0
-0.0
0.4046597
0.0
-0.0
0.0
-0.0
-0.0
-0.0
0.0
-0.0
-0.0
0.0
-0.0
-0.0
-0.0
-0.0
-0.0
0.0
-0.0
0.0
-0.0
-0.0
-0.0
-0.0
0.0
0.0
-0.0
-0.0
-0.0
-0.0
0.0
-0.0
0.0
-0.0
-0.0
-0.23391862
-0.0
-0.0
0.0
0.0
0.26451772
-0.0
-0.0
-0.0
-0.0
0.0
-0.0
0.0
-0.0
0.0
-0.0
-0.0
-0.0
0.0
-0.0
0.0
0.0
0.0
-0.0
-0.0
-0.0
0.0
0.0
-0.0
0.0
0.0
0.0
-0.0
-0.0
0.0
0.0
0.0
0.0
0.0
0.0
0.0
0.0
-0.0
-0.0
0.0
-0.0
0.0
0.0
-0.0
-0.0
0.0
-0.27968192
-0.0
0.0
-0.0
0.0
0.0
0.0
0.0
-0.0
0.0
-0.0
0.0
0.0
-0.0
0.0
-0.0
-0.0
0.0
-0.0
-0.0
0.0
-0.0
-0.0
-0.0
0.30749965
0.0
0.0
0.0
-0.0
-0.0
0.0
-0.0
-0.0
0.0
0.35865715
0.0
-0.0
-0.0
0.0
-0.0
0.0
0.0
0.0
-0.0
-0.0
0.0
0.0
0.0
0.0
0.0
0.29387295
0.0
-0.0
0.0
-0.0
0.0
-0.0
0.0
0.0
0.0
-0.0
0.0
0.0
0.14370427
0.0
0.0
0.33091766
0.0
0.0
0.0
0.0
-0.0
0.0
-0.0
-0.0
0.0
0.0
0.0
-0.0
0.0
0.0
0.0
0.0
0.0
0.0
-0.0
0.0
0.0
-0.0
0.0
-0.0
0.0
0.0
0.0
-0.0
-0.0
0.0
0.0
-0.0
0.0
0.0
0.0
-0.0
0.0
-0.0
0.0
-0.0
0.27445891
-0.0
0.0
-0.0
-0.0
0.0
0.0
0.0
-0.0
0.0
0.0
-0.12895927
0.0
0.0
0.0
-0.0
-0.0
-0.0
0.0
0.0
-0.0
0.0
0.0
0.0
-0.0
-0.14997745
0.0
0.0
0.0
0.0
-0.0
0.0
-0.0
-0.0
0.13837524
0.0
0.0
-0.0
0.0
0.09246427
-0.0
0.0
-0.0
-0.0
-0.0
0.0
0.0854251
0.0
-0.0
-0.0
0.0
0.0
-0.16344748
0.0
0.0
0.0
-0.0
0.0
0.20131531
0.0
0.0
-0.0
0.0
0.0
-0.08575419
0.0
0.0
-0.0
0.0
-0.0
-0.0
0.0
-0.0
0.0
-0.0
-0.0
-0.0
0.0
-0.0
-0.0
0.0
-0.0
0.0
0.0
-0.0
0.1462761
0.0
0.09233247
-0.0
-0.0
-0.0
0.0
-0.0
0.14853743
0.0
-0.0
0.0
0.0
-0.0
0.0
0.0
0.0
-0.0
0.0
-0.0
0.0
0.10217545
-0.1260061
-0.0
0.12774487
-0.0
0.0
-0.0
-0.0
-0.0
0.0
-0.0
0.0
-0.0
0.11021874
0.0
0.0
-0.0
-0.06714183
0.18830879
-0.1121186
-0.0
0.0
-0.0
-0.0
0.0
-0.0
0.0
0.0
-0.0
-0.0
-0.0
-0.0
0.0
-0.0
-0.0
-0.28322923
0.0
-0.0
0.25654063
-0.0
0.0
0.22791208
0.0
-0.0
-0.0
0.0
-0.0
0.0
0.0
0.0
0.0
0.0
0.0
0.0
0.0
-0.0
0.0
-0.32174033
0.0
0.0
-0.0
-0.0
-0.0
0.0
0.0
-0.0
-0.0
0.0
-0.0
-0.0
0.0
-0.0
-0.0
0.0
-0.0
0.0
-0.0
0.0
-0.0
0.0
-0.0
-0.0
-0.0
0.0
-0.0
-0.0
0.0
0.0
-0.0
-0.0
0.0
-0.0
0.0
0.0
0.0
-0.0
0.0
-0.0
0.0
-0.0
-0.0
0.0
0.0
-0.0
0.0
0.0
-0.0
-0.0
0.0
-0.0
-0.0
-0.0
0.0
0.0
-0.0
0.0
-0.0
-0.0
-0.19403785
0.0
-0.0
0.0
0.0
0.0
0.0
0.0
-0.19927774
0.0
0.0
0.0
0.0
0.0
-0.0
0.0
-0.0
-0.0
-0.0
-0.0
0.0
-0.0
0.0
-0.0
0.0
0.0
-0.0
-0.0
0.26671094
0.0
-0.0
-0.0
0.0
0.0
0.0
-0.0
-0.099317245
-0.0
-0.0
-0.0
-0.0
0.0
-0.0
-0.0
-0.0
0.0
0.0
0.0
-0.0
0.0
-0.0
0.09641118
-0.0
0.0
0.0
-0.0
-0.0
-0.0
-0.0
-0.1846195
-0.0
0.0
-0.0
0.3331005
-0.0
0.0
0.0
0.18459576
0.0
0.0
-0.0
0.0
0.0
0.21306069
-0.06375159
-0.0
-0.0
0.0
0.0
0.0
-0.16565405
-0.0
0.0
0.0
0.0
-0.0
-0.19278617
-0.0
0.0
0.0
-0.062140476
0.0
0.0
0.0
-0.0
0.0
-0.0
-0.0
-0.0
0.0
0.0
0.0
-0.0
-0.0
-0.0
0.0
-0.736331
-0.0
-0.0
-0.0
-0.0
-0.0
0.0
-0.0
-0.0
0.0
0.0
0.0
0.0
-0.0
0.0
-0.0
0.0
0.0
-0.0
0.0
0.0
-0.0
-0.0
-0.0
0.0
-0.0
-0.0
-0.0
0.0
0.0
0.0
0.0
-0.0
-0.0
0.0
0.0
-0.0
-0.0
0.0
0.42060217
0.0
-0.0
0.0
-0.0
-0.0
0.0
0.0
0.0
-0.0
-0.0
-0.0
-0.0
-0.0
0.0
0.0
-0.0
0.0
0.0
-0.0
-0.0
-0.0
-0.0
0.0
0.0
-0.0
0.0
0.0
-0.0
-0.0
0.0
0.0
-0.0
0.0
0.0
-0.0
-0.0
0.0
-0.0
-0.0
0.0
0.0
0.0
-0.0
0.0
0.0
-0.06309027
0.0
-0.0
-0.0
0.0
-0.0
0.09380986
-0.0
0.3080661
0.0
-0.0
-0.0
-0.0
0.053893026
-0.0
-0.0
-0.0
0.0
0.0
-0.0
0.0
0.14878222
-0.0
0.0
0.0
-0.0
-0.0
0.0
-0.0
-0.0
-0.0
-0.0
0.0
0.0
-0.0
-0.0
0.0
-0.0
0.0
0.0
-0.0
0.0
0.0
0.0
0.0
-0.0
-0.0
-0.0
0.0
0.0
-0.0
0.0
0.0
-0.06349001
-0.0
0.0
-0.0
0.10771022
0.0
0.0
-0.0
0.0
-0.0
0.037263468
-0.0
-0.0
0.0
0.0
0.0
0.0
0.0
0.05097992
-0.0
0.0
0.0
-0.0
-0.0
-0.0
-0.0
-0.0
0.0
0.0
-0.0
0.0
0.0
0.0
0.0
0.0
-0.0
-0.0
0.046384063
0.0
-0.0
0.0
0.0
-0.0
-0.0
-0.0
-0.0
-0.0
0.0
0.0
0.0
0.0
0.10081216
-0.0
0.0
-0.0
-0.0
0.0
-0.0
0.0
0.0
-0.0
-0.0
-0.0
-0.0
0.0
-0.0
0.0
-0.0
0.16284391
-0.0
-0.0
-0.0
0.0
-0.0
-0.14451328
0.0
-0.13559711
0.0
0.0
0.093538135
0.0
-0.0
-0.0
0.0
0.0
0.12694705
-0.0
0.0
0.0
0.0
-0.0
-0.094527796
-0.0
-0.0
0.0
-0.25758865
-0.0
0.0
-0.0
0.14580286
0.0
0.0
-0.17666368
0.0
-0.0
-0.0
-0.0
0.0
0.0
-0.0
0.0
0.0
0.23297405
-0.0
-0.0
0.0
-0.0
0.17469984
0.0
-0.0
0.0
-0.0
0.0
0.0
0.0
-0.0
0.0
0.0
-0.0
-0.0
-0.0
0.0
0.0
0.0
0.0
-0.0
0.0
-0.11603885
-0.0
-0.0
-0.0
0.0
0.0
-0.0
0.0
0.22645806
0.0
0.18176827
0.0
-0.13988425
-0.0
0.0
0.0
0.0
0.0
-0.0
0.0
0.0
0.0
0.0
-0.0
-0.0
0.0
-0.0
-0.2117181
-0.0
0.0
-0.0
0.0
0.0
-0.0
0.1634388
-0.0
-0.0
0.0
-0.0
-0.0
-0.0
0.0
0.0
-0.0
0.0
-0.0
0.0
-0.0
0.0
-0.0
-0.0
-0.0
-0.0
0.0
-0.0
0.0
-0.0
0.0
-0.0
-0.0
0.0
0.0
-0.0
0.0
0.0
-0.0
-0.0
0.0
-0.0
0.0
-0.0
0.0
-0.0
-0.0
-0.0
0.0
0.0
-0.0
0.0
-0.0
-0.0
-0.0
-0.0
0.0
0.0
-0.0
-0.0
-0.0
-0.0
-0.0
0.0
0.0
-0.0
0.0
0.0
-0.0
-0.32384866
0.0
0.0
0.0
-0.0
-0.0
0.0
-0.0
-0.0
0.0
0.0
0.0
0.0
0.0
-0.0
0.0
-0.0
0.0
-0.0
0.0
-0.0
-0.0
0.0
-0.0
-0.0
0.0
-0.0
-0.0
-0.0
0.0
0.0
-0.0
-0.0
0.0
0.0
0.0
0.0
0.0
-0.0
0.0
0.0
-0.0
-0.0
0.0
0.0
-0.0
0.0
0.0
-0.0
-0.0
-0.0
0.0
0.0
0.0
-0.0
0.0
0.0
-0.0
0.0
-0.0
-0.0
0.0
0.0
-0.0
0.0
-0.0
-0.0
0.18583558
0.0
-0.0
0.0
0.0
0.0
-0.0
0.0
0.0
-0.0
-0.0
0.0
0.0
-0.0
0.0
0.0
0.0
0.0
0.0
0.0
-0.0
-0.0
-0.0
-0.0
0.0
-0.103998266
-0.0
0.0
-0.0
0.0
-0.0
-0.0
-0.0
-0.0
0.0
0.0
0.21382685
-0.0
-0.0
0.12385175
-0.0
-0.0
0.0
-0.0
-0.0
-0.0
0.0
0.0
-0.0
0.12903479
-0.0
-0.0
-0.19931526
0.0
-0.0
0.0
-0.0
0.0
0.0
0.0
-0.0
0.0
-0.12400315
-0.0
-0.0
-0.0
-0.0
0.0
0.0
-0.0
0.0
0.0
-0.0
-0.0
-0.0
0.0
-0.0
0.0
-0.0
0.0
0.0
0.0
-0.0
-0.0
0.0
-0.0
-0.0
-0.0
-0.0
0.0
-0.0
0.0
0.0
-0.0
0.0
0.0
-0.0
-0.0
-0.0
0.0
-0.0
-0.0
-0.0
0.0
0.0
0.0
0.0
0.0
0.0
0.0
0.0
-0.0
0.0
0.0
0.0
0.0
-0.0
0.0
0.0
-0.0
0.31412643
0.0
-0.0
-0.0
-0.0
-0.0
-0.0
-0.0
-0.0
-0.0
0.0
0.0
0.13048531
0.078189
-0.0
0.0
0.0
-0.09700705
0.0
-0.12226923
0.0
0.0
0.0
-0.0
-0.0
0.124301404
-0.0
0.0
-0.07366261
-0.0
-0.1381785
-0.0
-0.27278584
0.0
0.0
0.0
0.0
0.0
-0.0
0.0
0.0
-0.0
0.0
-0.0
0.0
-0.0
-0.0
-0.0
0.0
-0.0
-0.0
-0.0
0.0
-0.0
0.0
0.0
-0.0
0.0
0.0
-0.08915952
0.0
-0.0
0.0
-0.18509409
-0.0
0.0
-0.1420148
-0.0
-0.0
-0.0
0.0
0.0
-0.0
-0.0
-0.0
-0.0
0.0
0.0
-0.0
-0.0
-0.0
0.0
-0.0
0.0
0.0
-0.0
-0.0
0.0
-0.0
0.0
-0.0
-0.0
-0.0
-0.0
0.0
0.0
0.22764802
-0.0
-0.0
0.0
-0.0
-0.0
0.0
-0.0
0.0
-0.0
-0.0
0.0
0.0
0.0
-0.0
-0.0
0.0
0.0
-0.0
-0.3267555
0.0
-0.0
0.0
0.0
-0.0
0.0
-0.0
-0.0
-0.2515139
0.0
-0.0
-0.0
0.0
-0.0
-0.0
0.0
0.0
0.0
-0.0
0.0
-0.0
-0.0
-0.0
-0.0
-0.0
-0.0
0.0
0.0
-0.0
0.0
-0.0
-0.0
-0.0
0.0
0.0
0.0
-0.0
-0.0
-0.0
-0.0
0.0
0.0
0.0
0.0
-0.0
0.0
-0.0
-0.0
-0.0
-0.0
-0.0
-0.0
-0.0
0.0
-0.0
0.0
-0.0
0.0
-0.0
-0.0
0.23382756
-0.0
-0.0
-0.0
0.0
-0.0
0.0
-0.0
0.0
0.0
0.0
-0.0
0.21242248
-0.0
0.0
0.0
0.647498
-0.0
-0.0
-0.0
-0.0
0.0
-0.0
-0.0
-0.0
0.0
-0.0
-0.0
0.0
0.0
-0.0
-0.0
0.0
-0.0
0.0
0.0
-0.0
0.0
-0.5851867
-0.0
-0.0
0.0
0.0
-0.0
0.0
0.0
-0.0
0.0
-0.0
0.35519192
-0.0
-0.0
-0.0
-0.0
-0.0
-0.72333986
0.0
0.0
0.0
0.0
-0.0
-0.0
0.0
-0.0
0.0
0.0
0.0
0.0
0.0
-0.0
-0.0
-0.0
-0.0
0.0
-0.19224145
0.0
-0.0
0.0
-0.0
-0.0
0.0
0.0
0.0
-0.3364255
-0.0
-0.23856308
0.0
0.3392782
0.0
-0.0
-0.0
-0.32045627
0.0
0.4502921
-0.0
-0.0
0.0
0.0
-0.0
0.0
-0.0
0.0
0.0
0.0
-0.0
0.0
-0.0
-0.0
-0.0
0.0
0.263818
-0.0
-0.0
-0.0
-0.0
0.0
0.0
0.0
-0.0
-0.0
-0.0
-0.0
-0.0
0.0
0.024225675
0.0
-0.021135045
0.0
-0.0
-0.0
0.0
-0.0
-0.0
0.0
-0.0
-0.015088606
0.021912592
0.0
-0.012310096
-0.0
-0.0
-0.0
-0.0
0.0
-0.031372957
0.0
-0.0
0.0
0.0
-0.0
0.0
0.012671592
0.0
0.0
0.0
-0.0
-0.0
-0.0
0.0
-0.0
-0.019221986
-0.0
-0.0
0.0
0.0
-0.0
-0.0
0.0
-0.009318518
0.0
0.0
-0.018892596
0.0
-0.012373309
-0.0
-0.012917825
-0.0
-0.0
-0.02267059
-0.0
-0.0
-0.015184339
-0.0
-0.0
-0.0
-0.0
-0.0
-0.0
0.0
-0.0
-0.008922318
-0.03515256
-0.0
-0.0
-0.0
-0.0
0.0
-0.0151425665
-0.0
0.02859604
0.0
-0.0
0.0
-0.017611675
-0.018551288
-0.0
0.010373774
-0.009794476
0.012903341
0.0
0.0
0.0
-0.0
0.0425889
-0.0
-0.0
-0.0
-0.0
0.0
0.0
0.0
-0.15384832
0.34460545
-0.0
-0.0
-0.0
-0.0
-0.10973799
-0.0
0.0
0.0
0.0
-0.09418701
-0.0
-0.0
-0.0
-0.32274258
0.0
-0.0
0.0
-0.17060687
-0.0
0.0
-0.12352578
0.0
-0.0
-0.0
0.0
-0.0
0.0
0.0
-0.19261803
0.0
-0.0
0.0
-0.0
-0.0
-0.0
-0.0
0.0
-0.0
-0.08910832
-0.0
-0.20827009
0.0
0.0
-0.0
-0.0
-0.0
-0.0
0.0
-0.0
0.1654378
0.0
-0.12380634
-0.0
-0.0
-0.14046982
0.40821573
0.0
0.0
-0.067448504
-0.0
-0.0
-0.0
-0.0
-0.0
-0.28707102
0.0
0.0
0.18060698
0.0
0.0
-0.0
-0.20462756
-0.17563461
0.0
-0.0
0.0
-0.0
-0.0
-0.0
0.0
0.0
0.07950533
0.0
0.0
0.0
0.34967357
0.23613924
0.0
-0.0
0.0
-0.0
0.0
-0.0
0.0
-0.0
-0.0
0.0
-0.0
-0.0
0.0
-0.0
-0.0
0.0
0.0
-0.0
0.0
-0.0
0.0
0.0
-0.0
-0.0
-0.0
-0.0
0.0
0.0
-0.0
0.0
0.0
-0.0
-0.0
-0.0
0.0
-0.0
0.0
-0.0
0.0
0.0
0.0
0.0
-0.0
0.0
0.0
0.0
0.0
-0.0
0.0
-0.0
0.0
0.0
0.0
-0.0
0.0
-0.0
-0.0
-0.0
-0.10260281
0.0
-0.0
-0.0
-0.0
0.0
0.0
0.0
0.17796867
0.0
-0.0
-0.0
0.0
-0.0
-0.0
-0.0
0.17586343
-0.0
0.0
0.0
-0.19264339
-0.0
-0.0
-0.0
0.0
0.0
-0.0
-0.0
0.0
-0.0
0.0
0.0
0.0
0.2949742
0.0
-0.11733255
-0.0
-0.0
0.0
0.0
0.0
-0.0
0.0
-0.0
-0.0
0.0
0.0
0.0
-0.0
0.0
0.0
0.0
0.0
0.0
-0.0
0.0
-0.0
0.0
0.0
0.0
-0.0
-0.0
-0.0
-0.0
-0.0
-0.0
0.05982644
-0.0
0.0
-0.0
-0.0
-0.0
0.0
0.0
0.0
0.0
0.0
-0.0
0.0
-0.0
-0.0
0.0
-0.0
-0.12419855
-0.0
0.0
0.0
-0.0
-0.0
0.0
0.0
-0.0
-0.0
-0.0
-0.0
0.0
-0.090064086
-0.0
0.0
0.0
0.169225
0.0
0.0
-0.0
-0.060563322
-0.0
-0.0
-0.0
-0.0
-0.0
-0.0
0.0
-0.0
0.0
-0.0
-0.0
0.20804621
-0.0
-0.0
-0.0
0.0
-0.0
0.0
0.0
0.0
0.0
0.0
0.0
0.0
-0.08413544
-0.0
0.0
0.0
-0.0
0.0
-0.0
-0.0
-0.0
0.0
-0.0
-0.0
-0.0
0.0
-0.0
0.0
-0.0
0.0
0.0
-0.0
0.0
0.0
-0.0
0.0
-0.0
-0.0
-0.0
-0.0
-0.0
0.0
-0.0
-0.0
-0.0
-0.0
0.0
0.0
0.0
-0.0
0.0
-0.0
0.14365362
0.0
0.0
-0.0
-0.0
-0.0
0.0
-0.0
0.0
-0.26352403
-0.0
0.0
0.0
-0.0
0.0
0.0
0.0
-0.0
-0.0
0.16290218
-0.0
-0.0
0.0
0.0
-0.0
0.0
-0.0
-0.13471964
0.0
0.0
-0.0
0.551981
-0.0
-0.0
0.0
-0.0
-0.0
-0.0
0.0
0.30257684
0.0
0.0
0.0
-0.23899733
0.0
0.0
0.0
-0.0
-0.0
-0.0
0.0
0.0
-0.0
-0.0
0.0
0.0
0.58354574
0.0
-0.0
-0.10530584
0.0
-0.0
0.43016112
0.0
-0.0
0.0
-0.0
-0.61546344
-0.0
0.0
-0.12759781
-0.0
-0.35161224
-0.0
-0.25368336
-0.0
-0.0
0.0
-0.0
-0.0
0.0
0.16355614
0.0
0.0
0.0
0.0
0.0
-0.0
-0.0
0.0
0.0
-0.0
0.0
0.37713122
-0.0
0.28592008
0.0
-0.0
-0.0
-0.0
0.0
-0.0
0.0
0.0
-0.34011486
0.0
-0.0
0.0
-0.0
-0.20586404
-0.0
0.20143747
0.0
0.21631071
-0.0
-0.0
0.0
-0.0
-0.0
-0.0
0.0
-0.0
-0.0
-0.0
-0.0
-0.0
-0.0
-0.0
-0.0
-0.0
-0.0
-0.0
0.0
-0.0
-0.0
-0.0
0.0
-0.0
0.0
0.0
-0.0
0.0
0.0
0.0
0.0
0.0
0.28528997
-0.0
-0.0
0.0
-0.0
0.62947315
-0.0
-0.0
0.0
0.0
-0.0
0.0
0.0
0.09858182
-0.0
-0.0
-0.0
-0.0
-0.0
0.0
-0.09315368
0.0
-0.14540361
0.0
0.0
0.0
-0.0
-0.0
0.0
-0.0
-0.0
-0.0
-0.0
-0.0
-0.0
0.18995172
0.0
-0.0
-0.0
0.0
0.0
-0.0
0.0
-0.0
0.0
-0.0
-0.0
-0.0
-0.0
-0.0
0.0
0.0
0.0
0.0
0.0
0.0
-0.0
0.0
-0.0
0.0
-0.0
0.0
0.0
-0.0
0.0
0.0
-0.0
0.0
-0.0
-0.0
-0.0
-0.0
0.0
-0.0
-0.0
0.0
-0.0
0.0
0.12936202
-0.0
-0.108764485
0.0
0.0
-0.0
0.0
0.0
-0.0
0.0
-0.0
0.0
0.0
-0.0
-0.0
-0.0
-0.0
0.0
0.0
0.0
0.0
0.0
0.0
0.0
-0.0
-0.0
-0.0
-0.0
-0.0
0.0
0.0
-0.0
-0.0
-0.0
0.0
-0.0
-0.0
0.0
0.0
-0.0
-0.0
-0.0
0.0
0.0
0.0
0.0
0.0
0.0
0.0
0.0
-0.0
0.0
-0.0
-0.0
0.0
0.0
0.0
0.0
0.0
0.0
-0.0
-0.0
-0.0
-0.0
0.46441624
0.0
-0.0
0.0
-0.0
0.0
-0.0
0.0
0.0
-0.0
0.18871321
0.0
0.0
0.0
-0.0
0.0
0.0
0.0
0.0
-0.1638612
0.0
0.0
-0.0
0.0
0.38628116
0.0
0.0
-0.0
0.0
-0.0
-0.0
0.0
0.0
-0.0
0.0
-0.0
0.0
-0.0
0.0
-0.0
0.0
0.0
-0.0
-0.0
-0.0
0.0
0.0
-0.0
-0.0
0.0
0.0
0.0
0.20958991
-0.0
0.0
-0.0
-0.0
0.0
0.0
-0.0
-0.0
-0.0
-0.0
0.0
0.0
0.051385943
0.0
-0.0
0.0
-0.0
0.0
-0.0
-0.12140074
0.26509985
0.0
0.0
-0.0
-0.0
0.0
-0.0578226
-0.04996912
0.0
-0.0
0.0
-0.0
0.0
0.0
-0.0
0.0
0.0
-0.0
0.0
0.0
-0.0
0.0
-0.0
0.0
0.0
0.0
0.0
-0.0
-0.0
0.14584605
0.0
0.0
-0.0
-0.0
-0.0
0.081807464
-0.0
-0.15343481
-0.0
0.16874737
-0.0
0.0
-0.0
0.087699756
-0.0
0.0
0.0
-0.0
-0.0
0.0
0.0
0.0
0.0
-0.082707144
0.0
-0.0
-0.0
-0.0
0.0
0.0
0.0
-0.0
-0.0
0.09591901
0.0
-0.0
-0.0
-0.0
-0.0
0.0
-0.0
0.13103501
-0.0
0.0
-0.0
0.0
-0.0
-0.0
-0.0
-0.0
-0.0
0.0
-0.07833794
-0.0
-0.0
0.0
-0.0
-0.0
-0.0
0.0
-0.0
0.0
-0.0
0.0
-0.0
-0.0
-0.0
-0.0
0.0
-0.0
0.0
-0.0
-0.0
0.0
0.0
-0.0
0.0
0.0
-0.0
0.11516816
-0.0
0.0
-0.05844084
0.0
-0.0
-0.0
-0.0
-0.0
-0.0
-0.0
0.0
-0.0
-0.0
-0.0
0.0
0.0
0.0
0.0
0.0
-0.0
-0.0
-0.0
0.0
-0.0
0.0
0.0
0.0
-0.0
0.0
0.0
-0.0
-0.0
0.08218161
-0.14707875
0.0
0.0
0.0
-0.0
0.0
-0.0
-0.2783668
0.0
0.0
0.0
0.0
-0.0
-0.0
0.0
0.0
0.0
-0.0
0.0
0.11682216
-0.0
-0.0
-0.0
-0.0
0.0
-0.06410414
-0.0
-0.0
0.1761938
0.0
-0.0
0.0
0.0
0.0
0.0
-0.0
-0.0
0.0
0.0
0.0
-0.0
0.0
0.0
-0.08490099
-0.0
-0.0
-0.0
0.0
0.11718631
0.0
0.0
-0.0
-0.0
-0.0
-0.0
-0.0
0.0
-0.0
0.0
0.0
-0.0
-0.28042412
-0.0
0.3903895
0.0
0.0
-0.0
-0.0
0.0
-0.2205047
0.0
-0.0
-0.0
-0.0
-0.0
-0.0
-0.0
-0.0
0.0
0.0
-0.0
-0.0
-0.0
0.0
0.0
0.0
0.0
-0.0
0.0
0.0
-0.0
-0.0
0.0
-0.0
-0.11378338
0.0
-0.0
0.0
-0.0
-0.0
0.0
0.0
-0.0
0.0
0.0
0.0
-0.0
-0.094739996
-0.0
-0.07154256
0.0
0.0
0.0
0.0
-0.0
0.0
-0.0
0.0
0.0
0.0
-0.0
0.0
-0.0
-0.0
0.0
0.0
0.0
0.2400123
-0.0
-0.0
-0.0
-0.0
0.0
0.0
-0.0
-0.0
-0.0
0.0
-0.0
-0.15222234
0.0
0.0
-0.0
0.0
-0.0
0.0
-0.0
-0.0
0.0
-0.0
0.0
-0.0
0.3117838
-0.0
0.0
0.0
0.0
-0.13442756
0.0
-0.09940705
0.0
-0.0
0.0
0.0
0.0
0.059070922
0.0
0.10569232
-0.0
0.0
0.0
-0.0
0.0
-0.0
0.0
-0.0
-0.0
-0.0
-0.0
0.0
-0.0
0.0
-0.0
0.0
-0.0
-0.0
0.0
-0.0
0.0
0.0
-0.0
-0.0
0.0
0.0
-0.0
0.0
-0.0
-0.0
0.0
-0.0
-0.0
0.0
-0.0
0.0
0.0
0.06205752
-0.0984735
0.0
0.0
-0.0
0.0
-0.0
-0.0
0.0
-0.0
-0.0
0.0
-0.0
-0.0
0.0
0.0
-0.0
0.0
-0.058355685
-0.0
-0.0
-0.0
0.0
-0.0
0.0
0.0
-0.0
0.0
0.0
0.0
0.15728608
0.0
0.0
0.27155653
0.0
-0.0
0.0
-0.0
-0.0
0.0
0.0
0.0
0.0
0.0
0.0
0.0
-0.0
-0.0
-0.15334494
0.0
-0.14191945
0.0
0.0
-0.0
0.0
-0.0
-0.0
0.0
0.0
0.0
0.0
-0.0
0.0
0.0
0.0
0.0
-0.0
-0.0
-0.0
0.0
0.0
0.0
-0.0
0.0
-0.0
0.0
0.0
0.0
-0.0
0.0
-0.0
-0.0
0.0
0.0
-0.0
-0.0
0.0
-0.0
0.0
-0.0
-0.0
0.0
-0.0
-0.0
0.0
-0.0
-0.0
-0.0
0.0
-0.0
0.0
-0.0
0.0
0.0
0.0
-0.0
-0.0
0.0
-0.0
-0.0
0.0
-0.0
-0.0
0.0
0.24324167
0.0
-0.0
0.0
-0.0
-0.0
-0.060939584
0.0
0.0
-0.0
0.0
-0.0
-0.08412943
-0.0
0.0
0.0
0.0
-0.1807823
-0.0
-0.0
-0.0
-0.0
-0.0
0.0
-0.0
-0.13726436
-0.0
0.0
0.0
-0.0
-0.0
0.0
0.0
0.0
0.0
0.0
-0.051842213
-0.0
0.0
-0.0
0.0
0.0
0.0
0.0
-0.0
-0.0
0.0
0.0
0.0
-0.0
-0.0
-0.0
0.0
0.0
-0.098614655
-0.10844537
-0.04700585
-0.0
-0.0
0.043943744
0.0
-0.0
-0.0
0.0
-0.0
0.0
0.08186121
0.0
-0.0
0.0
-0.0
-0.059259977
0.0
0.040646218
-0.048450116
-0.0
-0.07430046
0.0
0.0
0.11411158
0.0
0.0
0.0
-0.0
-0.0
-0.0
0.0
-0.0
-0.064857125
0.0
0.0
-0.0
-0.0
0.0
-0.0
0.0
-0.0
-0.0
0.0
0.0
-0.0
0.0
0.0
0.0
-0.5639442
-0.0
0.0
0.0
-0.0
0.0
-0.0
0.0
0.4212757
-0.0
0.0
-0.0
-0.0
-0.0
0.18131326
0.0
-0.0
0.0
0.0
0.2718
0.0
0.0
0.0
0.0
0.0
-0.0
0.0
-0.0
-0.3763527
-0.0
0.0
0.112715535
-0.0
0.0
0.0
0.0
0.0
-0.0
-0.0
0.0
0.0
-0.0
-0.0
0.0
-0.0
0.0
0.0
0.0
-0.0
-0.0
-0.16261454
0.0
-0.0
0.0
-0.0
-0.0
0.0
0.0
-0.0
-0.43284357
0.0
0.0
-0.0
0.5081162
0.0
-0.0
0.0
-0.36355564
-0.0
0.0
-0.0
0.08900529
-0.0
0.31791443
-0.0
-0.0
0.0
-0.0
-0.30505082
0.0
-0.2130518
0.0
0.0
-0.0
0.0
-0.0
0.51467824
0.0
-0.0
0.0
0.0
-0.0
-0.0
-0.0
-0.0
-0.0
-0.0
0.69521594
-0.0
0.0
-0.0
0.0
0.0
0.0
-0.0
-0.0
-0.0
-0.0
-0.0
-0.0
-0.0
-0.0
0.0
-0.0
0.0
0.0
0.0
0.0
-0.0
-0.35663497
-0.0
0.0
0.23454681
0.0
-0.0
-0.0
-0.0
0.0
0.0
0.16012129
0.0
-0.0
-0.0
-0.0
-0.41796833
0.0
-0.0
0.0
0.0
-0.43068573
-0.0
0.0
-0.0
-0.0
-0.0
0.0
-0.0
-0.0
0.0
-0.0
-0.0
-0.0
-0.0
0.0
-0.0
0.0
-0.0
-0.0
-0.0
0.0
0.26706517
-0.0
0.17903152
-0.0
-0.0
-0.0
-0.0
-0.0
0.0
0.0
-0.0
0.0
-0.0
0.0
-0.0
-0.0
0.0
0.0
-0.16502263
-0.0
0.0
0.38895738
-0.0
0.0
-0.0
-0.0
0.0
0.0
0.0
0.0
-0.0
-0.0
-0.0
0.0
0.22407699
0.0
0.0
0.0
0.0
0.0
0.0
-0.0
-0.0
0.0
-0.0
0.0
0.0
0.0
0.0
-0.0
0.0
-0.0
0.0
0.0
-0.0
0.0
-0.0
-0.0
0.0
0.0
-0.0
0.0
-0.0
-0.0
-0.0
0.0
0.0
0.0
0.0
0.0
-0.0
0.0
0.2536091
0.0
0.0
0.0
-0.0
0.0
-0.0
-0.0
-0.0
0.0
-0.0
-0.0
0.0
-0.0
0.11820209
0.0
-0.0
0.0
-0.0
-0.0
-0.0
-0.0
0.06901852
-0.0
-0.0
-0.0
0.0
-0.0
-0.0
-0.0
0.0
-0.0
-0.0
0.0
0.0
0.0
-0.0
0.18918483
-0.0
0.0
-0.0
-0.31756946
0.0
0.0
-0.1564921
0.0
0.0
-0.108854964
-0.0
-0.0
-0.0
-0.0
-0.0
-0.0
0.0
-0.0
0.0
-0.29729325
-0.0
0.0
0.0
-0.0
-0.0
-0.2238839
0.0
0.0
0.0
0.0
-0.0
-0.0
-0.0
-0.0
-0.0
-0.0
-0.0
0.0
-0.3730495
0.0
-0.0
-0.0
-0.0
0.0
-0.24542177
-0.0
0.0
0.0
-0.0
-0.0
-0.0
0.0
0.0
-0.0
-0.0
-0.0
-0.0
-0.0
-0.0
0.0
0.4422976
-0.0
-0.0
0.0
-0.0
-0.0
-0.0
-0.0
-0.0
-0.0
-0.4404818
-0.0
-0.0
-0.0
-0.0
-0.4341293
-0.0
-0.0
0.2507041
-0.0
-0.0
0.0
-0.0
-0.0
0.0
-0.0
-0.0
-0.0
-0.0
-0.0
-0.431228
0.0
-0.0
-0.0
-0.44911283
-0.0
-0.0
0.3832958
-0.0
-0.0
-0.0
0.0
0.0
-0.0
0.0
-0.0
-0.0
0.0
-0.0
-0.19539887
-0.0
0.0
-0.0
-0.0
0.0
-0.0
0.0
-0.0
-0.0
-0.0
-0.0
-0.038184702
-0.0
-0.0
-0.0
0.0
0.0
-0.0
0.0
0.0
-0.0
0.0
-0.0
-0.0
0.0
-0.0
0.0
-0.17042562
-0.0
0.0
0.09293464
0.0
-0.0
-0.0
0.0
0.0
0.0
0.0
0.0
0.0
0.0
-0.0
-0.0
0.0
-0.0
0.0
-0.0
0.0
0.0
0.0
0.0
-0.0
0.0
-0.0
0.0
0.0
-0.10377452
0.0
-0.0
0.0
-0.0
0.1402183
-0.0
-0.0
-0.0
0.0
-0.0
0.0
-0.0
0.0
-0.0
-0.0
0.0
0.0
-0.0
0.0
-0.0831129
-0.0
-0.0
0.0
0.0
-0.0
-0.0
0.0
-0.0
0.0
0.0
-0.0
0.0
-0.0
0.0
-0.0
-0.0
0.0
0.0
0.0
0.050643608
-0.0
-0.0
-0.0
-0.0
0.0
0.15999538
0.0
0.0
-0.0
0.0
0.0
-0.0
0.0
-0.0
0.0
-0.0
0.24510053
0.30331752
0.0
0.09444142
-0.0
-0.0
-0.0
-0.0
-0.0
0.27267757
0.0
-0.14683
-0.0
0.0
0.21940698
0.0
-0.0
0.0
-0.1618749
-0.0
0.0
-0.0
-0.1884272
-0.0
-0.0
0.0
-0.0
0.29485908
-0.0
0.0
-0.0
0.0
-0.16382337
0.07748364
-0.0
-0.0
-0.0
-0.0
-0.0
-0.0
-0.20313503
0.35540023
0.0
0.0
0.0
-0.15859924
-0.12420413
0.0
-0.34954467
-0.0
0.0
0.0
-0.09768081
0.0
0.15673198
0.25867587
-0.0
0.0
-0.0
0.0
-0.0
-0.0
0.0
0.0
0.21547408
-0.0
0.36099452
0.0
-0.13797192
-0.0
-0.0
-0.14518878
-0.0
0.0
-0.2664693
-0.0
-0.0
0.0
-0.0
0.0
0.0
-0.0
0.0
0.0
0.099322155
-0.0
0.0
-0.0
-0.0
-0.0
-0.0
0.0
0.0
-0.0
0.0
-0.0
0.0
0.0
0.0
0.0
0.0
-0.0
0.0
0.0
-0.050702814
-0.0
-0.05432102
0.0
0.0
0.027955549
-0.0
-0.0
0.0
-0.0
0.0
0.0
-0.12795706
0.0
0.0
-0.0
-0.0
-0.21250957
-0.0
0.0
-0.0
0.028913805
-0.0
-0.0
-0.0
-0.0
0.0
0.0
-0.0
0.0
-0.0
-0.029933654
0.0
-0.0
0.0
0.0
0.0
-0.0
0.0
-0.0
0.0
0.0
0.0
0.0
-0.0
0.0
-0.0
-0.0
0.0
0.0
0.0
0.0
0.0
-0.0
-0.0
0.0
0.0
0.0
0.0
-0.0
0.0
-0.106837414
-0.0
0.0
0.0
-0.0
0.0
-0.0
0.0
-0.0
-0.0
-0.0
-0.0
0.0
0.0
0.0
-0.0
-0.0
0.0
0.0
0.0
-0.0
-0.0
0.0
0.26903263
-0.0
-0.0
-0.0
-0.0
0.0
-0.0
0.0
0.0
-0.0
-0.0
0.0
0.0
-0.2334126
0.0
0.16187173
-0.0
0.0
0.0
0.0
-0.0
-0.0
-0.2781639
-0.0
0.0
-0.0
0.0
-0.0
0.0
0.0
-0.0
-0.0
0.0
0.0
0.0
-0.0
-0.0
0.0
0.11368878
0.0
-0.0
-0.0
0.1437271
-0.0
0.0
-0.0
-0.0
-0.0
0.0
-0.1919104
-0.0
0.0
0.0
0.0
0.0
-0.0
0.0
0.0
-0.0
-0.0
-0.0
-0.0
-0.0
0.0
-0.0
-0.20650923
-0.0
-0.0
-0.0
-0.0
-0.0
-0.0
-0.15158248
0.0
0.0
0.0
0.0
0.0
-0.0
-0.0
-0.0
0.0
-0.0
0.0
0.0
-0.0
-0.0
-0.0
-0.0
0.0
-0.0
0.0
-0.0
-0.0
-0.0
-0.0
0.0
-0.07251209
0.045014225
0.0
-0.09556751
0.0
-0.0
-0.13462879
0.0
-0.0
-0.16530506
-0.14843887
0.0
0.0
0.0
0.0
0.0
0.0
-0.0
0.0
0.0
-0.0
0.0
0.0
0.0
-0.0
-0.0
0.0
-0.0
-0.0
-0.0
-0.0
-0.0
0.0
0.0
0.0
0.0
-0.08536041
0.0
-0.054143876
-0.0726886
-0.0
0.0
-0.0
0.0
0.0
0.0
0.10428374
0.0
0.0
0.13917
-0.0
0.0
-0.0
-0.06974663
0.0
0.0
-0.0
0.13633633
-0.13053398
0.09315712
0.0
-0.075232014
-0.0
-0.0
-0.0
0.0
-0.0
0.0
0.112394765
-0.0
0.0
0.0
-0.0
-0.0
-0.0
-0.0
-0.09609325
0.0
-0.11378729
0.0
-0.0
-0.0
0.12075412
-0.0
-0.0
-0.0
0.0
-0.0
-0.18797159
-0.0
-0.0
0.0
-0.0
-0.0
0.0
-0.0
0.0
-0.0
-0.0
0.0
0.32975492
-0.0
0.122042656
0.0
-0.0
-0.0
-0.0
-0.11593773
-0.0
0.0
-0.0
-0.0
0.0
-0.36009526
0.0
-0.0
-0.0
-0.28187087
-0.0
0.0
0.0
-0.0
0.0
0.0
0.0
-0.0
-0.5472149
-0.0
0.0
0.0
-0.0
-0.0
-0.0
0.18836364
-0.0
-0.0
-0.0
-0.0
0.0
0.34135565
-0.41838053
-0.0
0.0
-0.0
0.18802322
-0.0
-0.0
-0.30657578
0.0
0.0
0.0
0.0
0.0
-0.12864825
-0.0
-0.0
-0.0
0.0
-0.0
-0.0
-0.0
-0.24652958
0.0
-0.36837792
-0.0
-0.0
0.0
-0.0
-0.0
0.0
0.2753471
0.0
0.14624211
0.41130632
-0.0
0.0
0.0
-0.0
0.0
-0.20863253
-0.0
-0.09811091
0.0
0.0
0.0
-0.0
0.0
-0.0
-0.0
-0.05727417
0.0
0.0
-0.0
-0.0
-0.0
-0.0
0.0
-0.0
-0.0
0.0
-0.0
-0.0
-0.1254134
0.0
-0.0
-0.0
-0.0
0.0
-0.080118835
0.0
-0.0
-0.0
0.0
-0.0
0.0
-0.0
-0.0
0.0
0.0
-0.0
0.0
-0.0
-0.0
0.0
-0.0
-0.0
0.0
-0.0
0.0
0.098291256
-0.0
-0.0
-0.0
-0.0
-0.0
-0.10036981
0.0
-0.0
-0.0
-0.0
-0.0
-0.0
-0.0
-0.0
-0.0
-0.0
-0.0
-0.0
-0.0
0.0
0.0
-0.0
0.0
-0.0
0.0
0.0
0.0
0.21010165
-0.0
0.0
-0.0
0.0
-0.0
0.0
0.0
-0.0
0.0
-0.0
0.0
-0.07208789
0.08711469
-0.0
-0.0
0.0
-0.0
-0.0
-0.0
-0.0
0.0
0.0
0.0
-0.0
-0.0
-0.51748234
0.19578318
-0.0
0.0
0.12550926
-0.0
-0.0
-0.0
-0.0
-0.0
-0.0
0.0
0.0
-0.0
-0.37075824
-0.0
0.0
-0.0
-0.0
-0.402728
-0.24600124
0.0
0.0
-0.0
-0.0
0.0
-0.0
-0.0
0.0
-0.0
-0.0
-0.0
0.0
0.17240262
0.0
0.0
-0.0
0.0
0.0
-0.0
-0.0
-0.0
0.0
-0.0
0.0
-0.0
0.0
0.0
0.0
-0.0
0.0
0.3556313
-0.0
0.0
0.0
-0.0
0.3595879
-0.0
0.0
0.0
-0.0
-0.0
0.0
0.0
0.43231553
-0.0
0.0
-0.0
0.0
0.0
-0.0
0.0
0.0
0.22842991
-0.0
-0.0
0.0
-0.0
-0.0
-0.0
0.0
0.0
0.0
0.0
0.0
-0.0
0.0
0.26636666
-0.0
-0.15043004
-0.21935102
0.0
0.0
0.0
-0.0
-0.5971731
-0.0
0.0
0.37638962
-0.28451872
-0.48549217
0.0
-0.0
0.0
-0.35328928
0.0
-0.0
0.0
0.0
-0.24328542
0.37647098
0.28013322
0.0
0.0
-0.0
0.0
0.0
0.0
-0.0
-0.0
-0.0
-0.22077823
-0.0
-0.0
0.0
-0.0
0.35222813
-0.0
-0.0
0.0
-0.18270643
-0.25026754
-0.56417674
-0.0
0.0
0.0
-0.27505192
0.43889666
-0.0
0.0
-0.0
-0.0
-0.0
0.0
0.0
0.19231415
0.0
-0.0
-0.0
-0.0
-0.24305393
0.0
0.0
0.0
0.0
-0.0
-0.0
0.3842443
-0.2355806
-0.0
-0.0
0.0
0.0
0.0
-0.29062632
-0.0
0.25075597
-0.0
-0.0
0.2671858
-0.0
-0.0
-0.0
-0.0
-0.15136606
0.3190921
0.0
0.4047924
0.0
-0.13327113
0.0
-0.0
-0.0
-0.0
-0.0
0.0
-0.0
-0.0
0.0
0.0
0.0
0.7182683
-0.0
0.0
0.0
0.0
-0.15994187
-0.0
-0.0
-0.0
0.0
-0.0
0.0
0.0
-0.0
0.0
-0.0
-0.0
-0.0
-0.0
0.0
-0.19420269
-0.0
-0.0
-0.0
0.0
-0.0
0.0
-0.0
-0.0
-0.0
-0.0
0.0
0.0
0.0
-0.0
-0.0
-0.0
0.0
-0.0
0.0
-0.0
0.0
-0.0
0.0
0.0
-0.0
-0.0
0.0
0.0
-0.0
0.0
-0.0
-0.0
-0.0
-0.0
0.0
-0.0
0.0
0.0
-0.0
-0.0
-0.0
0.0
-0.0
0.2307429
-0.0
-0.0
-0.14468922
-0.0
-0.0
0.0
0.0
-0.0
0.0
0.0
0.0
0.0
-0.13545814
-0.0
0.0
0.0
0.0
0.0
0.0
-0.76576763
-0.0
0.0
0.0
-0.0
0.0
-0.0
-0.0
0.0
-0.0
-0.0
-0.0
-0.0
-0.0
-0.0
0.0
0.0
-0.0
0.52015126
0.0
0.0
-0.0
-0.0
-0.0
0.0
0.0
-0.0
0.0
-0.0
0.0
-0.0
0.0
-0.0
0.0
0.0
-0.0
-0.0
-0.0
-0.0
0.0
-0.0
-0.0
-0.0
-0.31377986
0.0
0.0
0.0
-0.29718462
-0.0
-0.0
-0.0
0.0
0.0
0.0
0.0
0.0
0.0
-0.55903035
0.0
-0.0
-0.0
0.0
-0.0
0.0
-0.0
0.0
0.0
-0.0
-0.0
-0.0
0.0
-0.0
0.0
0.0
-0.0
-0.0
-0.0
0.0
-0.0
0.0
0.0
0.0
0.0
0.0
0.0
-0.0
-0.0
0.0
0.0
-0.0
0.0
-0.0
-0.0
-0.0
-0.0
-0.0
0.0
0.0
0.0
-0.0
-0.0
0.0
-0.0
-0.0
0.0
0.0
-0.0
0.0
-0.0
-0.0
-0.0
0.0
0.0
0.0
0.0
0.0
-0.0
0.0
-0.0
-0.0
-0.0
-0.13467023
0.0
0.0
-0.0
-0.0
-0.34880903
-0.0
0.0
0.0
-0.0
-0.0
0.0
-0.0
-0.6217813
0.29837686
-0.0
-0.0
0.0
0.0
0.0
-0.0
-0.0
0.0
-0.0
0.0
0.0
0.0
0.0
0.2438145
-0.0
0.0
0.21280403
0.0
-0.0
0.0
-0.0
-0.0
-0.0
-0.0
-0.0
-0.0
-0.0
0.0
-0.0
0.27702507
-0.0
0.0
-0.0
0.0
0.0
0.0
0.38949853
-0.0
0.0
0.0
0.0
-0.0
0.20815134
0.1298772
0.0
-0.0
0.0
-0.0
0.0
-0.0
-0.0
0.12803413
0.0
-0.0
0.0
-0.0
-0.0
0.0
0.0
-0.0
0.0
-0.0
-0.0
0.0
0.0
-0.0
-0.0
-0.0
0.0
0.0
0.0
-0.0
-0.0
-0.0
-0.0
-0.0
0.0
-0.0
-0.0
0.0
-0.0
0.0
0.0
-0.0
0.0
-0.0
-0.0
0.0
-0.0
0.0
-0.0
-0.0
-0.0
-0.0
0.0
0.0
-0.0
0.0
0.0
-0.0
0.0
-0.0
-0.0
0.0
0.0
-0.0
0.0
0.116472244
0.0
0.0
-0.0
0.0
0.0
-0.0
-0.0
0.0
0.0
0.0
-0.0
-0.0
-0.0
-0.0
-0.0
0.0
-0.103676565
0.0
-0.0
-0.0
0.1537429
0.0
0.0
-0.0
0.0
-0.0
-0.0
0.0
0.22608487
0.0
-0.0
0.0
-0.19320938
-0.0
0.0
0.0
-0.0
-0.0
-0.0
-0.0
-0.0
-0.12575702
-0.0
0.0
0.0
0.24147291
0.0
-0.17548488
-0.0
0.0
-0.0
0.0
0.0
-0.0
-0.0
0.0
0.0
-0.0
-0.0
-0.0
-0.0
-0.21471143
0.0
-0.0
-0.0
-0.0
0.0
-0.0
-0.0
0.0
0.12974426
0.0
-0.0
0.0
0.18057932
-0.0
-0.0
0.0
-0.0
0.0
-0.0
0.0
0.0
-0.0
0.18523216
0.0
0.0
0.0
-0.0
-0.0
0.0
0.0
0.0
0.0
-0.0
0.0
0.0
-0.0
0.0
-0.20287982
0.0
-0.0
0.0
-0.0
-0.0
0.0
-0.0
0.0
-0.0
0.0
0.37750435
0.0
-0.0
0.0
-0.0
-0.0
-0.0
0.0
-0.0
-0.0
-0.0
0.0
0.0
0.0
0.0
0.0
-0.0
0.3286399
-0.0
0.0
-0.0
-0.0
0.15462644
0.21567193
-0.0
0.0
-0.19516006
-0.0
0.0
-0.0
-0.0
-0.0
0.0
-0.0
0.0
-0.36373878
0.0
0.083784096
0.0
0.0
-0.0
-0.0
-0.0
0.0
-0.0
-0.0
0.0
0.0
-0.35751882
0.0
0.0
0.08496821
-0.0
-0.0
-0.0
0.0
-0.0
0.0
-0.0
0.0
-0.0
0.0
0.0
0.0
0.0
-0.0
0.0
0.0
0.0
-0.0
0.0
-0.0
0.0
0.35863847
0.0
0.0
0.0
0.0
-0.0
-0.0
-0.0
-0.0
0.0
0.0
-0.0
0.0
-0.0
0.14734389
-0.0
0.0
0.0
-0.0
0.0
0.0
-0.0
0.0
-0.0
-0.0
-0.0
-0.0
0.0
-0.0
0.0
-0.0
0.0
-0.0
0.0
0.0
0.0
-0.0
0.0
-0.0
-0.0
-0.0
-0.0
-0.0
0.0
0.0
0.0
0.0
0.0
0.0
0.0
-0.0
0.0
0.0
-0.0
0.0
0.0
0.0
-0.0
0.0
-0.0
0.0
0.0
-0.6147987
0.0
-0.0
-0.0
-0.40893337
-0.0
-0.0
0.0
-0.0
-0.0
0.0
0.0
-0.0
0.0
-0.0
-0.0
-0.0
0.0
0.0
0.0
-0.0
-0.0
0.0
-0.0
0.0
-0.0
-0.0
-0.0
-0.0
-0.0
0.0
0.0
0.0
0.0
0.0
-0.0
0.0
0.0
0.0
-0.0
0.0
-0.15921794
0.0
-0.0
0.0
0.0
0.0
-0.0
-0.0
0.0
-0.0
-0.0
-0.0
0.0
0.0
-0.6380725
0.0
-0.0
0.0
-0.0
0.0
0.0
0.0
-0.0
-0.0
-0.0
0.0
-0.0
-0.0
0.0
0.0
0.0
0.0
0.0
-0.0
0.0
0.0
-0.0
-0.0
0.0
-0.0
-0.686362
-0.0
0.0
0.8307468
0.0
0.0
0.0
-0.0
0.0
0.0
-0.0
0.0
-0.0
-0.0
0.0
-0.0
-0.14121008
0.0
0.0
0.0
-0.0
-0.0
-0.0
-0.0
0.0
-0.0
0.0
0.0
-0.0
-0.0
0.0
0.0
0.0
-0.0
-0.17586607
-0.0
0.1652501
-0.0
-0.0
0.0
-0.0
0.0
-0.3126906
-0.0
0.0
-0.0
-0.0
-0.0
-0.0
-0.0
0.0
0.0
0.0
0.0
0.0
-0.0
0.0
-0.0
-0.31886154
0.0
-0.0
0.0
-0.23653461
-0.0
0.0
0.0
0.0
0.0
-0.6084939
0.0
-0.0
0.0
0.28937337
0.0
-0.0
0.0
0.0
-0.2083518
0.0
-0.0
0.0
0.0
0.0
0.0
-0.0
0.0
0.0
-0.31475863
0.0
-0.0
-0.0
-0.0
0.0
0.0
0.21028516
0.0
0.0
0.26492447
-0.0
0.0
0.0
0.0
-0.1521753
0.0
-0.0
-0.0
0.0
-0.0
0.0
0.0
0.0
0.0
-0.0
0.0
0.6536548
-0.0
-0.0
-0.0
0.0
0.2942768
0.0
0.0
-0.0
-0.0
0.0
-0.0
-0.0
0.53997964
0.18537112
0.0
-0.0
0.31189165
-0.0
0.0
-0.0
-0.0
-0.0
0.0
0.0
0.0
0.0
-0.0
0.0
-0.0
-0.0
0.0
0.0
0.0
0.0
-0.0
-0.0
0.8641736
-0.0
-0.0
0.0
0.0
0.19447745
0.0
0.26742905
-0.0
0.12457255
-0.0
0.0
0.0
-0.0
-0.0
-0.0
-0.0
0.0
0.0
-0.0
-0.0
0.0
-0.0
0.0
-0.0
0.0
0.0
-0.0
0.0
0.0
-0.0
-0.0
0.0
0.0
-0.0
-0.0
-0.0
-0.0
-0.0
0.0
0.0
-0.0
0.0
-0.0
-0.0
-0.0
-0.0
0.23621576
0.0
-0.0
0.0
-0.0
0.0
0.28200775
0.0
0.0
-0.0
0.0
0.0
0.0
0.0
0.0
-0.0
-0.0
0.0
0.0
0.0
0.0
0.0
0.0
0.0
0.0
-0.7012971
-0.0
-0.0
0.6031875
-0.0
0.0
0.0
-0.0
0.0
0.0
-0.0
0.0
-0.0
0.0
0.0
-0.0
0.0
-0.0
-0.0
0.0
0.0
0.0
-0.0
0.0
0.0
-0.0
-0.0
0.0
-0.0
-0.35072318
-0.22419055
-0.0
0.0
-0.0
0.0
0.0
-0.0
-0.20648159
-0.22750723
-0.0
-0.0
-0.0
0.0
0.0
-0.2517047
0.0
-0.0
-0.0
-0.0
-0.0
0.0
0.0
0.0
0.0
-0.5202715
0.0
0.0
-0.0
0.0
0.0
0.0
-0.0
0.0
0.0
-0.0
-0.0
-0.0
-0.0
0.0
0.0
-0.0
0.0
-0.0
0.0
0.0
-0.0
0.0
0.0
-0.2834048
-0.0
-0.0
0.0
-0.0
0.0
0.0
0.0
0.0
-0.0
0.0
0.0
0.0
-0.0
0.0
0.0
-0.0
0.0
-0.0
0.23775868
-0.0
-0.0
-0.0
-0.0
-0.0
0.0
0.0
0.0
0.14549458
-0.0
-0.0
0.0
0.0
0.0
-0.0
0.0
-0.0
-0.0
0.0
-0.0
0.0
0.34130645
0.0
0.0
-0.0
0.0
-0.0
-0.0
0.0
-0.34358072
-0.0
0.0
-0.0
-0.0
0.0
0.42598096
0.0
-0.0
-0.0
0.0
-0.290249
0.0
0.0
-0.0
-0.0
-0.0
-0.0
0.0
0.17103086
-0.0
0.0
-0.0
-0.0
-0.0
-0.0
-0.0
0.2660634
0.0
0.0
-0.0
0.0
0.2686958
0.16246472
0.0
0.16688143
-0.16865873
-0.0
0.25175545
-0.0
0.0
-0.0
-0.16757049
-0.0
-0.0
0.0
-0.090535596
0.0
-0.0
0.0
-0.0
0.0
-0.0
-0.0
-0.0
0.0
-0.0
-0.11392048
-0.0
-0.0
-0.0
-0.0
0.0
0.0
-0.0
-0.0
0.0
-0.0
-0.0
0.0
-0.2771959
-0.0
-0.0
0.0
-0.0
-0.35156053
0.0
-0.0
-0.20094408
0.0
-0.0
-0.0
-0.0
-0.0
0.0
0.0
-0.0
-0.1173668
-0.0
0.44359076
0.0
-0.0
0.4491493
-0.0
0.0
-0.5729927
0.14386009
0.0
0.0
-0.0
-0.0
-0.0
0.0
0.32679176
-0.0
0.0
-0.0
-0.0
-0.0
-0.0
-0.0
0.0
0.0
0.0
-0.0
-0.0
0.118336864
-0.0
-0.0
-0.0
0.0
0.0
0.0
-0.0
-0.0
0.0
0.0
0.37522158
-0.0
-0.0
0.0
0.13783878
-0.0
0.0
0.0
-0.0
0.43305978
0.0
0.0
-0.0
0.0
-0.2832353
0.0
0.0
-0.2249294
-0.0
0.0
0.0
0.0
0.0
0.0
0.0
-0.0
0.0
0.0
-0.0
0.0
-0.0
0.0
-0.0
-0.0
0.0
0.0
0.0
-0.0
-0.0
-0.0
0.0
0.0
0.0
-0.0
0.0
0.0
-0.0
-0.0
-0.0
-0.0
0.0
-0.0
-0.0
-0.0
-0.0
-0.0
0.0
-0.0
-0.0
-0.0
0.0
-0.13937496
-0.0
0.0
0.0
-0.0
0.0
-0.0
-0.0
-0.0
0.0
-0.0
0.0
-0.0
-0.0
-0.0
-0.1497487
0.0
0.0
-0.0
0.0
0.0
0.0
-0.0
0.27923468
0.0
-0.0
0.0
0.0
-0.0
-0.0
-0.0
0.0
-0.0
0.0
0.0
-0.0
-0.0
-0.2119604
0.0
-0.0
-0.0
0.0
0.0
-0.0
-0.0
-0.0
-0.0
0.0
0.0
0.24388723
-0.0
0.0
-0.0
0.0
0.0
-0.0
0.0
-0.0
0.0
0.21279465
0.0
-0.0
0.0
0.0
0.0
0.0
0.0
-0.0
-0.0
0.0
0.0
-0.0
-0.0
-0.0
0.0
0.20024039
0.0
0.0
0.14424354
-0.0
0.0
0.0
-0.0
-0.0
0.0
-0.0
-0.0
0.0
0.0
0.0
-0.0
0.0
0.0
0.0
0.0
0.0
-0.0
-0.0
-0.0
0.0
0.0
0.0
-0.0
-0.0
-0.0
0.0
0.0
0.0
0.0
-0.0633268
0.0
0.0
0.0
0.0
-0.0
0.0
0.21142954
0.0
0.0
-0.0
-0.0
0.0
0.0
-0.0
-0.0901564
0.0
0.0
0.0
-0.0
0.0
0.0
0.0
0.0
-0.0
-0.072102144
0.0
-0.0
0.0
-0.0
0.0
0.0
-0.104497015
0.0
-0.0
0.0
-0.0
-0.0
0.0
-0.0
-0.0
0.0
-0.0
-0.0
-0.0
-0.0
-0.0
-0.28025386
-0.0
-0.0
0.0
0.0
0.0
-0.33022735
0.0
-0.0
-0.0
0.0
-0.0
0.0
0.0
0.0
0.0
0.0
-0.0
-0.0
0.17859401
0.0
-0.0
0.0
0.0
-0.0
0.0
0.0
0.0
-0.31722525
0.0
-0.0
-0.0
-0.0
-0.0
-0.0
0.0
-0.0
-0.0
0.0
-0.0
-0.0
-0.0
-0.0
0.0
0.0
-0.21378165
0.0
-0.0
-0.0
0.0
0.0
-0.19704428
-0.0
0.0
-0.0
0.0
-0.0
0.0
-0.0
0.0
-0.0
-0.0
0.0
-0.0
-0.0
-0.0
0.0
0.20102586
-0.0
0.0
0.0
-0.3318278
-0.0
0.35264006
0.0
-0.0
-0.0
0.0
-0.0
-0.0
-0.0
0.0
-0.0
-0.0
-0.0
0.0
0.0
0.0
-0.0
0.0
-0.0
-0.0
-0.19744174
0.0
-0.0
0.0
-0.0
-0.0
-0.0
0.0
-0.0
0.0
0.0
-0.0
0.0
-0.0
-0.19043304
-0.0
-0.3589579
0.0
0.0
-0.0
0.0
-0.0
0.0
0.19924772
0.32711604
-0.0
0.2515996
0.0
0.0
-0.0
-0.0
0.0
0.0
0.0
-0.0
0.0
-0.0
-0.0
-0.0
-0.0
-0.14352608
-0.0
-0.0
-0.0
0.0
-0.0
0.0
0.56351537
-0.0
-0.0
0.37742218
0.0
-0.0
0.0
0.0
-0.0
0.0
0.0
-0.0
0.2382354
0.0
-0.0
0.0
-0.0
0.0
0.0
-0.25409618
0.0
0.0
0.3083509
-0.0
0.0
-0.0
-0.0
-0.0
-0.0
-0.0
0.0
-0.0
-0.18291678
0.0
0.0
-0.30411196
-0.0
-0.0
0.0
-0.0
0.0
-0.0
0.0
-0.036166474
-0.0
-0.0
0.0
0.0
0.0
-0.16599579
0.0
-0.0
-0.07082173
-0.0
-0.084346026
0.06426976
-0.0
0.0
0.13110131
-0.0
-0.0
0.11776473
0.0
0.0
-0.0
0.22018835
0.0
-0.0
-0.0
-0.122647695
-0.0
-0.0
-0.0
0.0
0.0
-0.0900845
0.10286638
0.0
-0.0
0.0
-0.0
-0.0
0.0
0.0
0.0
0.0
-0.13652883
-0.0
-0.0
0.0
-0.0
-0.0
-0.135675
-0.0
0.04851772
-0.0
-0.12043214
0.10982862
0.0
0.0
-0.11957665
-0.0
0.0
-0.11682824
-0.0
0.0
-0.0
0.0
0.0
0.0
-0.0
0.0
0.0
-0.0
0.0
0.0
-0.0
-0.0
0.0
-0.0
0.0
0.0
0.0
0.0
0.0
-0.0
-0.06477215
-0.0
-0.0
-0.080331124
-0.0
0.0
-0.0
-0.17314205
0.0
0.0
0.0
-0.14056881
0.0
-0.0
-0.0
-0.0
-0.0
-0.0
0.0
0.0
0.0
-0.0
0.0
0.0
0.0
-0.0
-0.0
-0.0
-0.0
-0.0
0.0
0.0
0.0
-0.0
0.0
-0.0
-0.0
-0.0
-0.0
0.36239573
-0.0
-0.0
-0.0
0.0
0.0
-0.2700273
-0.16107582
-0.0
-0.0
0.0
-0.0
-0.0
0.0
-0.0
0.0
0.0
0.0
-0.0
0.0
0.0
0.0
0.0
0.0
0.0
-0.0
-0.0
-0.0
0.0
0.0
0.0
-0.0
-0.0
-0.0
-0.0
0.0
0.0
-0.0
0.0
0.0
0.0
0.0
-0.0
-0.0
0.38310665
0.0
0.0
-0.0
0.0
0.0
-0.0
-0.0
0.0
0.0
0.0
-0.0
-0.0
-0.27155182
0.0
0.0
-0.0
-0.0
-0.0
-0.0
0.0
-0.0
0.0
-0.0
-0.0
0.0
-0.0
0.0
-0.0
-0.0
0.0
0.0
0.0
-0.0
-0.0
-0.0
-0.0
-0.0
0.0
-0.0
-0.0
-0.0
0.0
0.0
0.0
0.0
0.0
-0.0
0.0
-0.0
-0.0
-0.0
-0.0
0.0
0.0
-0.0
0.0
0.0
-0.0
0.0
-0.0
-0.0
0.0
-0.0
0.0
0.0
-0.0
-0.0
0.0
-0.0
0.4975649
-0.0
0.0
0.0
0.0
0.0
-0.0
0.0
0.0
-0.0
-0.0
-0.0
0.0
-0.0
-0.14802125
-0.0
-0.0
0.0
0.0
-0.0
-0.0
-0.0
0.0
0.0
0.0
0.0
0.0
-0.0
-0.0
0.0
0.08644581
0.0
0.0
0.0
-0.17864135
-0.0
0.0
-0.0
0.0
-0.0
-0.0
0.0
-0.0
-0.0
0.0
0.0
0.0
-0.0
0.0
-0.4157193
-0.0
-0.0
-0.0
0.0
0.0
0.0
0.33596697
0.0
0.0
0.0
-0.0
0.0
0.0
-0.0
-0.0
-0.0
-0.0
-0.0
-0.0
-0.0
0.0
0.0
-0.0
-0.0
0.0
0.0
0.0
-0.0
0.0
0.0
-0.0
-0.0
-0.0
0.0
-0.0
-0.0
-0.0
0.0
0.0
-0.0
0.0
0.0
0.0
-0.0
0.0
0.0
-0.0
-0.0
-0.0
0.0
-0.0
0.0
0.0
-0.0
0.0
0.0
0.0
-0.31228134
0.0
-0.0
0.0
0.0
-0.0
-0.0
-0.0
0.0
0.0
-0.0
0.0
-0.0
0.0
0.0
-0.0
0.0
0.0
0.0
0.0
-0.0
-0.0
0.0
0.0
-0.32876113
-0.0
0.0
-0.0
0.0
-0.0
0.0
0.0
0.0
-0.0
0.32764125
-0.0
-0.0
0.0
-0.0
0.0
-0.0
-0.0
-0.0
-0.0
0.0
0.0
0.0
-0.0
-0.0
-0.0
-0.023680933
-0.0
-0.0
0.0
-0.0
0.0
-0.0
0.0
0.0
-0.0
0.0
0.0
-0.016227962
0.0
-0.0
0.0
-0.0
0.0
-0.0
0.0
0.0
-0.03763386
0.0
0.030470619
0.049947016
0.0
-0.0
-0.0
-0.0
-0.0
-0.0
-0.0
0.0
0.033416584
-0.019975096
0.0
-0.0
-0.022991026
-0.0
0.0
0.0
-0.0
-0.0
0.0
0.03500997
-0.0
-0.04719198
-0.04742069
-0.0
0.0
0.0
0.033892184
-0.0
0.0
0.031963464
-0.0
-0.02507477
-0.0
-0.025725149
0.0
0.0
-0.050664082
-0.0
0.0
0.043398365
0.0
-0.052244525
0.0
0.07061593
0.0
0.023866504
-0.0
-0.0
-0.0
0.0
-0.0
-0.0
-0.036074795
-0.0
0.03366886
-0.03914345
-0.0
-0.0
-0.0
0.0
0.0
-0.0
0.13563448
0.0
-0.0
-0.0
-0.0
0.0
0.0
0.0
-0.0
-0.0
0.0
0.0
-0.0
-0.0
-0.0
0.0
0.0
-0.0
0.0
0.0
-0.0
0.0
0.06281728
0.0
0.12048474
-0.0
-0.10478459
0.0
0.0
0.0
-0.0
-0.0
0.116373874
0.0
0.0
0.0
-0.0
-0.0
-0.0
-0.06360817
-0.0
-0.0
-0.0
-0.09456615
-0.0
-0.0
-0.11815711
0.0
-0.0
0.1662786
0.0
-0.0
-0.0
0.2149427
0.0
0.0
0.0
-0.15614451
-0.0
0.0
0.23692137
0.0
-0.0
0.0
-0.0
-0.0
-0.0
-0.0
0.0
0.0
-0.21932493
0.0
-0.0
0.0
-0.0
-0.11430535
0.0
0.0
0.0
-0.0
-0.0
0.0
-0.0
-0.0
-0.0
0.0
0.0
0.0
-0.0
0.0
-0.0
0.0
-0.0
-0.0
0.0
0.08890742
-0.0
0.0
0.0
-0.0
-0.0
-0.0
-0.0
-0.0
0.0
-0.0
-0.0
-0.0
0.0
0.0
-0.0
-0.0
-0.0
0.0
-0.0
-0.0
0.0
0.0
-0.0
0.0
0.31451166
0.0
-0.0
0.0
0.0
0.0
0.0
-0.0
0.0
0.0
-0.0
0.0
-0.0
0.0
-0.0
0.0
0.0
0.0
-0.0
-0.0
-0.0
0.0
0.0
0.0
0.0
-0.36044592
0.0
0.0
-0.0
-0.35984802
-0.0
-0.0
-0.0
0.0
0.0
0.0
-0.27875686
-0.0
0.0
0.0
0.0
-0.0
0.0
0.0
-0.0
-0.0
-0.0
-0.0
-0.0
-0.0
0.0
0.27674294
-0.0
-0.0
0.0
0.0
0.0
0.0
0.0
0.28582984
-0.0
0.0
0.0
-0.0
-0.0
0.0
-0.0
-0.0
-0.0
-0.0
-0.0
-0.0
-0.0
-0.0
0.0
-0.0
0.0
-0.0
0.0
-0.0
-0.0
-0.0
0.0
0.0
0.0
-0.0
0.0
-0.0
-0.0
-0.0
-0.0
0.0
0.0
0.0
-0.0
-0.0
0.11413534
-0.0
-0.13259302
0.0
0.0
-0.0
-0.0
0.0
0.0
0.15600652
0.20305736
-0.0
-0.0
-0.0
0.0
-0.15288764
-0.0
0.0
0.0
-0.0
0.0
-0.0
0.0
0.0
-0.0
-0.0
-0.0
-0.0
-0.0
0.0
-0.0
-0.0
0.0
0.0
-0.0
0.0
0.11164228
-0.0
0.0
0.09336477
-0.0
-0.0
-0.0
0.0
-0.0
0.0
-0.10352287
-0.0
0.0
-0.0
0.0
-0.0
0.0
0.0
-0.0
-0.0
-0.0
-0.0
-0.0
0.0
0.0
0.0
-0.0
-0.0
0.0
-0.0
-0.0
0.0
-0.0
-0.0
0.0
-0.0
0.0
-0.0
-0.0
-0.0
-0.0
-0.0
0.0
0.0
-0.0
0.0
-0.0
0.0
-0.0
-0.0
0.0
0.0
-0.0
0.0
-0.0
-0.0
0.0
0.0
0.0
-0.0
-0.1937429
0.0
0.1840155
0.0
-0.0
-0.0
-0.0
0.0
-0.0
0.0
-0.0
-0.0
0.0
-0.0
-0.0
0.0
0.0
-0.0
0.0
-0.0
-0.0
-0.0
-0.0
-0.0
0.0
0.22619507
-0.0
0.0
0.0
-0.24649686
-0.0
-0.1714105
0.0
-0.0
-0.0
0.0
0.22952363
-0.0
-0.0
0.0
-0.0
-0.0
0.0
0.0
-0.0
0.0
0.0
-0.0
-0.0
-0.0
0.0
-0.0
-0.0
0.28702548
-0.0
-0.0
-0.0
0.15872948
0.0
-0.0
-0.0
0.0
-0.20044374
0.0
-0.0
-0.1521992
-0.0
-0.0
0.0
-0.0
0.0
0.0
-0.0
0.0
-0.056828644
-0.05857803
0.0
-0.0
-0.0
0.0
-0.0
-0.0
0.0
0.0
0.0
0.0
0.17118561
-0.0
-0.0
0.0
-0.0
-0.0
0.0
0.20678839
-0.0
-0.23669788
0.0
0.0
0.0
0.0
-0.0
-0.0
-0.0
0.0
-0.0
0.0
0.0
0.0
0.0
0.0
0.0
0.0
-0.0
-0.0
-0.0
-0.0
0.0
-0.0
-0.0
0.0
0.09471606
0.0
-0.0
-0.0
0.0
0.0
-0.0
-0.0
-0.0
0.0
-0.16954796
-0.0
0.0
-0.0
0.0
-0.0
-0.0
0.0
-0.0
0.0
0.0
-0.0
-0.0
-0.0
0.0
-0.19011955
0.0
0.09742068
0.0
0.0
0.0
-0.0
-0.4353243
-0.0
0.0
0.0
-0.0
0.0
0.0
-0.0
0.0
-0.0
-0.0
0.0
-0.0
-0.0
-0.0
-0.0
0.10530341
-0.0
0.0
0.0
0.0
-0.22823831
-0.1230323
0.0
-0.0
0.0
0.0
-0.0
0.0
0.0
0.0
0.0
-0.39605376
-0.15798178
0.0
-0.0
-0.0
0.14313751
-0.0
0.0
-0.0
0.0
0.0
-0.0
0.0
0.0
-0.0
0.0
-0.0
0.086569294
0.0
-0.0
0.0
0.0
-0.063869424
0.0
0.0
-0.0
0.0
-0.0
-0.0
0.0
0.0
0.0
-0.0
-0.2325516
0.0
-0.0
0.0
-0.0
-0.0
0.0
-0.0
-0.13508789
0.0
0.0
-0.0
-0.1438391
0.0
-0.0
0.0
-0.0
-0.0
-0.0
-0.10825971
-0.14755128
0.0
-0.0
-0.0
-0.2801074
0.0
0.106971234
0.0
0.0
0.0
0.0
0.0
-0.0
0.0
0.14638504
-0.0
0.0
-0.0
-0.0
-0.0
0.0
0.28203854
-0.0
-0.0
-0.0
-0.0
-0.0
0.17550097
-0.0
0.0
-0.0
-0.0
-0.0
-0.0
-0.0
-0.0
0.0
0.0
0.16277015
0.0
0.0
0.0
0.0
-0.0
-0.0
0.0
-0.0
0.0
0.0
0.0
-0.0
-0.25849995
-0.0
0.21270645
-0.0
-0.0
0.15141195
-0.0
-0.0
-0.10072549
-0.0
-0.0
-0.0
-0.0
-0.0
0.0
-0.16471314
-0.0
0.0
-0.0
0.0
-0.0
-0.0
0.0
0.0
0.0
-0.0
-0.0
-0.0
-0.0
-0.0
-0.0
-0.0
0.0
-0.0
-0.0
-0.0
-0.20194809
0.0
0.0
0.0
0.0
0.0
0.0
-0.0
0.0
-0.0
0.0
-0.0
0.0
-0.0
0.0
-0.0
0.0
-0.0
0.0
-0.0
-0.0
0.0
-0.0
-0.0
-0.0
0.0
0.0
-0.0
0.0
0.0
0.0
-0.0
0.0
-0.0
0.0
0.0
-0.0
-0.0
0.0
-0.0
0.0
0.0
0.0
0.30948642
0.0
0.0
0.0
-0.0
0.0
-0.0
-0.0
0.0
0.0
-0.0
0.0
-0.0
0.0
-0.0
0.3049894
0.0
0.0
0.2823408
-0.0
-0.0
0.41694546
-0.0
-0.0
-0.0
0.0
0.0
-0.0
0.0
0.0
0.0
0.0
0.0
-0.0
0.0
0.0
0.0
0.0
-0.0
0.0
-0.0
-0.0
-0.0
-0.0
0.0
-0.0
0.0
-0.0
0.0
0.0
0.0
0.0
-0.0
0.0
0.0
-0.0
0.0
0.0
-0.0
0.0
-0.0
0.0
-0.0
-0.0
0.0
-0.0
-0.0
-0.0
-0.0
-0.0
-0.0
0.0
0.0
-0.0
-0.0
-0.0
0.0
0.0
-0.0
-0.0
0.0
0.0
-0.0
-0.0
0.0
0.0
-0.0
0.0
-0.0
-0.0
0.0
-0.0
0.0
-0.0
0.0
0.0
-0.0
0.0
0.0
0.0
-0.0
0.65104884
-0.0
-0.0
-0.0
-0.0
0.0
-0.0
0.0
0.0
-0.0
-0.0
0.0
-0.0
-0.0
0.0
0.0
0.0
0.0
0.0
-0.0
0.0
0.0
-0.0
0.0
-0.0
0.0
-0.0
0.0
-0.0
-0.0
-0.0
0.0
0.0
0.0
0.0
-0.0
0.0
0.0
0.0
0.60697526
0.0
-0.0
0.0
-0.0
-0.0
0.0
0.0
-0.0
-0.0
0.0
0.0
0.0
-0.0
-0.0
0.0
-0.0
-0.0
0.0
0.0
0.0
0.0
0.0
-0.0
-0.0
-0.0
0.0
-0.0
0.0
-0.0
0.20192742
0.0
0.0
0.0
-0.0
-0.0
-0.0
0.0
0.0
0.0
0.0
0.0
0.0
-0.0
0.0
-0.0
0.0
-0.0
0.0
0.0
0.1234697
0.0
0.0
0.0
-0.0
-0.0
-0.13733755
0.0
-0.0
-0.0
-0.0
-0.0
-0.33213702
-0.0
-0.0
0.0
0.0
0.0
0.0
-0.0
0.0
0.0
-0.0
0.0
0.0
-0.0
0.0
0.0
0.0
-0.0
-0.0
0.0
0.0
-0.19257207
-0.0
-0.0
0.16463096
0.0
-0.0
0.0
-0.0
0.0
0.0
-0.0
0.0
0.0
0.0
0.0
0.0
0.0
-0.0
-0.0
0.0
0.0
-0.0
0.0
-0.0
-0.0
0.0
-0.0
0.0
0.0
0.0
-0.0
-0.0
-0.15460408
0.0
-0.0
-0.0
-0.0
-0.0
0.0
-0.0
0.0
-0.0
-0.0
-0.0
-0.0
0.0
0.0
0.0
0.0
0.0
-0.0
-0.0
-0.0
0.0
0.0
0.0
-0.0
0.0
-0.0
0.0
0.0
0.0
-0.0
0.0
-0.0
-0.0
-0.0
0.0
0.18892486
0.0
-0.0
0.0
-0.0
0.0
-0.0
-0.0
-0.0
-0.0
0.0
-0.0
0.0
0.0
-0.0
-0.0
0.0
0.0
-0.0
0.0
-0.14075914
0.0
0.0
-0.0
0.0
0.0
-0.0
0.0
-0.0
0.30223122
-0.0
-0.0
0.0
0.0
0.0
-0.0
-0.0
0.0
0.0
0.0
-0.0
0.0
-0.0
-0.20716251
0.0
-0.0
-0.0
0.0
0.0
0.0
0.0
0.23289119
-0.0
-0.0
0.0
-0.27892917
-0.0
-0.0
-0.0
-0.0
0.0
0.0
0.0
-0.0
0.0
-0.0
0.0
0.19723393
-0.0
0.0
-0.0
-0.0
0.354342
-0.0
-0.0
0.0
-0.0
-0.0
0.3563185
-0.0
-0.0
0.0
0.0
0.0
0.0
0.0
0.0
0.0
-0.05636235
0.0
0.0
0.0
-0.06633131
0.07157818
0.0
0.21008365
0.09744273
-0.0
-0.0
0.0
0.0
0.12757574
0.0
0.0
0.0
0.0
-0.0
-0.0
0.19538654
-0.0
0.0
-0.0
-0.0
-0.0
0.0
0.0
-0.0
0.0
-0.0
-0.0
0.0
-0.17178294
-0.0
-0.08908375
0.0
0.0
0.0
0.0
0.0
0.0
0.0
-0.1497466
-0.0
0.0
0.0
-0.0
0.0
0.0
-0.05511275
-0.0
0.21747428
0.0
-0.0
-0.0
-0.0
0.0
0.0
0.0
-0.13565302
-0.09480875
0.0
-0.0
0.0
0.0
-0.0
0.0
0.0
0.0
0.0
-0.0
0.0
0.091125414
-0.0
-0.0
0.0
0.067410044
-0.0
-0.0
-0.0
-0.0
-0.0
0.0
-0.0
-0.0
-0.0
-0.0
0.0
-0.0
-0.0
0.041250587
-0.0
0.0
-0.0
0.0
-0.0
-0.0
-0.0
-0.0
0.0
-0.0
-0.0
0.0
0.0
0.0
-0.41840997
0.0
-0.0
-0.21584444
0.0
0.0
0.0
0.0
-0.0
-0.0
-0.0
0.0
0.0
0.0
-0.0
0.0
0.0
0.0
0.0
-0.0
0.0
0.0
-0.0
-0.0
-0.0
-0.5885966
0.0
-0.0
0.0
0.0
-0.0
0.0
-0.0
-0.0
0.0
-0.0
-0.0
0.0
-0.0
0.3017556
0.0
0.0
0.0
0.0
-0.0
0.0
0.0
-0.0
0.0
-0.0
-0.0
-0.0
-0.0
-0.0
-0.0
0.0
0.0
-0.0
-0.0
-0.0
-0.0
-0.0
-0.0
0.0
0.0
-0.0
0.0
-0.0
-0.0
0.0
-0.0
0.0
0.0
-0.0
-0.0
0.0
-0.0
-0.18242118
-0.0
-0.0
-0.0
0.0
-0.0
-0.0
0.0
0.0
0.0
-0.0
0.0
-0.0
0.0
-0.0
-0.0
0.0
-0.0
0.0
0.0
-0.0
0.0
0.0
0.0
-0.2568528
-0.0
0.0
-0.0
0.0
0.0
0.0
0.0
0.0
-0.2330147
0.0
0.0
0.0
-0.0
0.0
0.37904847
0.0
0.0
0.0
0.0
0.0
-0.0
0.0
-0.0
0.0
-0.0
-0.0
0.0
0.0
-0.0
0.0
-0.0
-0.0
-0.0
0.0
0.0
0.0
-0.0
-0.0
0.0
0.0
-0.0
-0.0
0.0
-0.0
0.0
0.0
0.0
-0.0
0.0
0.0
0.0
-0.0
-0.4417771
0.0
0.0
-0.0
0.0
-0.0
0.0
-0.0
0.0
0.0
-0.0
0.0
-0.0
0.2661827
0.0
-0.0
0.0
-0.0
0.0
0.0
-0.0
0.0
0.0
0.0
0.0
-0.0
0.0
-0.0
-0.0
0.0
-0.0
0.0
0.0
-0.0
-0.23414014
-0.0
0.0
-0.0
-0.0
0.0
-0.0
-0.0
0.0
0.0
-0.0
0.0
0.0
-0.0
0.0
-0.0
0.0
-0.0
-0.0
-0.0
-0.0
0.0
0.0
0.0
-0.0
0.0
0.0
-0.0
0.0
0.0
-0.0
0.0
-0.0
0.0
-0.0
0.0
0.0
-0.6509086
0.0
-0.0
-0.0
-0.0
-0.0
0.0
0.0
0.0
-0.0
0.0
0.0
0.0
0.0
0.1818323
-0.0
0.0
0.0
-0.0
-0.20248212
0.0
-0.0
0.0
0.0
-0.0
0.0
-0.0
0.0
0.0
-0.0
-0.0
0.0
0.0
-0.31681374
0.0
0.0
-0.0
-0.0
0.0
-0.0
0.0
0.0
-0.0
-0.0
-0.0
-0.0
0.0
-0.0
0.0
-0.0
-0.0
0.0
0.0
0.0
-0.0
-0.0
-0.0
0.0
-0.0
0.0
-0.0
0.0
-0.0
0.0
-0.0
0.0
0.0
-0.0
0.0
0.0
0.0
0.0
0.0
0.0
0.0
-0.0
0.08894331
0.0
0.0
0.0
0.0
-0.0
-0.0
0.0
-0.0
-0.0
0.0
-0.0
0.0
0.0
-0.0
0.0
0.0
0.0
0.0
0.0
0.0
0.0
-0.0
0.0
-0.0
-0.0
-0.0
-0.0
0.0
0.0
0.0
0.0
0.0
-0.0
-0.13240641
-0.0
0.0
0.0
-0.0
-0.0
0.0
0.2058805
0.0
-0.0
-0.0
0.0
0.0
0.0
0.0
0.0
-0.0
0.0
-0.0
0.0
0.0
-0.0
0.0
-0.0
-0.0
0.0
0.0
0.0
0.0
0.0
0.0
0.0
-0.31610626
0.0
0.0
0.0
0.0
0.0
-0.0
0.0
0.0
0.16071759
-0.0
0.30264002
-0.0
-0.0
-0.0
-0.0
0.0
-0.0
0.0
0.40946412
-0.0
-0.0
0.0
0.0
0.0
0.0
-0.0
0.0
-0.0
0.0
0.0
-0.0
-0.0
0.0
0.0
0.0
0.0
0.0
-0.0
-0.0
-0.0
0.0
-0.0
0.0
-0.0
-0.0
0.30783895
0.0
0.0
-0.0
-0.0
0.0
-0.0
0.0
0.0
-0.0
-0.0
-0.0
-0.0
-0.0
0.404308
0.0
0.0
-0.0
-0.0
0.0
0.0
0.0
0.0
-0.0
-0.0
0.0
-0.0
-0.0
-0.0
-0.0
0.43868437
0.0
0.48501202
0.0
0.0
-0.0
-0.0
0.0
0.0
0.0
0.5564784
0.0
0.0
0.0
-0.0
0.0
-0.0
-0.0
0.0
0.0
-0.0
-0.0
0.0
0.0
-0.30758202
-0.0
-0.0
0.0
-0.0
-0.0
0.0
-0.0
0.0
0.0
-0.0
0.0
-0.0
-0.0
0.0
0.0
-0.0
0.13540584
0.0
-0.0
-0.0
0.0
0.0
0.0
-0.0
0.28523916
-0.0
-0.0
0.0
-0.058177505
0.19449618
-0.0
0.0
-0.0
-0.0
-0.3093579
-0.0
-0.0
-0.0
0.1724221
-0.0
-0.0
-0.0
-0.0
0.0
-0.0
0.0
-0.0
-0.0
0.0
-0.23148626
-0.0
0.0
-0.0
0.0
0.0
0.0
-0.23894513
0.23818175
-0.105360374
0.0
0.0
-0.0
0.0
0.0
0.0
0.0
-0.0
-0.0
-0.0
-0.0
0.0
-0.0
0.0
-0.0
-0.0
0.0
-0.084866464
-0.0
-0.0
0.0
-0.0
0.22170554
0.0
-0.0
-0.0
-0.0
-0.0
0.0
-0.0
0.0
-0.0
0.0
0.0
-0.0
0.0
-0.0
0.0
-0.0
0.0
0.0
-0.0
-0.0
-0.0
-0.0
0.0
0.0
-0.0
-0.0
0.0
0.0
0.0
-0.0
-0.0
0.0
0.0
-0.0
-0.0
-0.24816726
-0.0
-0.0
-0.0
0.0
0.0
-0.0
-0.15092482
-0.0
-0.0
0.0
-0.0
0.0
0.0
-0.0
0.0
-0.0
-0.0
0.0
0.0
0.0
-0.0
0.0
0.0
0.068707086
-0.0
-0.0
-0.0
0.0
0.0
-0.0
0.16841303
0.0
-0.0
-0.0
0.0
-0.0
0.0
-0.0
0.0
-0.0
0.0
-0.0
-0.0
-0.0
-0.18006341
-0.0
-0.0
-0.0
0.0
-0.0
-0.0
0.0
0.078951046
-0.0
0.0
-0.0
0.0
-0.0
0.0
0.0
0.0
-0.0
-0.0
0.0
-0.0
0.0
0.0
0.0
0.0
-0.0
0.0
-0.0
0.0
0.0
-0.0
-0.0
0.0
0.0
0.20972224
-0.0
0.0
-0.0
0.0
-0.0
-0.0
-0.0
0.0
0.15765579
-0.0
-0.0
-0.0
-0.0
-0.0
-0.1545218
-0.0
0.0
-0.0
-0.0
-0.0
0.0
0.0
-0.0
-0.0
0.362984
0.0
-0.0
-0.0
0.0
-0.0
0.0
0.0
-0.0
-0.0
0.0
0.0
0.0
0.0
0.0
-0.0
0.0
0.0
-0.0
-0.0
-0.0
0.0
-0.0
-0.0
-0.0
-0.0
-0.0
0.6354327
0.0
-0.0
-0.0
-0.41561174
-0.2170075
0.0
-0.0
-0.0
-0.0
-0.0
-0.0
-0.0
-0.0
0.0
-0.0
0.0
-0.18393986
0.0
0.0
-0.0
0.3151045
0.0
0.22395016
0.0
-0.0
-0.0
0.0
0.0
-0.0
-0.30420837
0.0
0.0
-0.0
-0.0
0.0
-0.0
-0.0
-0.0
0.0
-0.36220062
-0.0
0.0
0.0
0.0
-0.0
-0.0
0.15948592
-0.0
0.0
-0.0
-0.0
-0.0
0.0
0.0
-0.0
-0.0
-0.0
0.0
-0.0
-0.0
-0.0
-0.0
-0.0
0.1890646
0.0
0.0
-0.0
0.0
0.0
-0.28060752
-0.0
-0.0
-0.0
-0.0
-0.0
0.0
-0.0
-0.0
-0.0
0.0
0.0
0.0
-0.0
-0.0
0.0
-0.18151325
0.0
-0.0
-0.0
-0.0
0.0
0.0
-0.0
-0.0
-0.0
0.0
-0.0
-0.0
0.0
-0.0
-0.0
-0.0
0.0
0.0
-0.3414093
-0.0
0.0
0.0
-0.0
-0.0
-0.0
-0.0
0.0
0.0
-0.22476684
0.21184577
0.0
-0.0
0.0
-0.0
0.0
0.0
0.0
-0.0
-0.0
-0.17530264
-0.0
0.17653824
-0.0
-0.0
-0.0
0.0
-0.0
-0.0
-0.0
0.0
0.0
0.12815048
0.0
0.0
0.0
-0.07423942
0.0
0.0
-0.0
0.16148908
0.0
-0.0
0.0
0.0
0.0
-0.0
0.0
0.0
0.0
0.0
-0.0
0.0
0.0
-0.2046479
0.0
0.19701405
-0.0
-0.0
0.23402531
-0.17104824
0.0
-0.19520034
0.0
-0.13828276
-0.0
0.0
0.0
0.0
-0.0
0.0
0.0
-0.0
-0.0
-0.0
-0.0
0.070829265
0.0
0.0
-0.0
0.0
-0.0
0.0
0.0
-0.0
-0.0
-0.0
-0.0
0.0
-0.0
-0.0
0.15302992
0.0
0.0
0.0
-0.14352074
0.0
-0.0
-0.0
-0.14085814
-0.0
0.0
0.0
0.0
0.0
-0.0
0.10638731
0.11991833
0.0
0.0
-0.0
0.0
0.0
-0.0
-0.0
-0.0
0.0
-0.0
0.0
-0.0
0.0
0.0
0.0
-0.0
-0.0
0.0
0.0
0.0
0.21677579
0.0
0.0
0.0
-0.0
0.0
-0.0
-0.23297794
0.35631675
0.13761762
-0.0
0.0
0.0
-0.0
0.20166409
-0.0
-0.0
0.0
-0.24568616
-0.0
-0.124500304
-0.0
0.0
-0.0
0.0
-0.19016702
0.0
0.2109725
-0.0
-0.0
0.0
0.0
0.0
-0.0
-0.0
0.0
0.19261487
-0.29823226
0.0
0.0
-0.0
0.0
0.0
0.0
-0.16062759
0.0
-0.0
-0.0
0.0
0.0
-0.0
0.10378202
-0.0
0.0
0.0
-0.0
0.0
-0.0
-0.0
0.45799166
0.0
-0.0
-0.0
-0.0
-0.0
0.0
-0.0
-0.23257454
-0.0
0.0
-0.1350755
0.0
0.0
0.0
-0.0
-0.0
0.0
-0.0
-0.0
-0.10005045
-0.0
-0.0
-0.0
-0.0
0.14883451
-0.0
-0.0
0.0
-0.0
0.0
0.19203524
0.0
0.0
0.0
-0.0
-0.0
0.0
0.0
0.0
0.0
0.0
0.0
0.0
0.0
-0.0
0.0
0.0
-0.0
0.0
-0.0
0.0
-0.0
-0.0
-0.0
0.0
-0.0
0.0
-0.0
-0.0
0.0
-0.0
0.0
0.0
-0.0
0.0
0.0
0.0
0.0
0.0
0.0
-0.0
0.0
-0.0
0.0
0.0
-0.0
-0.0
-0.0
-0.25273013
0.76834345
-0.0
-0.0
0.0
-0.0
-0.0
-0.0
0.0
-0.0
-0.15325846
-0.0
-0.0
-0.0
-0.0
-0.0
-0.0
0.0
-0.0
0.0
0.0
-0.0
0.35016227
-0.0
-0.0
-0.0
0.0
0.0
0.0
0.0
-0.0
-0.0
0.0
-0.0
0.0
-0.0
0.0
0.0
-0.0
0.0
-0.26817548
0.0
-0.0
-0.0
0.0
-0.0
-0.0
-0.0
-0.0
-0.0
-0.43819642
-0.0
0.0
0.0
-0.0
-0.0
-0.0
0.0
0.0
0.0
-0.0
-0.0
-0.0
-0.0
0.0
-0.0
-0.0
-0.0
-0.0
0.0
0.0
-0.0
-0.0
0.0
0.0
-0.0
-0.11112603
-0.0
0.0
0.0
0.0
-0.0
0.0
-0.0
0.0
-0.0
-0.0
-0.0
0.0
0.0
0.0
0.0
0.0
-0.0
0.14531882
0.0
0.0
0.0
-0.13274735
-0.0
-0.0
0.0
-0.0
-0.0
-0.0
-0.11498582
0.0
-0.0
-0.0
0.0
-0.0
0.0
0.13056146
-0.0
0.0
-0.0
-0.0
0.0
-0.0
-0.0
0.0
0.0
-0.0
-0.0
-0.0
0.0
-0.0
-0.0
-0.0
-0.0
0.0
-0.0
-0.0
-0.0
0.0
-0.0
-0.0
0.0
-0.08587375
-0.0
0.0
0.0
-0.0
0.0
-0.0
-0.0
-0.0
0.07521211
-0.0
0.0
0.0
-0.0
0.0
0.0
-0.0
0.0
-0.0
-0.0
-0.0
0.0
-0.0
-0.0
0.0
-0.0
-0.0
0.0
-0.0
0.0
-0.0
0.0
-0.0
-0.0
0.0
0.17356914
-0.0
0.0
-0.0
-0.0
0.0
-0.0
0.0
0.0
0.0
0.2253632
0.0
0.0
0.0
-0.0
0.0
-0.0
-0.0
-0.0
-0.0
0.1607956
-0.0
0.0
0.0
-0.0
-0.0
-0.0
-0.0
0.0
-0.20156553
0.0
-0.0
-0.0
-0.0
0.25140777
-0.0
0.0
-0.35927492
0.0
-0.0
0.0
0.0
-0.0
0.0
-0.0
0.0
-0.0
-0.0
-0.0
0.117237054
-0.0
0.0
-0.0
0.0
-0.0
-0.0
-0.0
0.0
-0.0
0.0
0.0
-0.0
0.39206624
0.0
-0.0
-0.0
-0.15039466
0.0
0.280735
0.23578097
-0.0
0.0
0.0
-0.0
0.0
0.0
-0.0
-0.0
0.0
-0.0
-0.0
-0.0
-0.0
0.0
0.0
0.75398326
0.0
0.0
-0.0
0.0
-0.0
0.0
-0.0
-0.0
-0.39674982
-0.0
0.0
-0.0
-0.0
0.0
0.0
0.0
0.0
0.0
0.0
-0.0
0.0
-0.0
0.0
-0.0
-0.0
-0.0
0.0
-0.0
0.0
0.0
-0.0
-0.0
0.0
0.0
-0.0
0.0
0.0
-0.0
-0.0
0.0
-0.0
-0.0
-0.0
0.0
0.0
-0.0
-0.0
-0.0
0.0
-0.0
-0.0
-0.28848845
-0.0
-0.0
-0.0
-0.0
0.0
0.0
0.0
-0.0
0.0
0.0
0.0
-0.0
-0.0
0.0
0.0
0.0
0.0
0.0
-0.0
0.0
-0.2656376
-0.0
0.0
-0.0
0.2943223
-0.0
0.0
-0.0
0.0
0.0
-0.0
0.04662081
0.0
0.0
-0.0
-0.0
-0.0
0.0
-0.26016596
-0.0
0.0
-0.0
0.0
0.40290797
0.0
-0.19232844
0.0
-0.0
-0.0
-0.10803699
0.13434179
0.1136141
-0.44262636
-0.0
-0.0
-0.0
0.32489085
0.0
0.0
0.13864185
-0.0
0.0
-0.12000964
0.22985289
0.12614088
-0.0
0.0
-0.0
-0.0
0.0
-0.11405259
-0.0
0.0
-0.0
-0.0
0.13158421
-0.0
0.18602116
0.0
-0.0
-0.0
0.19263792
-0.11253581
0.0
-0.0
0.0
0.0
-0.43533346
0.0
0.0
0.0
-0.0
0.0
-0.0
0.0
0.0
-0.0
-0.0
0.0
0.0
-0.0
0.0
0.22055729
-0.0
-0.16093624
-0.0
-0.0
-0.0
-0.0
-0.0
0.0
0.108823836
-0.0
-0.11826475
0.0
0.0
0.0
0.0
0.0
-0.0
0.0
0.0
0.0
0.0
0.0
-0.0
-0.0
-0.0
0.0
-0.0
0.0
0.0
-0.0
0.0
-0.0
0.0
0.0
-0.0
0.0
0.0
-0.32986316
-0.0
-0.0
0.28727797
-0.0
-0.0
-0.0
-0.0
-0.0
0.0
0.0
-0.0
-0.0
0.0
-0.0
0.0
0.0
-0.0
-0.0
0.0
-0.0
0.0
-0.46264312
-0.0
-0.0
-0.0
0.0
0.0
0.0
0.0
-0.0
0.0
-0.0
-0.0
-0.0
-0.0
0.0
0.0
0.0
-0.0
0.0
0.0
-0.0
0.0
0.0
0.0
0.0
0.0
-0.0
-0.0
0.0
-0.0
-0.0
0.0
-0.0
0.0
0.0
0.0
-0.0
0.0
0.0
0.0
-0.0
-0.0
0.0
-0.0
0.0
0.0
-0.0
0.0
0.0
0.0
0.0
-0.0
-0.0
0.0
0.0
-0.0
0.0
0.0
-0.0
-0.0
-0.07368655
-0.0
-0.0
0.0
0.119487844
0.0
0.0
0.0
0.0
-0.0
0.0
0.0
-0.0
-0.0
0.0
-0.0
-0.07059849
0.0
0.0
-0.0
0.0
0.0
-0.0
-0.08670648
0.0
0.07544934
-0.0
-0.0
-0.0
0.0
-0.0
-0.15676536
-0.11193882
-0.1855847
0.0
-0.0
0.0
-0.0
-0.0
0.0
0.0
0.07914221
-0.0
-0.0
-0.0
-0.0
0.0
0.0
0.0
-0.0
0.0
-0.07881363
-0.0
0.0
0.0
0.0
-0.0
0.0
0.0
-0.0
0.0
-0.0
0.0
0.0
0.0
0.0
0.0
-0.0
0.0
0.0
-0.0
0.0
-0.0
-0.0
-0.0
-0.0
-0.0
-0.0
-0.0
-0.0
-0.0
0.0
-0.0
-0.0
0.0
0.0
0.0
-0.0
-0.0
0.0
0.0
0.0
-0.0
0.0
-0.0
0.062064394
-0.28068802
-0.29263097
0.0
0.0
0.0
-0.0
-0.0
-0.0
-0.0
-0.0
0.13725853
0.0
-0.0
-0.0
-0.0
0.0
0.0
0.0
-0.0
0.0853557
-0.0
-0.11453537
0.0
-0.17002083
0.0
0.0
-0.07635839
-0.0
-0.0
0.0
-0.0
-0.0
0.0
-0.0
0.0
-0.0
-0.0
-0.0
-0.0
-0.0
-0.0
0.0
0.0
0.0
-0.0
-0.08038672
-0.0
0.0
0.0
-0.0
0.0
-0.0
0.0
0.0
0.0
-0.18083811
0.0
-0.0
-0.0
0.13133796
-0.0
0.0
0.0
-0.0
-0.0
0.0
0.0
-0.0
0.27132165
-0.0
0.0
-0.0
0.064084135
0.0
-0.0
-0.0
0.0
-0.0
0.0
-0.0
-0.11362819
-0.0
-0.0
-0.0
0.0
-0.0
0.0
-0.0
0.0
-0.06283439
-0.0
-0.0
0.0
-0.0
0.100206494
-0.0
0.0
0.0
-0.049103018
-0.0
-0.0
-0.0
-0.0
-0.0
-0.0
-0.0
0.0
-0.0
0.0
-0.0
-0.0
0.0
-0.0
-0.0
0.0
-0.0
0.0
-0.0
0.0
0.0
0.0
0.0
0.0
-0.07150809
-0.0
-0.0
-0.0
0.0
0.0
0.0
0.021396143
0.05917844
0.0
0.0
0.0
-0.042890646
0.0
0.0
-0.0
-0.0718371
-0.0
-0.0
-0.0
-0.0
0.0
0.0
-0.0
-0.0
-0.0
-0.09791254
-0.0
0.0
0.0
-0.0
0.0644349
-0.0
0.0
-0.0
-0.0
-0.0
0.0
-0.0
-0.0
0.0
-0.0
-0.0
0.0
0.0
-0.0
-0.0
-0.0
-0.0
-0.077147804
-0.094176576
-0.0
0.0
0.0
-0.0
-0.0
-0.0
-0.0
-0.047455046
0.10484268
0.0
-0.0
0.0
-0.06665606
-0.0
-0.0
-0.075711876
0.0
