8.354693
2.79127
-1.0523318
2.1025057
4.7302017
4.6318345
5.787718
1.6326001
2.7532957
2.8186677
3.7179446
2.5459166
1.472589
3.5575542
-2.2944674
3.3075676
3.4626307
3.6974757
3.5711327
3.9344969
4.027369
2.1309803
2.820072
4.867225
0.683056
1.4240012
1.7720206
2.5239062
3.4384818
3.5164175
3.0570266
5.36063
3.6143215
3.5732946
5.9028344
1.9146771
0.6272885
-8.278791
1.2657294
2.203669
1.8554825
8.647299
1.6005087
4.0433645
4.904111
5.886578
0.4365871
0.46808302
4.9348183
2.1904185
5.5555005
2.6398
5.001503
3.0439038
2.1409662
0.25217366
2.6303682
-4.894837
1.474801
5.006401
-2.9309802
-0.33321437
3.8964782
2.1226525
3.2052517
3.155531
-0.46500826
1.5898682
4.113844
4.676999
3.2893686
2.1961596
1.8470559
3.1263719
-1.8787752
1.9401691
1.0734386
0.08024919
-1.2023339
5.4082065
3.0706563
-0.23476467
4.3358564
2.3145313
0.25101644
0.31494856
5.1648254
-2.3188899
7.0067606
0.13603628
1.013602
3.5828133
3.4755788
0.93300104
1.645725
5.5857863
4.6737204
-3.3108902
0.965498
-1.2115622
1.2210628
3.1142378
1.6538464
2.4867249
-0.13100207
2.1959417
2.5921707
2.3111844
0.36746025
4.9833617
-0.45479095
7.1626735
3.369586
5.763977
-0.26318693
1.9166873
-5.134285
-0.094307065
2.1366982
-0.18199432
2.9435854
4.2228985
2.1403027
2.623586
1.2166765
5.802748
-0.7705199
-2.0914981
0.5776794
6.215854
3.1844912
-8.817012
4.154825
4.983422
5.3273764
6.3549705
2.2792997
0.40395063
-3.9523525
1.8418703
2.949215
-2.1987882
0.4743626
2.1842754
1.0709538
2.6868875
12.017194
-10.803504
6.4285946
-9.480085
-0.40424487
3.4225554
-0.12630033
8.261113
-6.03057
5.6152
1.1513495
2.6744342
1.8235457
3.2122622
1.8519349
2.8295221
1.792093
0.16192603
5.759699
5.688889
3.0458717
-0.8089671
-2.151949
3.3508205
0.70623994
0.7812576
5.4469266
4.567308
4.3636074
2.8572502
-7.4314637
1.7600812
4.3061852
-6.924141
7.1737766
4.0658827
-0.8928456
-3.6728096
2.3866823
-0.33871746
1.1386757
1.5237895
4.003317
4.1478457
7.414897
3.848422
