-0.2413376
-0.1738014
-0.3266594
-0.1934846
0.32834724
-0.16064239
-0.35424107
-0.25907892
-0.40238303
0.017432008
-0.04010817
-0.21343994
0.30538708
-3.3824806
2.8532438
0.1955205
-1.3509915
1.4313935
-0.9475898
0.023530373
1.5492544
-0.046082456
-2.8572023
0.38568422
2.1000953
0.10676463
-1.6077698
-0.30608618
0.23009862
-0.33207893
0.004388217
-1.1437352
-0.17778188
-0.41948363
0.005323584
-0.5890966
0.18601507
-1.2041717
-0.30175292
-1.2295468
5.565595
-0.9603095
-0.5058533
-0.5674675
-0.49628708
-0.42625266
-0.24557205
-0.4830319
-0.18057321
-0.011896894
-0.08950502
-0.44355616
-0.16444324
-0.47057223
-0.76481205
0.31629086
0.032056883
-1.0868552
2.5140717
-1.1329764
0.14490207
0.5247578
-1.2423598
-0.07765177
-1.3777171
-0.25326532
-0.1751934
1.1974156
0.6750961
-0.056655314
0.2761089
-0.32021543
-0.047787175
-0.019707983
-0.06651739
-0.32023728
1.3703051
0.096682504
-0.05462966
0.35780326
0.0014588505
-0.11357915
-0.35676607
-0.30262646
-0.76453716
3.8810813
-0.4892731
-0.3484303
0.24846151
-0.2606346
0.014039864
-0.1976569
0.071424566
-0.07192952
-1.4017066
-0.42439428
0.038551737
-0.53769886
0.045628257
-0.17295921
-0.46844578
-0.06965072
-0.51470095
2.5322645
-0.4194758
-0.06644002
-0.31142688
-0.17495148
-0.3254833
-0.50535166
0.65612257
-1.059025
-1.401226
2.4788992
-0.33880186
-1.0869434
1.1642116
-0.576467
0.29700398
-0.5511324
0.106958464
-0.08850266
-0.20205286
-1.1259289
0.31631103
-0.7101974
-0.087449394
-0.1298094
-0.10507698
-0.15676193
1.3014551
0.3079999
-0.2037062
0.8895701
0.12292867
-0.31745306
-0.35881808
0.5647951
0.34111425
-2.1269252
1.3518982
1.071327
-1.7691435
0.1774584
-0.5609102
0.5923091
0.4575265
1.2706435
1.1353512
-0.29946265
-0.124565564
-1.0587193
-1.4801097
0.10556977
-1.3748916
0.55536395
1.8458328
-2.0653784
-2.2806625
1.5215752
2.5603764
0.7086379
0.6864255
-1.2688735
-1.3496834
-0.2404218
4.14437
-1.3285581
-1.0460373
-1.4068744
2.0765162
-0.5721284
0.4184863
-0.15697482
-0.018633345
2.9145758
0.6980425
-0.6080272
0.99381334
-0.65578115
1.0340829
-1.1451542
-0.48326007
-1.478013
-4.136518
2.9157436
-0.03086671
1.1010184
2.6620767
-0.38056237
0.041126385
-0.40750688
-0.63400996
2.630133
-0.54636097
-0.3619335
0.21942656
-0.44817197
0.604208
-1.8739555
0.41761637
-1.7085998
4.247639
-1.5061455
0.35736844
-1.5470264
0.3091422
0.11404399
1.2663646
0.39214006
0.12042345
0.6070758
-0.59217846
-0.21052381
-1.4102589
-0.059785753
0.0819469
-0.25224605
0.015401586
-0.1227727
1.2917335
-0.03183388
-0.015249469
0.11287467
0.12709746
-0.72867614
-0.7029286
0.103305
0.1703668
2.3939369
0.98187613
0.47742647
-0.26356182
-1.1017047
-0.3311943
-0.5696242
0.6609547
-1.7512792
-0.75004816
2.432892
-0.3091507
-1.0409602
1.3697478
-0.17147729
-0.93173194
-0.20975971
0.6438811
3.6725082
1.5570481
0.036156468
-1.0194739
-0.007019204
-0.113042995
-1.2185758
-0.52819437
-0.8464629
5.060678
-0.8499368
-0.53421766
-0.41723
-0.68010724
-0.060788304
-0.101366155
-0.5009495
-0.7828822
2.678831
-0.22452052
-0.93415797
-0.79495806
0.31830516
0.23460531
-1.4705819
0.44438732
-0.9327893
-2.1557057
-1.5120867
0.36266968
4.3101425
0.70026845
-0.43726543
-1.1140918
-0.5572889
-0.74111366
3.0585191
0.11440319
-0.47217733
0.0747336
-0.4624982
-0.0848014
0.10997203
0.10721263
0.08715354
-1.593729
-0.29237592
0.03516981
-0.34255278
-0.18057868
0.30722868
-0.5128625
-0.49362195
-1.0460672
-1.075284
0.5491181
0.09320157
0.92094016
1.1425959
-0.021517059
-0.6591366
0.14783195
-0.9020771
-3.0542254
-0.51910275
0.47973162
-0.6980684
0.02575006
0.051542502
-0.77075076
-0.13908555
-0.5454704
-0.29897073
-0.6347767
-0.38880518
-0.8380346
-0.35474893
-0.09823269
0.010727251
-0.12365598
0.095492944
0.8426737
0.34416208
-0.16693482
0.21165992
-0.018662902
-0.041523226
0.0010663836
-0.022766858
-0.071280524
-0.46965313
-0.184426
0.009154675
-0.3202986
-0.027492631
-0.5820441
0.020866666
-0.64812773
-0.07520356
-0.32106286
-0.13062415
-0.7011645
-0.152864
-0.8565344
0.7373365
2.347657
1.3964376
-1.450902
-0.8287287
-0.78021806
-0.0258353
-0.8979323
-0.84871733
0.4503228
-0.008920502
-0.44917402
2.2060964
0.13626996
-2.4913769
0.7377936
0.15540226
-0.7853235
-0.09374803
0.17334229
-0.2816407
-0.033518743
1.0783955
0.2978358
-0.25375494
0.35062936
-0.018121688
-0.060277447
0.40374196
0.030194998
-0.04799081
0.6963202
0.1730844
-0.25581607
-1.215246
-0.4170081
0.18730345
-0.18714702
-0.064055145
-0.17019114
2.0254235
-0.21477121
-0.06125262
0.027363691
-0.19463572
0.57266027
-0.69971144
-0.009452257
-0.38864592
-1.39074
2.0154712
-1.0573593
-0.11723572
0.8823591
0.26554635
-0.40555924
0.14753632
-0.65261936
1.3168104
-0.40721518
-0.88963914
2.026308
-0.9768806
0.07474298
-0.5928671
0.036459915
0.19872165
-0.5966587
0.059098538
-0.26589963
1.3537695
0.13612595
0.24597566
1.3106716
-0.64405847
-1.2599186
0.59154797
1.7077491
-0.8659196
-1.2897594
0.73660666
-0.11399454
-0.04383719
-0.078410506
-0.0013070188
-0.30646825
-0.10279852
-0.07561576
-0.15374184
-0.19816262
0.3860542
-1.1947232
0.55414224
1.0251484
-3.153156
1.9085099
0.22439495
-1.3885578
1.466033
-1.0385288
-1.3698604
0.25884125
-0.60493124
3.5932243
-0.43793795
0.114617996
-0.6397654
-1.050387
-0.039640095
-0.5391226
-0.10867012
0.26645783
-0.19890918
-0.84052014
0.56566197
1.0562015
-0.09370764
-0.19350682
0.18297744
-0.12792832
0.2503446
-1.237873
-0.0805725
-0.10238738
-0.0700031
-0.17595173
-0.6103335
-0.43401057
-0.67737573
-0.46802863
4.4026785
0.1344946
-0.4959284
-0.26242316
-0.6716718
0.58851326
0.23082757
-0.90461016
-1.4087518
5.3781934
-3.0917988
0.12890002
-4.147055
3.7669268
-1.0034623
0.70795095
0.33076102
0.08030868
-1.6480393
1.8609766
0.5232076
-1.5376234
0.68175423
0.38215297
0.68371207
0.06410019
0.5551095
0.08875804
-0.59496754
0.032001358
-0.72335476
-0.43068117
-0.020084823
0.008229605
0.023134027
-0.030562803
0.9668311
0.29614475
0.03023867
0.21362858
0.03596516
-0.7935466
-0.40876564
0.03976276
-1.1955745
3.04521
0.006160616
0.18846616
0.22710127
-1.2204032
0.03011713
-0.2146413
-0.12044013
-0.2053672
-0.43816206
-0.32900628
-0.022099698
-0.2249307
-0.13118108
-0.07811695
-0.23664175
-0.13617916
-0.6353074
-0.5275727
-0.7860557
-0.32557264
-0.46890527
-0.4847986
-0.30091876
-0.4748241
-0.5086839
-0.47253335
-1.0130591
-0.74559
-0.37324673
-0.4740474
-0.6720618
1.4016184
-0.4871881
-2.5802462
0.17609611
3.0224643
-0.8155689
-2.105738
-0.6927603
2.8163157
-0.19524363
-0.10202985
-0.24790692
0.0029608062
1.796574
0.5742677
-0.49168357
0.5040939
-0.066440545
-0.02847612
-1.6791278
0.59154546
-1.8716229
5.1142807
-1.4760983
0.23435605
-1.4122076
-0.31972256
0.030762944
-0.17663617
0.03344564
-0.17808342
-0.41926706
-0.2991261
-0.029641682
-0.35412207
-0.2454682
0.47487894
-1.5062218
0.47803122
0.38439217
-0.9495778
0.34186456
0.45014334
-1.6722982
0.4099388
-0.56942236
-1.8879285
-0.7670156
0.001363783
-0.20107695
-0.0009870707
0.46229607
2.183113
0.74318016
-0.05473254
-0.09223104
-0.14094469
-0.035697356
-2.1860409
-0.30526364
-0.035760712
-0.48072806
-0.070000105
0.0984942
0.09618046
0.121554956
0.037414793
0.63658965
0.09543281
0.032331735
0.29114288
0.32355228
-0.4544314
-0.044054676
0.44956416
-1.5957181
-0.25505042
1.7202485
-0.70648426
0.0036383306
0.77660215
0.6901893
1.3531412
-0.78381777
-1.1529148
-1.3204174
-0.6883773
-0.8734021
1.8950558
0.649847
0.1876304
1.2411196
-1.366712
0.707665
-0.13579047
-0.83710766
-0.06927563
-1.5857587
1.2985789
-1.0924519
-1.4345345
-0.5333033
-1.2909604
2.865784
-0.059581235
-0.3956833
0.36896983
-0.18452427
-0.3619292
-0.049313042
-0.30430785
-0.18878824
2.1989222
0.22567359
-0.28037283
0.2621661
-0.21400708
-0.1439018
0.07277586
-0.09594543
0.100431465
0.99722254
0.3220457
-0.1269283
0.42445958
0.04533253
0.011914348
-0.12739399
-0.17574708
1.58238
-2.1353831
1.2706594
0.32520604
-0.79899645
0.32383275
0.6488465
-1.0698408
-1.4438244
0.29791304
3.0494
0.5950723
-1.1315668
-1.2788185
0.7752669
0.049453076
-0.120143056
0.041436087
-0.1652059
0.72995985
0.0819669
0.01667278
0.1629445
0.040465184
-0.15371335
-0.6711472
-0.24726076
-0.49289584
0.09654037
-0.5284639
-0.29732785
-0.5095473
-0.52818185
-0.21087927
-0.20543641
-0.23346734
-0.20270999
1.7555416
-0.0661588
-0.2243763
-0.033829782
-0.19133863
-0.08746932
-0.079628
-0.05393916
0.012843452
1.2951294
0.2320177
-0.110594474
0.37075657
0.028547162
-0.09480361
0.2969787
-0.03949124
0.39112112
-2.1612196
-0.2199694
0.08870315
-0.4899196
0.044761498
-0.52628714
-1.5276041
-1.0567572
-1.6293364
0.55742365
0.74249405
-0.67475337
0.8926597
0.3959067
0.088253185
-0.15863751
0.025597418
0.047609154
1.0826726
0.266993
-0.024012085
0.34157413
0.15643753
-0.5042631
-0.50515044
-0.7256406
-0.41104415
3.0260155
-0.036241032
-0.5228978
0.2888013
-0.584466
-1.1869164
0.47336388
0.4273204
-0.92224884
2.9333017
-0.44773793
0.3925582
0.97163707
-1.3547623
-1.1456457
-1.90926
-0.8667853
0.357346
0.73420346
-1.5785602
0.13669862
1.3506473
-0.4116107
-0.009144448
-0.67136556
0.12553984
-0.13173275
-0.6294443
-0.5897793
0.08858021
1.7655517
0.1237293
0.07049477
-0.19968577
0.18160218
-0.5561054
-1.3824055
2.2917361
0.0044899397
-0.55254775
0.32042295
-0.011780968
-0.22239403
0.0877043
-0.28190613
-0.85821545
-0.45730558
0.10253551
-0.3145758
-0.12567541
0.37303954
1.5202783
0.5962441
0.06899251
0.123807125
-0.0882863
-0.3927002
-1.675093
-0.6198259
-0.016952677
-0.20168608
-0.07005591
-0.35296327
-0.049814083
-0.43726423
-0.15149347
-0.4203945
-0.2957898
0.2231291
-0.12975277
0.28096724
-0.07093108
-2.3652937
-0.7065956
0.18319786
-0.55675936
0.24330947
-0.08697054
0.2226948
-0.0760501
0.17445117
-2.9460862
-0.30383003
0.022059139
-0.2714902
-0.05423494
-0.16701192
-0.008848013
0.0011997408
0.17235439
-1.36168
-0.24687131
-0.15054877
-0.33129832
-0.17922188
-0.8594286
-0.49851635
1.2618426
-0.64927834
-0.4273658
1.1778768
1.3889576
1.1243863
-2.3152804
-0.04697267
-0.44948858
-0.13848755
-0.57627606
0.5364472
-0.5330057
-0.1322122
-0.49047276
-0.34694043
-0.071688354
0.022877643
-0.13458401
0.65369487
0.677639
-1.168573
0.049548715
0.16805704
-0.36082774
-0.04327356
-0.61332756
0.29883513
-1.3165257
-0.7756246
2.1673758
-0.55128026
-0.3093174
0.88073653
0.056976188
-1.1397221
-0.343821
-1.2077025
4.036995
-0.54397726
-0.3663509
-0.5354652
-0.6354395
-0.16889173
-0.2910114
-0.26702255
-0.46069846
-0.91995734
-0.42487445
0.4933038
1.5251434
0.76627904
-0.27878398
0.14468484
-0.17433397
0.13375816
1.7600495
0.34450847
-0.3035137
0.67220473
-0.15101402
0.29867116
-0.093652874
-0.39225122
0.9204547
0.031212425
-0.9613663
0.18729177
0.22640309
-0.41875315
-0.0031212938
-0.3303992
0.01300867
-0.372441
2.5491319
-0.29514247
-0.005234508
-0.22900188
-0.032464474
-0.8822371
0.16793025
-0.65633386
0.022090208
2.6484485
0.52146906
-0.6745517
0.455245
-0.6861339
0.09151704
2.274934
0.75048983
-0.16274735
-0.9396031
-0.50969625
-0.22093688
-1.2164726
-0.40049145
-0.22278285
-0.1830303
0.07864574
0.10160078
-2.9642005
-0.24186155
-0.11083693
-0.04948211
-0.13180365
0.5241724
-0.08880058
-0.43452868
1.8140938
-0.012781802
-1.905945
0.8026436
-0.3079959
-0.5970143
0.039507184
-1.0491798
-0.100500725
-1.0426127
3.5817435
-0.54309356
-0.13532783
-0.46575597
-0.21988833
0.13896981
0.93252796
0.65623206
-1.4165696
-0.54801214
1.6174436
0.14702554
-1.9500021
0.19136773
0.0074283564
-0.2749802
-0.076379836
-0.2325371
1.4137583
0.1339456
-0.11463398
0.12879786
-0.10129623
-0.37996423
0.29214442
0.5495532
-0.39924556
-10.713853
-2.050402
0.8609313
-2.1642904
1.9647998
0.022953901
-0.36018795
-0.0644508
-0.31490165
2.049069
0.15271978
-0.018306494
0.034073595
-0.026479712
0.6325612
1.69157
0.72010005
-0.04546944
0.11411616
-0.012361992
-0.60634077
-1.6884583
-0.7763444
0.13947287
0.3727437
-0.0752267
0.36307505
3.0548987
0.60288674
-0.4164206
0.78261083
0.44314647
0.024718784
-0.18468244
0.006389579
-0.12136958
1.3739815
-0.05031325
-0.001394123
0.03977883
0.13164808
-0.03016794
-0.04567842
-0.13838512
0.022835001
1.1291794
0.26040223
-0.112788305
0.42006528
0.055635322
-0.43730792
-0.11379063
1.0282274
0.045323495
-3.1842916
3.6013367
0.624305
-1.7948976
0.87626904
-0.6107033
-0.7170962
-0.58387613
-0.81814617
3.4154444
-0.73303765
-0.62314916
-0.93334556
-0.54494834
-0.15170619
-1.6416204
0.5213692
0.1003587
-2.4567666
2.907129
-0.02925177
-2.3175087
1.5054374
-0.5204118
-0.12254098
0.6298855
-1.8871449
-0.1024136
1.9230088
-0.68254143
-0.09473911
0.87764686
0.08950072
-0.5923085
-0.07870241
-0.7447252
3.068607
-0.17483847
-0.13263842
0.077233195
-0.07798044
0.015892373
-0.24198537
0.061257157
0.00341287
-2.1172636
-0.57022095
-0.019872213
-0.67401165
-0.14293733
-0.2888565
-1.5287746
-0.7362021
-0.37921908
-0.83023083
-0.29701033
0.520824
2.3211522
1.0130607
0.102800906
0.0876399
0.24123532
0.036434587
-2.6242359
-0.7310717
0.1055582
-0.33496267
0.26231334
-0.008814377
-0.026367797
0.011416879
-0.09975914
1.3958051
0.33979455
-0.04783424
0.31894436
7.050781e-05
0.0468845
0.016907962
0.028744362
-0.053909976
1.0237483
0.20655514
-0.046906162
0.2678742
0.0528406
-0.6207325
-1.2876668
0.21577194
-0.82561195
1.3882349
1.6494372
1.0675522
0.3596648
-1.5902015
0.25434533
0.21774204
0.25054362
0.10078357
-1.6681625
-0.09437869
0.3196929
-0.1587203
0.30931646
-0.3451977
0.4629124
-0.35271174
0.43995628
-2.7711868
0.09398688
-0.29801667
-0.011553912
-0.37877333
-0.20916614
-0.04374555
-0.21327613
0.04808668
1.3965034
0.6223592
-0.10775673
0.28094056
-0.19299364
0.25135818
-0.385086
0.1433763
-0.3648525
-3.1971197
-1.1795528
0.3135
-1.0475978
0.042318698
-0.80314714
1.225488
0.78619933
-0.94217235
-0.5038348
-1.1610487
0.4523219
1.5846682
-0.8920933
0.23283792
-0.19879413
0.33567202
0.05375143
-2.8423965
-0.687553
0.14307669
-0.26416272
0.16927014
0.002824785
-0.01501843
-0.22871149
0.2934524
0.75193447
0.36087784
-0.24102932
0.31241462
0.13086614
-2.5206158
-1.1924331
2.385745
-1.4544903
4.026692
2.3912241
2.6618505
1.442325
-5.067716
0.047059193
-0.45746395
-0.08323178
-0.3375843
-0.1869129
-0.40236264
-0.100094885
-0.30377504
-0.30479228
-0.16237484
0.0647563
-0.13724343
0.16261883
0.5731794
0.30986676
-0.13250794
0.26333615
0.04121044
-0.25070086
-0.1065691
-0.28995603
0.04210387
-0.14992209
-0.06728288
-0.34174278
-0.110490076
-0.41133824
0.028859938
0.34798083
-0.35823214
0.52244604
0.7415004
-1.2328234
0.32023382
0.020363616
-0.6106267
0.038218472
-0.008604025
-0.07853755
-0.14582129
-0.43121338
-0.40545297
-0.05865362
-0.075454496
-0.22042368
-0.5841542
-0.0107351765
0.6383537
-1.5992404
-0.16191429
1.7520883
-0.662926
-0.32249627
0.9245757
0.09484555
0.9680023
0.43891084
-1.1699528
-0.414078
1.0856824
0.35849625
-0.8481272
-0.76513386
-0.8982704
1.7672104
0.15854745
1.840905
0.49790394
-2.240019
0.3925222
-2.082048
1.0250207
-0.41735905
-0.7763411
-0.56821877
-0.59105754
-0.09920471
-0.57363385
-0.58101994
-0.53048384
-0.7001848
-0.06489419
-0.34377617
-0.2718273
-0.4235788
0.039733294
-0.2914559
-0.35390013
-0.28236863
-0.3444629
-0.07702402
-0.5049337
-0.2607879
-0.53678983
2.6032197
0.06703112
-0.22224617
0.096732065
-0.23892903
-0.26603505
-0.09904075
-0.3814311
0.120255575
-0.14375691
-0.078506194
-0.42585343
-0.007837075
-0.5249275
-0.22232072
-0.06604559
0.020886073
-0.055850524
1.3230478
0.64055246
-0.039786182
0.55776787
-0.4026736
0.06102492
0.1260619
0.102250904
0.25496584
-1.1143155
-0.06580527
0.030722423
-0.38208142
-0.017322024
0.41876137
-0.17659795
-1.239688
-0.7547014
2.994842
-0.43487874
-1.0443994
-0.29176715
0.6168523
-0.04613079
-0.36703974
-0.13913462
-0.4233053
2.309354
0.03177584
-0.02390148
-0.14702363
-0.0071135033
-0.7347078
0.40848282
0.8189447
-0.9204811
-1.1472948
-1.333939
0.823473
0.6873848
-0.008302876
-0.090178326
-0.29557642
-0.5426843
-0.3563779
-0.018172791
-0.43563816
-0.32767406
-0.5151578
-0.28035226
-0.21611379
-0.7637661
-0.3722052
-0.58788407
3.0111504
-0.016877668
-0.368646
-0.19890366
-0.42705593
0.22917284
-0.26374018
-0.20950355
1.7522931
0.11849186
-1.0602274
0.30477577
-0.3943544
-0.23560797
-0.38753158
-0.44004872
-0.23491131
-0.4549233
3.129074
-0.6833739
-0.40189195
-0.25785503
-0.1930284
0.15897784
0.25426376
0.10021905
0.19599018
0.71407866
0.32743633
-0.28366858
-1.192752
-0.5700989
0.5572154
-1.3666791
0.9859218
-0.96642977
-3.1794908
-1.3164376
0.81213576
-1.1325942
-0.5804596
-0.024845432
-0.9382502
-0.23911391
-0.831831
4.004237
-0.19590442
-0.21636535
-0.28437132
-0.24505945
0.17318538
1.049839
0.6231231
-0.1922136
-2.4273186
-0.7969584
0.15043382
1.3089685
0.64111406
0.40223444
-0.55504405
-0.15837234
2.3506372
-5.3387394
3.0424068
-0.029227914
0.13202998
0.049196452
0.054389443
-1.0480766
0.5047743
1.2165501
-0.92540324
-1.0876701
0.5684016
1.1786579
-0.6050196
0.13878897
-0.15672234
0.07653614
-0.1034857
-1.5239832
-0.5354483
0.088907115
-0.6573401
-0.083947726
0.0021982463
0.2904648
-0.04601877
-0.37854856
-1.0476522
-0.70512146
-0.0004346968
-0.053672586
-0.13815296
0.5751944
-1.0530417
-0.1884372
-0.815072
-1.8539906
1.259368
-0.4200319
1.2452394
1.0747671
0.4498927
-0.18268226
-0.24469128
1.6420554
-0.2507434
-1.4819103
0.7441231
-0.55836016
-0.41676736
-0.0146685215
-0.15756588
-0.06640951
-0.08867277
1.7735271
0.18359783
-0.08256775
0.27209464
-0.07363669
-0.28718317
-0.6062674
-0.46562675
0.4904391
1.8180213
1.2477956
-0.14899015
-0.84611607
-0.49198556
-0.1491972
-1.6574783
1.1800355
0.9023602
-0.9433724
0.6543421
0.3732291
1.0061036
-1.8509943
-0.12837301
0.14304644
-0.08633704
0.04978858
-1.0889043
-0.11136201
0.0062388326
-0.17037332
0.010295062
-0.019687781
0.45949116
0.12924977
-0.8305274
0.24595478
0.994493
-0.59060645
-0.60961574
0.24283873
0.63109297
0.735748
0.4045357
-1.6071981
-0.78333247
-1.8303965
0.4518011
0.24095528
0.882484
-0.0063794595
0.61489177
0.25298402
-0.64437705
-1.8991013
-1.0738052
0.36456296
1.2870067
0.81004184
0.2817028
1.9793509
0.5714283
0.0013527102
0.07171437
-0.08096955
-0.28629747
-1.9930853
-0.49147722
-0.21231632
-0.055033922
-0.2674149
-0.08184304
-0.18092963
-0.12346198
-0.19577828
-0.024322683
-0.17592333
0.009360184
-0.48117834
-0.1665708
-0.17621492
1.9716046
0.21568947
-0.13014866
0.07627228
-0.13537227
0.06526399
0.5011773
0.023792543
-0.854662
-2.1022928
-1.235941
0.6565191
1.7231207
1.194054
-0.33499086
-0.23484261
-0.32045802
-0.33838773
-0.23973173
-0.29631624
-0.080705434
-0.27324018
-0.68420744
0.08869595
-0.99950475
-0.93264323
0.049525503
2.4935431
-0.3746051
-0.7657884
-0.32835507
0.16752271
0.007451899
-0.14286287
-0.1027418
0.13599235
-0.6662644
-0.37916347
-0.176276
-0.47565982
0.092440575
-0.1236274
-0.3706845
-0.019900057
-0.053590607
-0.3343853
-0.3964767
0.053171545
-0.30533907
-0.41738662
-0.46128806
-1.0145664
-0.31745705
-0.61961836
1.9790606
0.32198548
-0.54648787
0.447432
0.50480896
-0.59728664
-0.67536825
0.65158594
-1.8251222
-0.79607916
2.597321
1.9384743
0.46375927
-1.9764415
-0.16518861
0.15090017
-0.08679654
0.17989764
-0.9888378
-0.035060246
-0.1065118
-0.070646256
-0.103314355
-0.4236061
-0.3838719
-0.4706217
-0.35626534
-0.276025
-0.3820629
-0.7101798
-0.28932557
-0.72682196
0.021165749
-0.3160188
-0.07312043
-0.35864165
1.626739
0.05940939
-0.043226104
0.019818546
-0.07461975
0.14100887
0.01391039
-0.24375236
0.15244766
1.0712327
0.90007526
-0.59949434
-0.8727197
-0.46411508
-0.14900853
-0.24067418
-0.4189571
-1.0832434
-1.873825
-1.4489552
0.3601011
2.848336
1.4193202
-0.14435056
0.07670183
-0.21004415
0.033574183
-0.76764935
-0.20344047
0.042262156
-0.5350336
-0.051732272
-0.11041957
-0.33219513
-0.2701494
-0.3940251
3.7989872
0.21470381
-0.14322959
0.3393654
-0.13536157
