6.214179
1.3312907
1.1733856
14.171131
-0.96041036
6.204524
0.93893814
0.41751626
-0.30408657
-3.8976834
8.712709
5.8964734
0.017555118
5.2286115
-1.0022366
1.5229738
-0.06406963
-5.8857365
-0.7014932
-6.6441746
-1.0925912
3.7072
9.805073
-0.16504568
-0.0057098866
-4.1886525
-0.58088607
-7.991607
3.2720232
-0.022997558
-0.4735084
-0.7248035
6.9074764
-0.32178247
18.076109
3.585679
-0.14059132
4.7510085
3.5265849
-0.42270547
-0.15433314
-1.3999978
2.0423117
-0.8625786
0.15214658
-0.8384514
2.520474
-1.3599317
4.566518
0.3735062
0.90545094
3.5355525
6.320588
-0.34916043
-1.6623322
-0.7075304
4.6768804
0.08299196
-0.0028802902
7.269774
4.5490303
3.0377116
-2.4735801
-3.1535947
-0.0678879
6.0020113
3.1678472
0.13715574
9.016628
-2.7349775
0.019181773
2.0712152
1.06611
-0.56411934
-0.085351706
-1.6764817
3.2421997
-2.4815736
0.034315348
18.44885
-0.004580736
-1.2792401
9.95285
-0.03253615
-1.0174857
-0.97826576
-4.4532332
-0.002174139
0.8097654
0.9707234
4.8144855
0.015543371
3.7918012
10.257026
7.6929646
7.2843976
0.6642652
2.6861336
1.4295621
-0.2664693
7.024862
-0.710371
0.44445372
0.21235031
-0.29201317
-3.1738915
-0.43333298
12.888828
-0.21172112
8.316758
-0.9969588
0.15349245
44.675224
1.6334779
-0.43890053
-12.458552
0.4691298
-1.0904485
-2.1743846
0.24196339
1.2528894
-0.20995224
-2.1967056
10.278315
-0.17183739
7.614152
-1.6630956
-0.93431664
-0.80838716
6.7966514
9.744942
-1.6018351
16.61393
1.3764153
8.417926
-0.5176503
-8.979863
3.7085104
-0.10757244
4.513857
0.23382601
4.054249
-0.35299158
-0.02102983
-1.6459444
2.9220994
3.430463
4.9443417
3.5619812
-1.6408737
7.6238937
-0.3307222
-0.72510386
2.7304366
3.5977056
6.990035
0.18625131
-0.26078552
1.0905497
18.385044
-1.9002304
-2.3917758
0.3657624
-0.49768743
8.311575
5.252268
-0.23030478
-0.16762817
-0.40709472
-0.42010772
0.3694768
4.97022
-0.5764691
1.6520376
0.47746608
-0.17299739
3.6294022
0.31996298
-0.14530107
4.6918983
1.2105913
5.496547
3.872717
-0.011285484
0.98576784
5.4849977
2.6931214
1.109333
-0.39898726
0.47152197
5.266103
-4.6048765
